1 13457.0 13457.0 312.41 15963.0 71426.46 297.4 72.02
2 13989.0 13989.0 321.25 16565.0 72333.39 295.5 76.58
3 12874.0 12874.0 286.64 15098.0 62636.83 249.4 61.7
4 13194.0 13194.0 300.0 15602.0 63276.78 275.6 69.69
5 13419.0 13419.0 316.4 15967.0 70113.71 286.0 73.18
6 13753.0 13753.0 323.03 16296.0 69342.66 290.4 75.52
7 13255.0 13255.0 307.03 15615.0 67778.61 274.3 69.62
8 13320.0 13320.0 286.53 15850.0 65418.46 280.6 63.78
9 13571.0 13571.0 312.16 16010.0 70902.83 299.0 71.74
10 13241.0 13241.0 288.98 15678.0 66461.55 251.3 64.09
11 12739.0 12739.0 274.5 15132.0 60470.0 255.0 60.17
12 13125.0 13125.0 312.51 15559.0 68761.57 277.4 73.56
13 12747.0 12747.0 267.42 14997.0 58572.39 256.1 58.92
14 13504.0 13504.0 326.79 16144.0 64448.57 314.6 82.41
15 13177.0 13177.0 279.25 15709.0 62989.83 279.3 60.88
16 12903.0 12903.0 267.95 15256.0 58930.1 240.4 58.57
17 12862.0 12862.0 273.13 15279.0 64236.94 249.3 61.16
18 13288.0 13288.0 293.87 15809.0 63247.99 289.6 66.06
19 13566.0 13566.0 329.27 16164.0 69513.87 314.4 77.86
20 13627.0 13627.0 324.59 16220.0 68472.55 291.5 77.51
21 13041.0 13041.0 300.85 15440.0 65174.01 253.4 69.95
22 13494.0 13494.0 292.87 16086.0 65860.26 292.7 68.94
23 12922.0 12922.0 280.42 15396.0 63870.14 253.7 62.04
24 13588.0 13588.0 306.88 16185.0 62228.46 290.0 71.83
25 13794.0 13794.0 323.59 16380.0 68551.23 308.4 77.92
26 13671.0 13671.0 320.13 16157.0 72021.65 280.3 76.26
27 12846.0 12846.0 263.98 15260.0 58924.72 260.8 57.17
28 13210.0 13210.0 278.73 15643.0 64958.87 269.9 61.67
29 13013.0 13013.0 279.77 15437.0 64689.09 264.4 61.68
30 13166.0 13166.0 274.17 15672.0 65602.34 272.7 63.06
31 13261.0 13261.0 289.19 15658.0 64961.08 247.0 65.97
32 13287.0 13287.0 310.23 15734.0 64343.08 256.0 72.07
33 13327.0 13327.0 310.32 15767.0 67577.86 262.3 72.83
34 13846.0 13846.0 328.35 16398.0 67396.95 302.3 81.06
35 12368.0 12368.0 265.99 14654.0 64983.82 252.5 58.21
36 13428.0 13428.0 293.37 15965.0 64596.62 262.7 69.16
37 13263.0 13263.0 307.14 15652.0 65889.03 274.7 71.41
38 13213.0 13213.0 320.56 15690.0 70450.04 278.1 76.31
39 13746.0 13746.0 326.44 16338.0 72043.88 299.1 84.17
40 13483.0 13483.0 321.31 16021.0 73584.88 295.9 79.02
41 13081.0 13081.0 307.61 15597.0 67726.79 282.7 69.57
42 13482.0 13482.0 313.08 16068.0 69658.76 283.6 75.78
43 13250.0 13250.0 282.43 15813.0 64141.66 276.0 62.81
44 12510.0 12510.0 272.72 14926.0 59720.94 260.0 61.16
45 12826.0 12826.0 269.07 15088.0 60350.19 258.2 61.31
46 13374.0 13374.0 312.01 15976.0 66580.85 308.3 74.51
47 14166.0 14166.0 322.41 16837.0 74355.33 310.0 75.72
48 13655.0 13655.0 329.89 16279.0 73690.91 301.2 85.25
49 13813.0 13813.0 326.9 16435.0 67052.57 290.2 79.19
50 13468.0 13468.0 319.92 16027.0 75693.84 294.1 75.38
51 13665.0 13665.0 327.52 16190.0 70508.19 266.2 79.69
52 13437.0 13437.0 322.37 15968.0 69018.92 274.5 75.91
53 13500.0 13500.0 318.58 16030.0 69150.01 285.3 74.74
54 13350.0 13350.0 301.18 15936.0 63686.54 285.3 68.49
55 13306.0 13306.0 303.7 15726.0 63858.82 276.5 68.85
56 13339.0 13339.0 295.82 15920.0 68327.38 290.5 67.54
57 13389.0 13389.0 297.37 15893.0 63249.67 246.0 64.61
58 13885.0 13885.0 317.87 16544.0 73448.96 290.1 78.33
59 13181.0 13181.0 283.6 15668.0 64758.1 265.8 61.66
60 13273.0 13273.0 298.34 15763.0 67626.48 281.1 67.41
61 13134.0 13134.0 279.83 15565.0 64395.81 257.7 61.04
62 13159.0 13159.0 271.96 15681.0 61898.52 276.0 57.31
63 13458.0 13458.0 316.35 15881.0 69824.21 271.4 73.49
64 12763.0 12763.0 271.78 15132.0 59135.1 238.6 61.48
65 13255.0 13255.0 307.66 15762.0 61253.86 273.1 74.45
66 13936.0 13936.0 322.27 16601.0 76510.15 304.3 75.33
67 13218.0 13218.0 295.09 15662.0 69209.95 262.3 68.07
68 12963.0 12963.0 282.89 15292.0 67423.23 243.9 66.83
69 13256.0 13256.0 301.26 15776.0 68086.64 295.4 68.06
70 13269.0 13269.0 316.35 15773.0 69183.09 274.3 74.99
71 13072.0 13072.0 284.55 15487.0 66456.5 252.3 64.13
72 13383.0 13383.0 317.62 15916.0 68318.76 297.3 75.1
73 13679.0 13679.0 296.73 16348.0 67900.73 298.3 67.45
74 13732.0 13732.0 306.03 16338.0 73163.24 313.4 70.85
75 13204.0 13204.0 298.46 15611.0 62242.07 258.8 68.64
76 13524.0 13524.0 326.52 16125.0 70941.27 283.4 78.93
77 12868.0 12868.0 273.84 15254.0 60462.93 259.7 60.96
78 13706.0 13706.0 326.79 16283.0 70366.68 299.6 82.31
79 13210.0 13210.0 295.93 15674.0 66366.56 262.3 67.68
80 13183.0 13183.0 295.57 15510.0 65196.62 246.4 66.52
81 12686.0 12686.0 271.55 15153.0 60743.62 264.9 60.45
82 13495.0 13495.0 319.29 16039.0 71486.85 286.7 75.41
83 12755.0 12755.0 274.06 15128.0 62087.86 262.6 57.04
84 13278.0 13278.0 300.88 15715.0 67237.33 271.9 66.25
85 12740.0 12740.0 270.83 15035.0 63666.7 269.7 59.52
86 13941.0 13941.0 328.86 16381.0 65964.73 287.7 81.15
87 12671.0 12671.0 272.61 15029.0 66426.7 255.4 58.57
88 13066.0 13066.0 277.54 15557.0 63159.29 257.3 60.11
89 12988.0 12988.0 281.24 15339.0 63226.65 281.5 63.56
90 13594.0 13594.0 296.61 16204.0 65203.41 270.5 66.96
91 13628.0 13628.0 322.38 16189.0 69196.23 276.7 77.43
92 13172.0 13172.0 303.07 15643.0 58749.68 272.5 70.5
93 13288.0 13288.0 285.88 15713.0 63218.13 266.2 61.07
94 13321.0 13321.0 305.79 15871.0 70092.23 286.9 72.25
95 13447.0 13447.0 293.08 16041.0 68007.51 275.1 67.71
96 13069.0 13069.0 267.03 15516.0 59107.59 246.8 59.91
97 12795.0 12795.0 276.47 15212.0 66358.31 277.3 61.03
98 13145.0 13145.0 267.94 15585.0 58651.32 255.6 60.48
99 14453.0 14453.0 267.87 17218.0 76856.92 301.67 71.83
100 12800.0 12800.0 219.95 15216.0 69191.12 278.3 51.81
