1 14005.0 14081.7 244.95 15963.0 71426.46 498.1 73.59
2 14402.0 14551.9 245.97 16565.0 72333.39 498.6 77.14
3 13234.0 13338.8 211.63 15098.0 62636.83 497.5 61.69
4 13617.0 13739.5 224.83 15602.0 63276.78 497.6 68.44
5 13925.0 13993.9 236.41 15967.0 70113.71 498.0 74.24
6 14303.0 14373.1 244.27 16296.0 69342.66 498.8 77.88
7 13778.0 13841.0 229.38 15615.0 67778.6 498.1 70.76
8 13773.0 13880.0 221.4 15850.0 65418.46 498.0 62.33
9 14065.0 14210.9 238.73 16010.0 70902.83 498.4 74.05
10 13583.0 13692.6 219.44 15678.0 66461.55 499.2 66.61
11 13113.0 13202.5 201.54 15132.0 60469.99 498.9 57.96
12 13585.0 13703.5 238.31 15559.0 68761.57 498.7 76.05
13 13167.0 13231.8 207.14 14997.0 58572.39 499.6 60.42
14 14128.0 14217.8 250.84 16144.0 64448.57 499.2 81.64
15 13629.0 13706.9 211.14 15709.0 62989.83 497.7 60.41
16 13239.0 13310.7 204.84 15256.0 58930.1 498.1 61.22
17 13284.0 13383.8 203.65 15279.0 64236.94 497.5 60.66
18 13806.0 13902.9 225.28 15809.0 63247.99 498.6 65.24
19 14161.0 14269.4 247.04 16164.0 69513.87 498.8 77.12
20 14164.0 14258.3 243.69 16220.0 68472.55 498.5 74.09
21 13453.0 13559.4 224.76 15440.0 65174.01 498.6 67.67
22 14015.0 14141.7 225.29 16086.0 65860.26 498.2 69.27
23 13319.0 13429.1 209.03 15396.0 63870.14 499.0 60.7
24 14174.0 14223.7 230.22 16185.0 62228.46 499.0 70.08
25 14330.0 14479.0 248.19 16380.0 68551.23 499.1 78.24
26 14149.0 14234.1 240.52 16157.0 72021.65 498.3 75.59
27 13301.0 13379.7 200.16 15260.0 58924.72 499.1 59.46
28 13694.0 13762.0 212.62 15643.0 64958.87 499.0 62.71
29 13375.0 13506.6 210.5 15437.0 64689.09 498.4 61.09
30 13595.0 13740.1 211.34 15672.0 65602.34 498.0 66.08
31 13570.0 13723.8 220.94 15658.0 64961.08 498.7 66.43
32 13669.0 13795.2 232.76 15734.0 64343.08 498.8 74.18
33 13739.0 13858.3 236.79 15767.0 67577.86 497.6 74.67
34 14321.0 14462.0 248.94 16398.0 67396.95 498.9 80.3
35 12711.0 12848.2 199.93 14654.0 64983.82 497.6 58.01
36 13841.0 13915.0 223.99 15965.0 64596.62 498.5 67.16
37 13628.0 13825.4 232.3 15652.0 65889.03 499.1 71.83
38 13714.0 13812.3 243.17 15690.0 70450.04 499.2 77.04
39 14299.0 14377.9 252.86 16338.0 72043.88 498.2 82.12
40 14053.0 14110.8 242.96 16021.0 73584.88 498.3 79.16
41 13495.0 13637.5 229.88 15597.0 67726.79 499.1 68.75
42 13938.0 14075.9 236.09 16068.0 69658.76 498.3 73.99
43 13715.0 13813.2 213.74 15813.0 64141.67 499.0 63.05
44 12944.0 12978.2 204.08 14926.0 59720.94 499.0 58.7
45 13168.0 13288.4 207.15 15088.0 60350.19 498.7 62.44
46 13971.0 14063.8 239.03 15976.0 66580.85 498.3 74.68
47 14702.0 14870.4 244.43 16837.0 74355.33 497.6 76.16
48 14207.0 14316.9 250.2 16279.0 73690.92 499.0 83.34
49 14347.0 14473.5 250.48 16435.0 67052.57 498.0 81.27
50 14000.0 14103.3 240.41 16027.0 75693.84 498.8 73.65
51 14148.0 14250.9 246.85 16190.0 70508.19 498.8 78.17
52 13866.0 13959.7 244.16 15968.0 69018.92 499.1 74.62
53 13987.0 14099.9 239.51 16030.0 69150.01 499.5 74.05
54 13782.0 13916.8 225.67 15936.0 63686.54 499.4 68.57
55 13716.0 13841.1 233.32 15726.0 63858.82 499.3 71.09
56 13868.0 13962.9 223.53 15920.0 68327.38 498.9 66.78
57 13738.0 13893.7 222.64 15893.0 63249.67 498.0 65.1
58 14400.0 14507.9 243.6 16544.0 73448.96 497.4 78.04
59 13629.0 13687.9 209.67 15668.0 64758.1 498.9 61.34
60 13773.0 13886.5 223.74 15763.0 67626.48 499.2 69.44
61 13477.0 13617.4 213.55 15565.0 64395.81 499.4 63.13
62 13649.0 13740.6 204.08 15681.0 61898.52 498.7 56.62
63 13964.0 14042.6 241.48 15881.0 69824.21 498.6 75.23
64 13017.0 13174.9 208.3 15132.0 59135.1 498.2 61.27
65 13680.0 13835.9 232.71 15762.0 61253.86 499.3 71.22
66 14536.0 14651.2 247.52 16601.0 76510.15 498.9 76.47
67 13689.0 13758.5 229.29 15662.0 69209.95 497.4 72.41
68 13330.0 13433.3 214.0 15292.0 67423.23 498.5 66.58
69 13736.0 13898.9 229.93 15776.0 68086.64 498.3 70.26
70 13686.0 13819.0 246.97 15773.0 69183.09 498.9 81.9
71 13472.0 13523.7 213.48 15487.0 66456.5 498.7 62.94
72 13879.0 13996.4 237.2 15916.0 68318.76 499.1 72.75
73 14223.0 14358.0 225.65 16348.0 67900.73 499.0 67.84
74 14325.0 14392.1 237.35 16338.0 73163.24 499.0 73.01
75 13636.0 13698.8 226.66 15611.0 62242.07 498.7 68.02
76 14067.0 14130.9 243.73 16125.0 70941.27 499.8 78.96
77 13243.0 13346.7 209.66 15254.0 60462.93 496.9 61.93
78 14213.0 14317.7 251.92 16283.0 70366.68 498.1 83.47
79 13677.0 13782.6 225.24 15674.0 66366.56 498.0 70.29
80 13608.0 13658.8 219.53 15510.0 65196.62 499.1 66.17
81 13100.0 13182.2 212.7 15153.0 60743.62 499.4 64.43
82 14014.0 14092.6 245.08 16039.0 71486.85 496.6 77.97
83 13188.0 13255.2 202.8 15128.0 62087.86 498.7 56.16
84 13690.0 13787.1 230.8 15715.0 67237.33 498.5 69.59
85 13124.0 13288.8 207.29 15035.0 63666.7 498.4 60.12
86 14475.0 14555.6 249.94 16381.0 65964.73 498.8 81.59
87 13042.0 13143.9 204.84 15029.0 66426.7 498.6 59.35
88 13440.0 13591.5 211.03 15557.0 63159.29 497.4 60.85
89 13482.0 13549.4 212.09 15339.0 63226.65 499.2 60.3
90 14089.0 14154.8 228.69 16204.0 65203.41 499.1 70.37
91 14094.0 14198.2 243.82 16189.0 69196.23 498.8 77.22
92 13590.0 13736.5 228.85 15643.0 58749.68 498.4 69.92
93 13747.0 13841.1 219.0 15713.0 63218.13 499.0 64.63
94 13787.0 13954.1 236.73 15871.0 70092.23 499.2 73.25
95 13913.0 14023.7 230.34 16041.0 68007.52 498.8 72.08
96 13479.0 13557.5 204.71 15516.0 59107.59 498.8 58.95
97 13239.0 13306.7 215.08 15212.0 66358.31 498.7 62.41
98 13618.0 13686.5 201.97 15585.0 58651.32 499.0 61.31
99 15009.0 15141.67 210.02 17218.0 78454.53 499.22 70.21
100 13243.0 13357.0 174.26 15216.0 69191.12 498.9 53.72
