1 14396.0 14554.9 1806.91 15963.0 71426.46 172.6 73.38
2 14947.0 15028.1 1803.8 16565.0 72333.38 182.0 74.97
3 13518.0 13651.3 1806.61 15098.0 62636.83 204.1 60.5
4 14038.0 14109.3 1804.43 15602.0 63276.78 204.8 70.17
5 14291.0 14383.3 1803.92 15967.0 70113.71 184.2 75.01
6 14735.0 14860.9 1807.33 16296.0 69342.66 172.2 75.9
7 13944.0 14151.0 1806.02 15615.0 67778.61 188.5 70.43
8 14093.0 14211.5 1803.18 15850.0 65418.46 207.4 61.97
9 14451.0 14663.6 1804.89 16010.0 70902.83 183.6 72.88
10 13928.0 14024.8 1805.72 15678.0 66461.55 212.1 65.45
11 13281.0 13355.7 1804.97 15132.0 60470.0 236.7 59.06
12 13893.0 14006.6 1804.78 15559.0 68761.57 191.0 74.2
13 13318.0 13427.8 1804.71 14997.0 58572.39 235.3 57.57
14 14507.0 14651.0 1805.04 16144.0 64448.57 171.2 81.09
15 13902.0 13991.6 1804.6 15709.0 62989.83 219.3 59.82
16 13377.0 13476.7 1806.3 15256.0 58930.1 247.4 63.09
17 13410.0 13530.0 1805.08 15279.0 64236.94 243.3 60.56
18 14096.0 14221.4 1804.77 15809.0 63247.99 195.3 68.43
19 14645.0 14761.4 1804.94 16164.0 69513.87 163.0 76.81
20 14621.0 14740.3 1808.12 16220.0 68472.55 174.0 75.31
21 13678.0 13815.3 1804.68 15440.0 65174.01 205.9 67.61
22 14408.0 14532.3 1805.03 16086.0 65860.26 197.8 67.96
23 13584.0 13694.9 1804.71 15396.0 63870.14 218.4 61.09
24 14483.0 14575.7 1804.78 16185.0 62228.46 192.3 69.33
25 14823.0 14929.7 1807.14 16380.0 68551.23 169.4 77.79
26 14457.0 14642.0 1806.21 16157.0 72021.65 178.9 76.78
27 13438.0 13541.9 1804.98 15260.0 58924.72 232.9 56.4
28 13911.0 14048.3 1804.92 15643.0 64958.87 223.5 59.98
29 13689.0 13756.1 1804.68 15437.0 64689.09 218.1 63.55
30 13783.0 13930.0 1803.91 15672.0 65602.34 225.2 65.3
31 13864.0 13999.1 1806.71 15658.0 64961.08 211.9 66.4
32 13992.0 14149.2 1807.78 15734.0 64343.08 189.2 69.78
33 14149.0 14261.6 1804.3 15767.0 67577.86 184.6 73.01
34 14830.0 14936.0 1809.06 16398.0 67396.95 166.9 76.4
35 12920.0 13029.7 1804.95 14654.0 64983.82 237.0 55.44
36 14133.0 14233.2 1805.37 15965.0 64596.62 207.7 68.0
37 14030.0 14207.7 1804.98 15652.0 65889.03 181.8 70.11
38 14111.0 14211.2 1806.13 15690.0 70450.04 174.1 74.69
39 14659.0 14852.6 1807.72 16338.0 72043.88 169.3 84.01
40 14337.0 14478.4 1804.82 16021.0 73584.88 178.7 77.09
41 13965.0 14052.9 1807.24 15597.0 67726.79 185.8 68.11
42 14321.0 14504.0 1805.51 16068.0 69658.76 182.0 74.83
43 13951.0 14093.3 1803.27 15813.0 64141.67 212.2 62.42
44 13060.0 13186.4 1805.71 14926.0 59720.94 236.2 59.49
45 13312.0 13425.4 1804.32 15088.0 60350.19 238.6 60.35
46 14281.0 14413.1 1807.05 15976.0 66580.85 180.5 74.57
47 15260.0 15353.7 1805.91 16837.0 74355.33 167.5 77.12
48 14700.0 14823.3 1806.88 16279.0 73690.92 168.2 84.12
49 14855.0 14946.0 1805.66 16435.0 67052.57 166.5 80.12
50 14312.0 14523.3 1805.64 16027.0 75693.84 177.0 75.66
51 14605.0 14663.0 1806.21 16190.0 70508.19 172.3 79.19
52 14312.0 14472.7 1805.9 15968.0 69018.92 173.3 75.32
53 14368.0 14528.0 1805.66 16030.0 69150.01 177.9 74.07
54 14173.0 14308.4 1804.37 15936.0 63686.54 196.3 70.4
55 14103.0 14234.1 1803.84 15726.0 63858.82 190.3 71.25
56 14183.0 14259.1 1805.15 15920.0 68327.38 202.0 65.46
57 14019.0 14239.5 1803.69 15893.0 63249.67 193.8 66.22
58 14858.0 14946.2 1806.36 16544.0 73448.96 174.0 76.99
59 13857.0 13937.1 1805.45 15668.0 64758.1 219.4 63.93
60 14118.0 14198.6 1802.59 15763.0 67626.48 198.3 68.02
61 13829.0 13891.6 1803.36 15565.0 64395.81 217.2 60.36
62 13930.0 14001.1 1804.33 15681.0 61898.52 222.3 57.06
63 14344.0 14472.6 1807.08 15881.0 69824.21 176.6 76.44
64 13256.0 13342.0 1802.94 15132.0 59135.1 237.9 63.64
65 13989.0 14097.6 1805.51 15762.0 61253.86 198.1 72.32
66 15022.0 15077.7 1805.39 16601.0 76510.15 174.8 73.86
67 13969.0 14098.1 1805.27 15662.0 69209.96 200.3 70.66
68 13461.0 13586.9 1803.59 15292.0 67423.23 227.4 66.16
69 14105.0 14226.4 1803.13 15776.0 68086.64 193.6 67.35
70 14121.0 14250.3 1804.96 15773.0 69183.09 182.0 77.25
71 13704.0 13798.8 1805.63 15487.0 66456.5 212.2 62.11
72 14260.0 14415.7 1805.75 15916.0 68318.76 183.0 75.1
73 14646.0 14712.1 1804.51 16348.0 67900.73 201.8 66.58
74 14734.0 14848.9 1806.57 16338.0 73163.24 181.7 69.98
75 13992.0 14074.0 1805.08 15611.0 62242.07 194.8 67.21
76 14481.0 14596.3 1806.14 16125.0 70941.27 175.6 79.54
77 13476.0 13543.7 1804.21 15254.0 60462.93 236.1 59.39
78 14693.0 14804.5 1805.28 16283.0 70366.68 166.9 79.73
79 13900.0 14077.3 1805.33 15674.0 66366.56 207.6 67.0
80 13859.0 13919.0 1804.68 15510.0 65196.62 206.3 68.43
81 12818.0 13276.2 1697.44 15153.0 60743.62 269.0 62.07
82 14330.0 14497.1 1805.71 16039.0 71486.85 175.1 77.79
83 13393.0 13453.9 1804.1 15128.0 62087.86 229.7 54.97
84 14015.0 14174.6 1804.06 15715.0 67237.33 188.8 69.16
85 13383.0 13503.1 1804.91 15035.0 63666.7 224.7 61.85
86 14897.0 15013.9 1805.3 16381.0 65964.73 166.7 82.06
87 13233.0 13340.9 1803.31 15029.0 66426.7 229.4 59.89
88 13705.0 13785.3 1802.9 15557.0 63159.29 224.6 60.23
89 13711.0 13830.6 1806.09 15339.0 63226.65 214.1 61.93
90 14269.0 14471.4 1804.27 16204.0 65203.41 195.5 67.75
91 14424.0 14575.6 1804.6 16189.0 69196.23 176.0 77.16
92 13979.0 14065.7 1805.18 15643.0 58749.68 197.2 72.26
93 13937.0 14133.1 1806.91 15713.0 63218.13 209.0 61.9
94 14161.0 14289.1 1804.04 15871.0 70092.23 186.6 70.99
95 14200.0 14346.7 1805.03 16041.0 68007.51 204.8 69.75
96 13551.0 13688.8 1804.49 15516.0 59107.59 248.6 59.84
97 13397.0 13567.2 1804.0 15212.0 66358.31 227.7 61.44
98 13749.0 13898.0 1805.26 15585.0 58651.32 225.8 58.18
99 15404.0 15546.22 1804.64 17218.0 77907.75 189.78 70.76
100 13348.0 13436.3 1802.61 15216.0 69191.12 268.2 53.25
