1 15100.0 15232.6 1820.97 15963.0 71426.46 42.0 72.1
2 15704.0 15803.9 1822.12 16565.0 72333.39 43.1 75.24
3 14262.0 14389.6 1822.08 15098.0 62636.83 47.9 60.43
4 14653.0 14767.5 1820.83 15602.0 63276.78 47.9 67.65
5 15049.0 15161.5 1826.46 15967.0 70113.71 43.2 71.7
6 15419.0 15547.9 1822.37 16296.0 69342.66 39.6 77.31
7 14778.0 14905.5 1823.38 15615.0 67778.61 44.6 70.97
8 14860.0 14966.9 1818.66 15850.0 65418.46 47.6 60.01
9 15220.0 15362.1 1820.89 16010.0 70902.83 42.1 73.04
10 14540.0 14806.8 1818.42 15678.0 66461.55 49.5 63.32
11 14032.0 14170.8 1819.95 15132.0 60470.0 55.1 61.15
12 14565.0 14742.2 1821.43 15559.0 68761.57 45.2 71.32
13 14083.0 14205.2 1815.33 14997.0 58572.39 55.3 58.36
14 15144.0 15352.3 1819.78 16144.0 64448.57 37.9 82.81
15 14757.0 14784.7 1818.81 15709.0 62989.83 51.8 60.46
16 14148.0 14292.1 1817.63 15256.0 58930.1 58.1 58.8
17 14259.0 14329.1 1812.21 15279.0 64236.94 57.1 57.4
18 14889.0 15001.1 1823.52 15809.0 63247.99 45.7 65.19
19 15298.0 15421.3 1826.42 16164.0 69513.87 38.2 76.52
20 15402.0 15498.0 1826.89 16220.0 68472.55 39.7 79.89
21 14526.0 14587.6 1821.74 15440.0 65174.01 48.1 70.7
22 15085.0 15231.1 1816.71 16086.0 65860.26 46.4 71.08
23 14268.0 14393.3 1820.45 15396.0 63870.14 51.2 60.19
24 15267.0 15364.3 1816.88 16185.0 62228.46 44.9 71.86
25 15560.0 15654.4 1822.69 16380.0 68551.23 38.9 80.67
26 15301.0 15403.3 1812.78 16157.0 72021.65 40.3 76.5
27 14250.0 14355.9 1815.6 15260.0 58924.72 55.0 56.56
28 14683.0 14806.9 1813.09 15643.0 64958.87 51.6 62.13
29 14410.0 14560.8 1819.16 15437.0 64689.09 50.1 62.6
30 14544.0 14686.0 1820.9 15672.0 65602.34 52.7 65.72
31 14589.0 14750.7 1821.43 15658.0 64961.08 51.4 65.93
32 14833.0 14896.3 1817.02 15734.0 64343.08 44.2 71.33
33 14951.0 15014.6 1819.96 15767.0 67577.86 42.8 72.92
34 15618.0 15732.2 1827.89 16398.0 67396.95 38.9 79.54
35 13677.0 13750.3 1814.77 14654.0 64983.82 56.2 56.11
36 14918.0 15030.8 1822.17 15965.0 64596.62 46.6 65.65
37 14764.0 14928.3 1818.4 15652.0 65889.03 42.6 71.97
38 14754.0 14923.9 1829.29 15690.0 70450.04 39.3 76.16
39 15484.0 15598.1 1823.94 16338.0 72043.88 40.0 83.49
40 15151.0 15218.6 1823.24 16021.0 73584.88 40.1 78.5
41 14618.0 14712.2 1824.62 15597.0 67726.79 43.9 71.06
42 15132.0 15245.6 1819.66 16068.0 69658.76 41.7 77.77
43 14705.0 14870.2 1820.38 15813.0 64141.66 50.3 61.57
44 13816.0 13953.9 1812.0 14926.0 59720.94 55.3 60.33
45 14132.0 14216.4 1820.77 15088.0 60350.19 55.8 62.66
46 15028.0 15130.4 1823.31 15976.0 66580.85 41.1 78.2
47 16001.0 16139.9 1821.37 16837.0 74355.33 39.5 77.1
48 15394.0 15498.2 1820.7 16279.0 73690.92 39.8 83.75
49 15508.0 15654.8 1821.4 16435.0 67052.57 38.6 80.35
50 15124.0 15200.8 1823.37 16027.0 75693.84 40.6 74.46
51 15386.0 15409.2 1824.44 16190.0 70508.19 38.6 80.19
52 15073.0 15173.5 1822.67 15968.0 69018.92 40.5 78.21
53 15142.0 15240.0 1821.44 16030.0 69150.01 41.6 74.29
54 14927.0 15045.7 1822.36 15936.0 63686.54 44.4 70.57
55 14841.0 14962.1 1818.11 15726.0 63858.82 43.6 69.9
56 14857.0 14939.5 1814.43 15920.0 68327.38 47.2 66.8
57 14903.0 15026.1 1815.54 15893.0 63249.67 46.6 64.42
58 15577.0 15727.6 1817.31 16544.0 73448.96 39.5 80.3
59 14642.0 14751.4 1817.13 15668.0 64758.1 51.0 61.45
60 14755.0 14890.2 1817.68 15763.0 67626.48 46.5 67.77
61 14565.0 14622.6 1812.89 15565.0 64395.81 51.0 61.46
62 14566.0 14757.2 1814.33 15681.0 61898.52 52.1 56.8
63 15096.0 15164.3 1821.63 15881.0 69824.21 40.2 75.07
64 14050.0 14138.3 1814.49 15132.0 59135.1 56.1 62.74
65 14763.0 14850.1 1811.65 15762.0 61253.86 45.7 69.65
66 15639.0 15817.2 1820.86 16601.0 76510.15 40.7 77.98
67 14742.0 14811.5 1825.7 15662.0 69209.95 46.4 68.94
68 14093.0 14353.9 1817.72 15292.0 67423.23 55.1 64.83
69 14819.0 14940.5 1818.18 15776.0 68086.64 45.8 68.03
70 14820.0 14931.8 1817.49 15773.0 69183.09 42.3 78.09
71 14425.0 14591.3 1817.24 15487.0 66456.5 49.6 62.66
72 14957.0 15129.9 1820.45 15916.0 68318.76 42.7 74.71
73 15335.0 15489.0 1813.94 16348.0 67900.73 46.6 67.62
74 15463.0 15531.7 1821.82 16338.0 73163.24 43.6 71.53
75 14727.0 14843.2 1818.55 15611.0 62242.07 45.2 70.41
76 15170.0 15330.9 1819.0 16125.0 70941.27 41.9 79.01
77 14165.0 14325.2 1813.19 15254.0 60462.93 54.7 59.26
78 15382.0 15559.9 1828.09 16283.0 70366.68 39.0 82.88
79 14616.0 14838.8 1823.93 15674.0 66366.56 48.5 67.85
80 14534.0 14717.4 1811.59 15510.0 65196.62 48.3 67.36
81 14005.0 14179.7 1816.36 15153.0 60743.62 57.1 62.37
82 15092.0 15232.5 1811.82 16039.0 71486.85 40.6 75.93
83 14108.0 14222.9 1814.3 15128.0 62087.86 53.0 57.39
84 14828.0 14962.4 1816.95 15715.0 67237.33 44.2 72.31
85 14145.0 14237.6 1820.35 15035.0 63666.69 53.2 62.15
86 15661.0 15765.8 1819.02 16381.0 65964.73 38.3 81.91
87 14058.0 14159.8 1816.41 15029.0 66426.7 54.9 62.25
88 14391.0 14571.6 1818.04 15557.0 63159.29 51.4 59.98
89 14485.0 14604.7 1818.77 15339.0 63226.65 50.8 62.11
90 15191.0 15310.8 1816.99 16204.0 65203.41 45.4 67.57
91 15233.0 15348.0 1818.52 16189.0 69196.23 41.4 79.3
92 14785.0 14831.1 1814.98 15643.0 58749.68 45.0 68.01
93 14809.0 14937.5 1821.42 15713.0 63218.13 49.1 62.19
94 14977.0 15083.9 1813.54 15871.0 70092.23 44.6 71.78
95 15036.0 15130.3 1814.51 16041.0 68007.51 47.2 68.29
96 14360.0 14519.9 1814.2 15516.0 59107.59 58.7 58.31
97 14212.0 14297.8 1814.14 15212.0 66358.31 52.5 61.05
98 14528.0 14677.1 1810.08 15585.0 58651.32 53.2 60.59
99 16042.0 16290.0 1819.54 17218.0 78024.38 44.3 73.24
100 14218.0 14292.56 1813.33 15216.0 68103.54 62.78 54.51
