1 14028.0 14168.7 239.98 15963.0 71426.46 498.4 79.12
2 14482.0 14647.1 232.84 16565.0 72333.38 499.6 76.92
3 13268.0 13387.0 199.21 15098.0 62636.83 498.3 59.36
4 13648.0 13797.5 210.6 15602.0 63276.78 499.2 66.55
5 13930.0 14025.9 223.61 15967.0 70113.71 498.3 73.0
6 14314.0 14417.3 234.58 16296.0 69342.66 498.4 77.26
7 13829.0 13882.7 224.96 15615.0 67778.61 498.2 72.55
8 13794.0 13921.9 211.4 15850.0 65418.46 497.6 63.3
9 14172.0 14287.0 227.09 16010.0 70902.83 499.4 74.33
10 13718.0 13765.3 206.65 15678.0 66461.55 498.1 64.96
11 13121.0 13222.5 195.34 15132.0 60469.99 498.9 61.22
12 13644.0 13754.0 229.77 15559.0 68761.57 499.4 76.7
13 13217.0 13295.4 195.67 14997.0 58572.39 497.9 59.96
14 14142.0 14221.5 239.98 16144.0 64448.57 498.3 81.6
15 13623.0 13781.9 205.19 15709.0 62989.83 499.3 62.37
16 13303.0 13361.5 190.79 15256.0 58930.1 499.2 57.86
17 13317.0 13398.7 201.46 15279.0 64236.94 498.7 66.2
18 13874.0 13961.0 211.3 15809.0 63247.99 497.5 67.21
19 14255.0 14337.5 239.3 16164.0 69513.87 498.9 77.26
20 14179.0 14322.9 238.58 16220.0 68472.55 498.5 77.88
21 13454.0 13557.0 211.92 15440.0 65174.01 498.4 66.12
22 14056.0 14146.9 217.8 16086.0 65860.26 498.8 70.88
23 13391.0 13444.2 203.47 15396.0 63870.14 498.5 63.55
24 14211.0 14298.5 223.58 16185.0 62228.46 498.6 74.29
25 14451.0 14530.1 238.61 16380.0 68551.23 498.6 79.31
26 14175.0 14302.1 237.55 16157.0 72021.65 498.3 77.38
27 13348.0 13422.9 193.87 15260.0 58924.72 498.2 60.15
28 13774.0 13855.5 203.96 15643.0 64958.87 497.9 63.65
29 13463.0 13566.0 203.01 15437.0 64689.09 498.7 63.61
30 13650.0 13766.3 201.32 15672.0 65602.34 499.3 63.74
31 13647.0 13774.3 211.27 15658.0 64961.08 498.6 68.02
32 13708.0 13823.5 221.74 15734.0 64343.08 498.5 73.97
33 13866.0 13957.1 231.41 15767.0 67577.86 498.5 76.34
34 14413.0 14536.4 237.3 16398.0 67396.95 499.2 78.89
35 12816.0 12918.6 191.46 14654.0 64983.82 498.6 56.8
36 13949.0 14009.2 217.47 15965.0 64596.62 498.6 69.53
37 13732.0 13873.6 222.76 15652.0 65889.03 498.6 73.08
38 13821.0 13880.2 231.29 15690.0 70450.04 498.3 76.77
39 14333.0 14417.5 240.34 16338.0 72043.88 498.8 81.77
40 14083.0 14140.8 232.21 16021.0 73584.88 497.7 79.0
41 13579.0 13721.3 222.0 15597.0 67726.79 499.6 71.33
42 14078.0 14120.2 225.01 16068.0 69658.76 498.7 75.1
43 13774.0 13845.4 202.07 15813.0 64141.66 498.8 62.28
44 12969.0 13055.6 194.3 14926.0 59720.94 499.5 59.37
45 13212.0 13328.2 197.35 15088.0 60350.19 498.8 63.16
46 13889.0 14044.3 227.34 15976.0 66580.85 498.2 75.24
47 14815.0 14905.6 233.68 16837.0 74355.33 498.8 75.54
48 14265.0 14352.8 242.45 16279.0 73690.91 499.9 86.02
49 14357.0 14516.0 242.45 16435.0 67052.57 498.7 81.94
50 14020.0 14130.2 231.01 16027.0 75693.84 499.2 75.66
51 14165.0 14300.0 238.19 16190.0 70508.19 498.1 78.91
52 13917.0 14062.2 234.01 15968.0 69018.92 499.7 77.67
53 14017.0 14155.2 233.34 16030.0 69150.01 498.6 76.55
54 13825.0 13949.8 221.67 15936.0 63686.54 498.6 70.11
55 13856.0 13905.2 224.65 15726.0 63858.82 498.5 70.27
56 13779.0 13944.8 214.79 15920.0 68327.38 499.4 68.47
57 13829.0 13951.1 218.12 15893.0 63249.67 497.8 67.41
58 14440.0 14558.5 238.22 16544.0 73448.96 499.0 81.75
59 13701.0 13766.1 205.21 15668.0 64758.1 498.9 62.95
60 13745.0 13881.3 217.83 15763.0 67626.48 498.0 71.02
61 13598.0 13669.7 206.4 15565.0 64395.81 498.1 63.81
62 13673.0 13776.5 198.98 15681.0 61898.52 498.7 58.28
63 13952.0 14055.4 231.71 15881.0 69824.21 499.4 76.88
64 13078.0 13240.4 199.29 15132.0 59135.1 498.8 64.13
65 13754.0 13849.1 222.0 15762.0 61253.86 498.2 72.14
66 14554.0 14688.7 235.03 16601.0 76510.15 499.7 74.92
67 13786.0 13835.0 216.21 15662.0 69209.95 498.8 70.13
68 13333.0 13491.5 206.8 15292.0 67423.23 497.1 68.15
69 13805.0 13933.9 220.12 15776.0 68086.64 498.5 70.26
70 13802.0 13907.9 228.26 15773.0 69183.09 498.1 76.65
71 13518.0 13593.3 204.43 15487.0 66456.5 498.7 63.76
72 13955.0 14057.2 231.17 15916.0 68318.76 497.7 75.73
73 14327.0 14389.8 214.05 16348.0 67900.73 498.7 69.03
74 14337.0 14461.9 223.5 16338.0 73163.24 498.7 72.98
75 13672.0 13727.1 216.48 15611.0 62242.07 498.9 70.21
76 14089.0 14176.2 238.41 16125.0 70941.27 498.8 81.5
77 13294.0 13397.5 197.25 15254.0 60462.93 498.1 60.92
78 14285.0 14375.2 238.43 16283.0 70366.68 498.2 79.91
79 13701.0 13792.3 219.48 15674.0 66366.56 498.6 73.09
80 13641.0 13720.4 211.88 15510.0 65196.62 499.2 65.54
81 13145.0 13262.0 201.07 15153.0 60743.62 498.0 65.49
82 14034.0 14125.4 232.61 16039.0 71486.85 498.0 75.25
83 13188.0 13282.8 198.71 15128.0 62087.86 497.9 59.13
84 13737.0 13826.7 217.05 15715.0 67237.33 498.6 68.38
85 13263.0 13337.7 200.77 15035.0 63666.69 499.1 63.25
86 14501.0 14576.2 241.14 16381.0 65964.73 498.6 83.32
87 13096.0 13201.8 194.95 15029.0 66426.7 498.5 61.14
88 13565.0 13624.1 203.44 15557.0 63159.29 498.8 60.89
89 13489.0 13602.9 201.48 15339.0 63226.65 498.9 61.18
90 14122.0 14207.2 219.69 16204.0 65203.41 498.8 71.43
91 14171.0 14240.3 237.01 16189.0 69196.23 498.0 77.93
92 13691.0 13794.7 214.09 15643.0 58749.68 498.5 67.85
93 13770.0 13845.7 205.63 15713.0 63218.13 498.8 60.3
94 13768.0 13994.6 220.51 15871.0 70092.23 498.7 71.44
95 13939.0 14079.7 217.4 16041.0 68007.52 499.1 69.16
96 13523.0 13585.0 191.57 15516.0 59107.59 498.6 59.81
97 13266.0 13388.1 203.76 15212.0 66358.31 497.6 62.78
98 13652.0 13740.2 192.22 15585.0 58651.32 498.3 60.56
99 15112.0 15179.11 197.93 17218.0 79756.53 498.78 69.25
100 13257.0 13385.5 163.23 15216.0 69191.12 498.1 52.9
