1 13488.0 13534.8 270.57 15963.0 71426.46 499.0 75.26
2 13989.0 14049.4 273.74 16565.0 72333.39 498.9 75.66
3 12876.0 12883.9 238.31 15098.0 62636.83 482.1 62.96
4 13208.0 13235.0 242.76 15602.0 63276.78 488.8 66.75
5 13445.0 13469.3 263.82 15967.0 70113.71 498.8 73.4
6 13773.0 13804.7 270.42 16296.0 69342.66 498.7 77.14
7 13263.0 13291.3 260.52 15615.0 67778.6 496.1 73.99
8 13325.0 13357.4 242.5 15850.0 65418.46 497.5 61.29
9 13599.0 13656.6 264.25 16010.0 70902.83 499.3 74.32
10 13250.0 13260.5 239.65 15678.0 66461.55 479.6 64.05
11 12745.0 12760.6 228.06 15132.0 60470.0 488.2 59.46
12 13128.0 13183.8 263.4 15559.0 68761.57 498.4 74.8
13 12750.0 12768.6 224.97 14997.0 58572.39 488.3 60.09
14 13577.0 13629.0 277.57 16144.0 64448.57 499.4 81.05
15 13198.0 13216.4 232.66 15709.0 62989.83 497.3 61.23
16 12903.0 12918.9 227.54 15256.0 58930.1 472.2 60.83
17 12869.0 12880.0 226.83 15279.0 64236.94 478.8 59.16
18 13306.0 13353.1 249.09 15809.0 63247.99 497.0 65.13
19 13660.0 13714.4 276.52 16164.0 69513.87 499.5 77.58
20 13677.0 13722.9 269.84 16220.0 68472.55 498.7 75.75
21 13043.0 13059.8 253.18 15440.0 65174.01 492.6 70.8
22 13532.0 13585.8 248.87 16086.0 65860.26 499.8 68.53
23 12925.0 12937.2 233.98 15396.0 63870.14 482.3 61.58
24 13620.0 13674.3 257.56 16185.0 62228.46 499.2 73.62
25 13805.0 13920.1 273.63 16380.0 68551.23 499.5 75.95
26 13675.0 13704.8 268.29 16157.0 72021.65 494.2 76.6
27 12850.0 12869.9 225.1 15260.0 58924.72 488.6 59.15
28 13229.0 13258.9 234.07 15643.0 64958.87 498.2 61.54
29 13018.0 13033.2 235.49 15437.0 64689.09 492.2 61.44
30 13171.0 13195.5 237.65 15672.0 65602.34 494.2 66.6
31 13264.0 13277.0 242.76 15658.0 64961.08 475.1 66.62
32 13306.0 13318.5 255.87 15734.0 64343.08 489.8 71.91
33 13330.0 13350.1 266.2 15767.0 67577.86 489.9 73.14
34 13892.0 13932.7 274.86 16398.0 67396.95 499.6 79.88
35 12373.0 12392.0 224.26 14654.0 64983.82 489.6 58.96
36 13443.0 13455.3 247.34 15965.0 64596.62 490.1 69.18
37 13269.0 13316.9 261.74 15652.0 65889.03 497.0 73.76
38 13226.0 13285.2 272.87 15690.0 70450.04 498.9 76.14
39 13754.0 13826.8 277.37 16338.0 72043.88 499.4 81.78
40 13494.0 13550.3 274.34 16021.0 73584.88 498.9 79.11
41 13087.0 13129.3 254.4 15597.0 67726.79 499.1 67.79
42 13495.0 13550.3 256.29 16068.0 69658.76 497.8 72.73
43 13251.0 13284.7 237.5 15813.0 64141.67 489.3 61.22
44 12511.0 12529.9 227.71 14926.0 59720.94 495.2 59.52
45 12828.0 12850.0 228.8 15088.0 60350.19 482.3 61.2
46 13455.0 13500.2 261.14 15976.0 66580.85 499.3 73.74
47 14218.0 14283.1 269.6 16837.0 74355.33 499.6 77.87
48 13703.0 13740.3 277.15 16279.0 73690.92 499.4 84.19
49 13861.0 13913.1 277.42 16435.0 67052.57 499.4 79.46
50 13473.0 13525.6 264.4 16027.0 75693.84 496.3 71.62
51 13680.0 13695.1 275.66 16190.0 70508.19 498.9 82.25
52 13449.0 13481.4 272.82 15968.0 69018.92 498.1 77.37
53 13507.0 13553.3 268.3 16030.0 69150.01 495.3 75.79
54 13359.0 13412.2 254.97 15936.0 63686.54 497.2 70.81
55 13309.0 13352.0 258.22 15726.0 63858.82 498.1 70.45
56 13369.0 13405.0 245.51 15920.0 68327.38 499.0 66.91
57 13399.0 13424.7 249.21 15893.0 63249.67 473.4 64.48
58 13888.0 13932.3 269.67 16544.0 73448.96 497.8 76.58
59 13182.0 13204.0 233.51 15668.0 64758.1 488.7 60.79
60 13285.0 13337.2 251.0 15763.0 67626.48 498.9 68.81
61 13137.0 13153.8 235.17 15565.0 64395.81 487.6 62.1
62 13181.0 13210.0 229.91 15681.0 61898.52 497.8 57.37
63 13462.0 13494.5 270.3 15881.0 69824.21 498.8 75.31
64 12764.0 12776.1 225.09 15132.0 59135.1 466.7 60.22
65 13258.0 13283.1 252.87 15762.0 61253.86 490.1 71.37
66 13979.0 14022.2 267.33 16601.0 76510.15 498.9 72.41
67 13220.0 13253.4 248.66 15662.0 69209.95 496.2 70.36
68 12963.0 12981.4 239.11 15292.0 67423.23 471.6 65.92
69 13275.0 13342.9 250.24 15776.0 68086.64 498.9 67.71
70 13276.0 13302.1 268.01 15773.0 69183.09 495.7 76.64
71 13082.0 13097.4 235.83 15487.0 66456.5 485.8 60.83
72 13426.0 13474.2 262.6 15916.0 68318.76 499.3 73.66
73 13722.0 13788.4 248.49 16348.0 67900.73 499.5 69.22
74 13790.0 13848.8 260.82 16338.0 73163.24 499.2 72.21
75 13205.0 13220.6 248.44 15611.0 62242.07 489.1 67.28
76 13537.0 13591.1 272.94 16125.0 70941.27 497.7 78.14
77 12868.0 12885.7 228.36 15254.0 60462.93 487.8 60.23
78 13718.0 13797.1 279.74 16283.0 70366.68 499.4 81.55
79 13214.0 13245.0 250.67 15674.0 66366.56 495.4 68.76
80 13189.0 13204.6 244.55 15510.0 65196.62 475.9 65.26
81 12687.0 12705.1 229.42 15153.0 60743.63 488.5 61.28
82 13528.0 13566.8 275.7 16039.0 71486.85 498.9 77.06
83 12756.0 12785.2 227.76 15128.0 62087.86 495.5 56.67
84 13279.0 13302.0 252.17 15715.0 67237.33 490.9 66.97
85 12742.0 12785.7 230.11 15035.0 63666.69 490.2 60.32
86 13964.0 14014.0 277.85 16381.0 65964.73 498.8 81.35
87 12671.0 12688.3 227.57 15029.0 66426.7 481.1 59.57
88 13066.0 13079.5 232.1 15557.0 63159.29 486.6 58.53
89 13023.0 13053.9 236.36 15339.0 63226.65 498.7 60.42
90 13596.0 13619.6 251.14 16204.0 65203.41 489.7 67.34
91 13631.0 13655.9 273.55 16189.0 69196.23 494.4 76.82
92 13182.0 13206.7 248.47 15643.0 58749.68 496.0 68.61
93 13299.0 13312.1 234.98 15713.0 63218.13 492.9 60.85
94 13344.0 13397.3 255.33 15871.0 70092.23 499.3 70.11
95 13465.0 13510.4 247.93 16041.0 68007.52 498.8 67.47
96 13076.0 13091.2 226.25 15516.0 59107.59 483.7 58.22
97 12807.0 12835.7 237.57 15212.0 66358.31 498.2 63.34
98 13152.0 13167.1 221.72 15585.0 58651.32 496.8 60.0
99 14502.0 14564.67 224.31 17218.0 76856.92 499.11 67.47
100 12814.0 12857.2 184.56 15216.0 69191.12 497.7 51.17
