1 3138.0 3143.2 64.94 3650.0 11036.44 366.7 9.08
2 3370.0 3375.3 59.51 3925.0 11457.88 381.6 7.47
3 3370.0 3372.1 70.88 3914.0 12411.82 417.8 10.56
4 3370.0 3376.5 64.35 3942.0 11520.38 380.5 8.67
5 3550.0 3558.5 81.06 4173.0 12927.96 471.5 12.68
6 3179.0 3180.9 62.15 3682.0 10680.83 336.5 8.26
7 3430.0 3437.5 74.24 3996.0 12015.83 421.5 11.54
8 3480.0 3492.6 80.88 4096.0 12502.25 488.7 12.29
9 3245.0 3249.8 64.95 3808.0 11962.47 374.2 9.27
10 3439.0 3443.2 75.63 4019.0 12767.97 451.7 11.7
11 3283.0 3291.8 66.9 3775.0 11305.04 341.3 10.55
12 3392.0 3396.1 64.49 3956.0 11501.35 362.7 8.73
13 3422.0 3426.2 77.89 3994.0 13126.41 436.0 11.9
14 3362.0 3368.1 67.35 3932.0 11922.78 371.7 9.94
15 3368.0 3373.0 69.65 3936.0 11755.83 408.3 9.82
16 3585.0 3593.2 76.92 4185.0 13191.29 409.1 12.1
17 3456.0 3459.5 71.56 4034.0 12337.99 397.2 10.99
18 3502.0 3506.4 71.99 4060.0 12291.9 363.7 11.62
19 3394.0 3398.7 65.39 3906.0 12007.84 326.3 9.09
20 3376.0 3379.7 67.5 3930.0 11979.8 420.1 9.97
21 3481.0 3487.3 71.29 4081.0 12821.03 376.3 10.55
22 3581.0 3587.7 77.8 4208.0 13515.18 456.3 12.14
23 3286.0 3290.0 60.29 3834.0 10832.06 366.6 7.86
24 3352.0 3356.0 73.33 3940.0 12007.06 430.6 10.8
25 3552.0 3557.0 78.44 4132.0 13215.07 427.8 11.77
26 3367.0 3371.3 66.0 3917.0 11890.46 353.8 9.74
27 3458.0 3465.4 70.51 4029.0 12683.37 397.2 10.42
28 3391.0 3395.9 70.37 3944.0 11395.75 370.1 9.79
29 3207.0 3209.3 60.96 3748.0 10939.28 384.4 7.32
30 3138.0 3144.0 65.74 3669.0 11521.68 361.6 8.93
31 3189.0 3194.8 60.67 3713.0 10487.24 364.8 7.83
32 3466.0 3471.0 72.01 4039.0 12218.9 375.1 11.4
33 3548.0 3554.3 77.08 4123.0 13011.9 379.7 11.8
34 3377.0 3383.0 70.2 3956.0 11377.21 398.8 10.31
35 3389.0 3393.5 70.87 3952.0 11963.06 416.8 10.23
36 3389.0 3393.5 65.51 3914.0 11802.3 354.7 9.45
37 3567.0 3573.5 81.9 4145.0 12709.4 397.4 13.77
38 3521.0 3527.8 73.86 4106.0 13155.4 385.5 11.47
39 3313.0 3313.6 72.19 3886.0 12355.11 387.3 11.35
40 3173.0 3178.4 60.73 3712.0 10758.11 354.9 7.64
41 3345.0 3350.7 71.64 3886.0 12164.19 370.7 10.37
42 3386.0 3390.0 73.53 3915.0 11772.22 403.1 11.63
43 3306.0 3308.2 67.34 3898.0 12064.79 402.3 9.62
44 3497.0 3503.1 72.11 4092.0 12256.23 402.7 10.45
45 3471.0 3477.2 68.78 4007.0 12619.47 408.0 9.65
46 3285.0 3296.4 63.82 3826.0 12090.74 348.5 8.09
47 3221.0 3228.2 65.62 3693.0 11359.03 359.5 8.94
48 3478.0 3482.5 68.28 4049.0 12161.24 399.6 9.69
49 3487.0 3493.4 70.88 4073.0 12358.79 356.8 9.64
50 3464.0 3469.7 74.59 4061.0 11813.05 388.1 11.84
51 3271.0 3279.6 61.2 3805.0 11039.24 357.7 7.72
52 3227.0 3233.9 70.03 3707.0 11675.16 365.5 9.93
53 3410.0 3414.6 67.25 3972.0 11509.08 354.9 10.17
54 3263.0 3267.8 66.44 3813.0 11437.41 402.8 9.27
55 3600.0 3604.9 75.92 4240.0 12930.14 454.2 11.88
56 3580.0 3583.9 73.27 4201.0 12415.8 434.6 10.92
57 3591.0 3593.9 79.34 4162.0 12705.18 433.7 12.14
58 3517.0 3520.7 77.93 4079.0 12201.24 437.1 12.31
59 3194.0 3200.6 63.65 3754.0 11434.3 394.8 8.64
60 3295.0 3300.9 66.22 3825.0 11650.21 371.5 8.86
61 3310.0 3314.2 69.25 3853.0 11420.5 386.2 9.57
62 3511.0 3516.1 68.6 4130.0 12334.53 389.2 9.6
63 3450.0 3454.5 76.18 4015.0 13043.17 393.0 12.45
64 3373.0 3383.5 69.98 3960.0 11332.69 369.1 10.0
65 3586.0 3591.6 81.33 4199.0 13315.27 419.8 12.7
66 3515.0 3523.6 73.72 4119.0 12094.32 389.6 11.54
67 3326.0 3329.6 60.8 3874.0 11258.04 350.1 8.13
68 3234.0 3236.7 68.54 3770.0 10878.14 391.7 9.83
69 3509.0 3518.4 74.05 4134.0 12932.06 438.4 10.53
70 3414.0 3416.4 73.88 4013.0 12392.68 426.1 11.21
71 3472.0 3477.6 69.05 4050.0 11828.89 419.0 9.57
72 3517.0 3522.1 78.35 4074.0 13044.12 410.5 12.03
73 3304.0 3308.4 68.4 3875.0 11500.87 422.9 9.95
74 3178.0 3181.0 61.15 3664.0 11374.69 346.6 7.33
75 3303.0 3310.7 66.18 3819.0 12590.9 334.9 8.94
76 3511.0 3514.9 73.11 4098.0 12790.07 441.2 10.46
77 3359.0 3363.8 74.35 3920.0 12381.96 401.5 10.67
78 3338.0 3345.3 60.17 3881.0 11215.25 351.0 7.57
79 3538.0 3545.1 80.16 4156.0 13089.12 431.3 12.99
80 3430.0 3434.9 69.61 3992.0 11331.74 348.3 9.93
81 3323.0 3327.4 60.36 3860.0 10951.3 360.0 7.32
82 3367.0 3376.9 68.55 3877.0 11837.25 332.2 10.11
83 3308.0 3312.2 65.15 3865.0 12270.98 345.8 8.96
84 3431.0 3439.5 68.81 4003.0 12271.21 435.3 9.54
85 3397.0 3404.4 71.11 3945.0 11750.86 393.6 10.01
86 3450.0 3454.7 64.85 4039.0 11478.67 432.1 8.72
87 3427.0 3433.0 78.87 4015.0 11790.04 421.4 12.5
88 3276.0 3282.0 64.56 3802.0 11026.17 384.8 9.0
89 3309.0 3314.2 62.64 3822.0 10814.39 298.8 8.18
90 3719.0 3726.1 79.49 4371.0 14011.38 437.1 12.54
91 3340.0 3345.7 63.71 3888.0 11566.6 354.1 8.79
92 3444.0 3448.2 73.3 4040.0 11918.13 395.7 10.97
93 3205.0 3209.4 64.36 3713.0 12144.64 365.9 8.92
94 3344.0 3346.8 61.41 3884.0 11376.55 343.9 7.79
95 3510.0 3514.8 76.02 4125.0 12509.53 435.9 11.64
96 3378.0 3382.9 64.93 3921.0 11413.44 346.6 8.66
97 3523.0 3527.6 73.99 4130.0 12609.42 427.6 11.21
98 3185.0 3190.5 63.39 3693.0 11377.02 443.4 8.99
99 3644.0 3648.6 64.48 4244.0 12180.68 428.2 11.48
100 3395.0 3398.56 62.05 3945.0 13012.15 433.67 10.71
