1 3138.0 3138.0 1802.4 3650.0 11036.44 175.1 8.75
2 3370.0 3370.0 1802.8 3925.0 11457.88 176.3 7.13
3 3370.0 3370.0 1804.92 3914.0 12411.82 190.0 10.1
4 3370.0 3370.0 1802.39 3942.0 11520.38 169.6 8.63
5 3550.0 3551.6 1804.9 4173.0 12927.96 227.9 13.53
6 3179.0 3179.0 1802.72 3682.0 10680.83 150.3 7.41
7 3430.0 3430.0 1803.22 3996.0 12015.83 207.8 10.62
8 3479.0 3480.5 1805.23 4096.0 12502.25 241.8 13.88
9 3245.0 3245.0 1802.81 3808.0 11962.47 184.8 9.42
10 3439.0 3439.0 1805.55 4019.0 12767.97 212.3 11.38
11 3283.0 3283.0 1803.61 3775.0 11305.04 164.8 10.29
12 3392.0 3392.0 1803.79 3956.0 11501.35 167.0 9.66
13 3422.0 3422.0 1804.05 3994.0 13126.41 207.9 12.02
14 3362.0 3362.0 1802.57 3932.0 11922.78 165.3 9.44
15 3368.0 3368.0 1803.2 3936.0 11755.83 193.9 10.04
16 3585.0 3585.0 1804.9 4185.0 13191.29 199.7 11.95
17 3456.0 3456.0 1803.25 4034.0 12337.99 197.6 11.34
18 3502.0 3502.0 1803.71 4060.0 12291.89 163.4 11.14
19 3394.0 3394.0 1803.28 3906.0 12007.84 161.3 9.1
20 3376.0 3376.0 1802.8 3930.0 11979.8 185.3 9.84
21 3481.0 3481.0 1802.95 4081.0 12821.03 179.7 10.71
22 3581.0 3581.0 1804.36 4208.0 13515.18 204.8 12.36
23 3286.0 3286.0 1802.82 3834.0 10832.06 175.5 7.64
24 3352.0 3352.0 1804.31 3940.0 12007.06 192.9 11.45
25 3552.0 3552.0 1803.45 4132.0 13215.07 196.3 12.62
26 3367.0 3367.0 1803.74 3917.0 11890.46 164.0 9.6
27 3458.0 3458.0 1802.77 4029.0 12683.37 188.0 10.38
28 3391.0 3391.0 1803.98 3944.0 11395.75 177.7 9.87
29 3207.0 3207.0 1802.07 3748.0 10939.28 181.2 7.56
30 3138.0 3138.0 1803.3 3669.0 11521.68 161.3 9.3
31 3189.0 3189.0 1802.55 3713.0 10487.24 169.1 7.74
32 3466.0 3466.0 1803.24 4039.0 12218.9 175.5 11.03
33 3548.0 3548.0 1803.91 4123.0 13011.9 181.6 11.97
34 3377.0 3377.0 1802.29 3956.0 11377.21 198.9 11.04
35 3389.0 3389.0 1802.95 3952.0 11963.06 178.5 9.79
36 3389.0 3389.0 1802.54 3914.0 11802.3 157.3 9.54
37 3567.0 3567.0 1803.69 4145.0 12709.4 175.8 12.93
38 3521.0 3521.0 1803.38 4106.0 13155.4 164.1 11.67
39 3313.0 3313.0 1803.65 3886.0 12355.12 169.5 11.19
40 3173.0 3173.0 1802.74 3712.0 10758.11 156.6 7.81
41 3345.0 3345.0 1804.39 3886.0 12164.19 164.0 9.73
42 3386.0 3386.0 1803.69 3915.0 11772.22 180.5 12.64
43 3306.0 3306.0 1803.13 3898.0 12064.79 190.1 10.21
44 3496.0 3496.0 1803.29 4092.0 12256.23 182.8 10.77
45 3471.0 3471.0 1803.14 4007.0 12619.47 176.9 9.57
46 3285.0 3285.0 1803.22 3826.0 12090.74 168.7 7.94
47 3219.0 3219.0 1802.69 3693.0 11359.03 164.2 9.32
48 3478.0 3478.0 1801.7 4049.0 12161.24 189.5 10.47
49 3487.0 3487.0 1803.27 4073.0 12358.79 163.6 10.23
50 3464.0 3464.0 1802.26 4061.0 11813.05 183.1 11.8
51 3271.0 3271.0 1803.62 3805.0 11039.24 167.4 7.86
52 3227.0 3227.0 1802.14 3707.0 11675.16 169.2 10.28
53 3410.0 3410.0 1802.78 3972.0 11509.08 164.8 10.03
54 3263.0 3263.0 1802.38 3813.0 11437.41 194.5 8.88
55 3600.0 3600.0 1804.53 4240.0 12930.14 196.8 11.37
56 3580.0 3580.0 1803.79 4201.0 12415.8 207.0 10.71
57 3591.0 3591.0 1803.14 4162.0 12705.18 199.8 12.61
58 3518.0 3518.0 1804.48 4079.0 12201.25 190.4 13.76
59 3194.0 3194.0 1801.75 3754.0 11434.3 182.8 8.39
60 3295.0 3295.0 1802.78 3825.0 11650.21 171.4 9.18
61 3310.0 3310.0 1803.05 3853.0 11420.5 183.6 9.68
62 3511.0 3511.0 1802.11 4130.0 12334.53 181.7 10.37
63 3450.0 3450.0 1803.74 4015.0 13043.17 179.8 12.99
64 3373.0 3373.0 1802.66 3960.0 11332.69 188.8 9.95
65 3586.0 3586.0 1803.73 4199.0 13315.27 183.5 12.47
66 3515.0 3515.0 1802.83 4119.0 12094.33 184.4 11.07
67 3326.0 3326.0 1803.13 3874.0 11258.04 164.5 8.05
68 3234.0 3234.0 1802.92 3770.0 10878.14 181.5 10.23
69 3509.0 3509.0 1804.74 4134.0 12932.06 188.2 10.6
70 3414.0 3414.0 1803.55 4013.0 12392.68 195.3 10.34
71 3472.0 3472.0 1804.05 4050.0 11828.89 194.4 9.65
72 3517.0 3517.0 1804.53 4074.0 13044.12 194.1 12.25
73 3304.0 3304.0 1803.94 3875.0 11500.87 188.8 10.13
74 3178.0 3178.0 1802.06 3664.0 11374.69 150.1 7.31
75 3303.0 3303.0 1801.89 3819.0 12590.9 160.9 8.69
76 3511.0 3511.0 1801.68 4098.0 12790.07 197.6 10.63
77 3359.0 3359.0 1803.23 3920.0 12381.96 183.5 10.8
78 3338.0 3338.0 1802.49 3881.0 11215.25 161.5 7.35
79 3538.0 3538.0 1802.85 4156.0 13089.12 191.7 12.87
80 3430.0 3430.0 1802.77 3992.0 11331.74 162.2 11.27
81 3323.0 3323.0 1802.9 3860.0 10951.3 161.7 7.59
82 3367.0 3367.0 1803.26 3877.0 11837.25 156.2 9.54
83 3308.0 3308.0 1803.37 3865.0 12270.98 165.6 8.79
84 3431.0 3431.0 1801.53 4003.0 12271.21 211.6 10.22
85 3397.0 3397.0 1803.9 3945.0 11750.86 181.4 9.82
86 3450.0 3450.0 1803.88 4039.0 11478.67 201.9 8.64
87 3427.0 3427.0 1803.14 4015.0 11790.04 192.4 12.74
88 3276.0 3276.0 1802.65 3802.0 11026.17 170.6 9.1
89 3309.0 3309.0 1802.82 3822.0 10814.39 142.1 7.84
90 3719.0 3719.0 1803.41 4371.0 14011.38 201.9 12.66
91 3340.0 3340.0 1802.05 3888.0 11566.6 157.1 8.33
92 3444.0 3444.0 1803.62 4040.0 11918.13 182.0 10.6
93 3205.0 3205.0 1802.45 3713.0 12144.64 164.7 9.18
94 3344.0 3344.0 1802.52 3884.0 11376.55 151.7 7.83
95 3510.0 3510.0 1803.52 4125.0 12509.53 198.2 11.21
96 3378.0 3378.0 1802.78 3921.0 11413.44 164.3 8.29
97 3523.0 3523.0 1802.68 4130.0 12609.42 192.7 11.63
98 3185.0 3185.0 1802.69 3693.0 11377.02 197.6 8.29
99 3644.0 3644.0 1802.13 4244.0 12180.68 201.2 10.49
100 3395.0 3395.0 1802.61 3945.0 12895.45 203.11 10.72
