1 3138.0 3142.9 618.51 3650.0 11036.44 241.9 8.44
2 3370.0 3370.3 552.73 3925.0 11457.88 251.8 7.01
3 3370.0 3370.0 735.69 3914.0 12411.82 258.6 10.29
4 3370.0 3370.0 622.36 3942.0 11520.38 237.6 9.0
5 3550.0 3550.0 863.16 4173.0 12927.96 328.0 12.31
6 3179.0 3179.4 589.09 3682.0 10680.83 211.6 7.77
7 3430.0 3430.0 784.31 3996.0 12015.83 298.9 11.61
8 3479.0 3480.5 875.46 4096.0 12502.25 346.3 13.89
9 3245.0 3245.1 610.69 3808.0 11962.47 253.2 9.25
10 3439.0 3439.0 802.37 4019.0 12767.97 281.1 10.89
11 3283.0 3283.1 634.77 3775.0 11305.04 228.6 9.35
12 3392.0 3392.6 625.62 3956.0 11501.35 239.5 9.25
13 3422.0 3422.0 851.79 3994.0 13126.41 285.1 11.94
14 3362.0 3362.6 660.18 3932.0 11922.78 246.0 11.09
15 3368.0 3368.0 731.59 3936.0 11755.83 283.2 10.48
16 3585.0 3585.1 803.1 4185.0 13191.29 277.6 13.58
17 3456.0 3456.0 734.36 4034.0 12337.99 253.9 11.2
18 3502.0 3502.0 737.21 4060.0 12291.9 236.6 11.8
19 3394.0 3394.0 621.98 3906.0 12007.84 211.7 10.43
20 3376.0 3376.2 678.11 3930.0 11979.8 254.8 10.29
21 3481.0 3481.0 724.65 4081.0 12821.03 242.2 10.63
22 3581.0 3581.0 848.79 4208.0 13515.18 278.0 10.71
23 3286.0 3286.0 565.18 3834.0 10832.06 243.1 7.38
24 3352.0 3352.0 777.88 3940.0 12007.06 280.1 10.85
25 3552.0 3552.0 839.72 4132.0 13215.07 271.2 12.52
26 3367.0 3367.0 635.61 3917.0 11890.46 227.7 9.71
27 3458.0 3458.0 727.2 4029.0 12683.37 264.8 10.46
28 3391.0 3391.1 696.87 3944.0 11395.75 257.5 10.62
29 3207.0 3207.6 549.84 3748.0 10939.28 266.0 7.47
30 3138.0 3138.8 631.04 3669.0 11521.68 239.7 8.95
31 3189.0 3189.0 549.53 3713.0 10487.24 241.2 8.4
32 3466.0 3466.0 753.38 4039.0 12218.9 263.3 11.19
33 3548.0 3548.6 810.5 4123.0 13011.9 246.3 12.03
34 3377.0 3377.3 691.65 3956.0 11377.21 262.2 10.39
35 3389.0 3389.0 707.29 3952.0 11963.06 267.5 10.6
36 3389.0 3390.3 609.41 3914.0 11802.3 221.7 9.41
37 3567.0 3567.0 855.7 4145.0 12709.4 256.1 14.19
38 3521.0 3521.0 759.2 4106.0 13155.4 241.5 10.02
39 3313.0 3313.0 743.74 3886.0 12355.12 240.2 12.26
40 3173.0 3174.2 565.59 3712.0 10758.11 214.5 8.1
41 3345.0 3345.0 702.84 3886.0 12164.19 232.4 10.4
42 3386.0 3386.0 748.34 3915.0 11772.22 258.2 10.58
43 3306.0 3306.1 671.39 3898.0 12064.79 271.0 9.75
44 3496.0 3496.4 743.46 4092.0 12256.23 249.5 10.3
45 3471.0 3471.0 684.45 4007.0 12619.47 260.8 9.83
46 3285.0 3285.0 587.79 3826.0 12090.74 226.2 8.05
47 3219.0 3219.0 631.93 3693.0 11359.03 228.9 8.57
48 3478.0 3478.9 687.64 4049.0 12161.24 264.8 10.56
49 3487.0 3487.7 710.53 4073.0 12358.79 226.4 9.64
50 3464.0 3465.6 770.39 4061.0 11813.05 274.0 11.79
51 3271.0 3271.0 552.78 3805.0 11039.24 233.5 7.51
52 3227.0 3227.1 734.72 3707.0 11675.16 250.3 10.3
53 3410.0 3410.0 646.96 3972.0 11509.08 233.8 9.34
54 3263.0 3263.0 675.42 3813.0 11437.41 275.3 11.07
55 3600.0 3600.0 820.03 4240.0 12930.14 286.1 10.37
56 3580.0 3580.0 765.77 4201.0 12415.79 303.8 10.32
57 3591.0 3591.0 896.37 4162.0 12705.18 289.5 12.92
58 3518.0 3518.0 877.74 4079.0 12201.25 267.4 12.87
59 3194.0 3194.0 601.04 3754.0 11434.3 253.4 8.29
60 3295.0 3295.0 660.6 3825.0 11650.21 239.8 9.18
61 3310.0 3310.0 710.6 3853.0 11420.5 259.5 10.13
62 3511.0 3512.0 696.22 4130.0 12334.53 250.6 10.11
63 3450.0 3450.0 849.61 4015.0 13043.17 244.6 12.43
64 3373.0 3373.0 717.73 3960.0 11332.69 252.8 9.74
65 3586.0 3586.1 922.68 4199.0 13315.27 264.2 12.86
66 3515.0 3515.0 787.82 4119.0 12094.33 241.6 11.32
67 3326.0 3326.0 600.15 3874.0 11258.04 225.0 8.83
68 3234.0 3234.0 681.29 3770.0 10878.14 242.2 10.2
69 3509.0 3509.0 760.36 4134.0 12932.06 274.8 11.13
70 3414.0 3414.3 758.28 4013.0 12392.68 289.1 10.68
71 3472.0 3472.0 664.17 4050.0 11828.89 255.2 9.21
72 3517.0 3517.0 859.52 4074.0 13044.12 282.6 12.39
73 3304.0 3304.1 662.24 3875.0 11500.87 269.0 10.57
74 3178.0 3178.0 565.37 3664.0 11374.69 209.1 7.47
75 3303.0 3303.0 613.46 3819.0 12590.9 225.3 10.03
76 3511.0 3511.0 749.97 4098.0 12790.07 289.7 11.35
77 3359.0 3359.0 755.18 3920.0 12381.96 255.7 12.13
78 3338.0 3338.6 556.86 3881.0 11215.25 229.6 9.15
79 3538.0 3538.5 868.49 4156.0 13089.12 265.5 14.18
80 3430.0 3430.1 680.02 3992.0 11331.74 254.3 10.75
81 3323.0 3323.0 544.49 3860.0 10951.3 232.5 7.77
82 3367.0 3367.0 689.0 3877.0 11837.25 209.7 9.85
83 3308.0 3308.0 631.93 3865.0 12270.98 219.8 9.37
84 3431.0 3431.1 682.8 4003.0 12271.21 278.8 10.27
85 3397.0 3397.2 732.6 3945.0 11750.86 260.2 10.87
86 3450.0 3450.0 615.81 4039.0 11478.67 263.8 10.22
87 3427.0 3427.0 824.73 4015.0 11790.04 260.0 12.25
88 3276.0 3276.0 612.74 3802.0 11026.17 241.9 10.65
89 3309.0 3309.0 587.35 3822.0 10814.39 193.8 9.28
90 3719.0 3719.0 861.64 4371.0 14011.38 280.3 12.12
91 3340.0 3340.0 588.31 3888.0 11566.6 223.8 8.37
92 3444.0 3444.0 734.83 4040.0 11918.13 255.4 11.92
93 3205.0 3205.0 615.85 3713.0 12144.64 237.6 9.27
94 3344.0 3344.0 552.71 3884.0 11376.55 212.1 7.74
95 3510.0 3510.0 797.05 4125.0 12509.53 278.7 11.2
96 3378.0 3378.0 626.73 3921.0 11413.44 246.3 8.13
97 3523.0 3523.0 775.2 4130.0 12609.42 279.0 11.42
98 3185.0 3185.0 608.53 3693.0 11377.02 271.5 8.48
99 3644.0 3644.0 667.9 4244.0 12180.68 268.7 11.75
100 3395.0 3395.0 667.48 3945.0 12907.34 277.89 12.42
