1 3138.0 3152.1 58.54 3650.0 11036.44 390.7 8.29
2 3370.0 3377.1 57.68 3925.0 11457.88 399.9 7.29
3 3370.0 3380.8 65.87 3914.0 12411.82 429.9 10.56
4 3370.0 3380.3 63.77 3942.0 11520.38 421.7 9.54
5 3552.0 3567.9 74.36 4173.0 12927.96 476.1 12.62
6 3179.0 3185.8 59.12 3682.0 10680.83 353.4 7.88
7 3430.0 3436.7 71.6 3996.0 12015.83 450.1 11.46
8 3487.0 3500.7 74.89 4096.0 12502.25 492.2 12.64
9 3245.0 3250.8 63.11 3808.0 11962.47 425.2 9.58
10 3439.0 3446.7 70.74 4019.0 12767.97 471.1 12.25
11 3283.0 3289.1 62.81 3775.0 11305.04 395.5 10.57
12 3392.0 3398.7 61.06 3956.0 11501.35 383.3 9.2
13 3422.0 3426.9 75.9 3994.0 13126.41 462.9 14.11
14 3362.0 3366.1 63.97 3932.0 11922.78 389.5 9.98
15 3368.0 3374.9 68.02 3936.0 11755.83 437.4 10.05
16 3585.0 3588.5 72.57 4185.0 13191.29 451.4 12.42
17 3456.0 3463.9 68.53 4034.0 12337.99 406.3 11.19
18 3502.0 3509.0 68.09 4060.0 12291.89 390.7 11.79
19 3394.0 3398.9 62.43 3906.0 12007.84 380.1 9.84
20 3376.0 3386.4 66.02 3930.0 11979.8 424.1 9.94
21 3482.0 3489.2 67.75 4081.0 12821.03 393.0 10.61
22 3581.0 3590.8 74.09 4208.0 13515.18 471.6 12.22
23 3286.0 3288.7 56.63 3834.0 10832.06 392.2 7.57
24 3352.0 3360.2 69.41 3940.0 12007.06 432.1 10.57
25 3555.0 3559.7 73.78 4132.0 13215.07 443.6 11.92
26 3367.0 3373.1 62.53 3917.0 11890.46 385.3 9.72
27 3458.0 3464.2 68.86 4029.0 12683.37 433.2 11.39
28 3391.0 3394.3 66.16 3944.0 11395.75 407.9 9.89
29 3207.0 3212.4 57.2 3748.0 10939.28 414.9 7.52
30 3138.0 3147.7 62.13 3669.0 11521.68 388.0 8.97
31 3189.0 3194.1 57.06 3713.0 10487.24 385.9 7.81
32 3466.0 3474.9 68.87 4039.0 12218.9 405.6 11.66
33 3548.0 3555.2 72.6 4123.0 13011.9 420.8 12.22
34 3377.0 3387.8 64.82 3956.0 11377.21 395.8 9.97
35 3389.0 3390.5 65.9 3952.0 11963.06 424.6 9.96
36 3389.0 3394.8 61.88 3914.0 11802.3 362.8 9.6
37 3567.0 3575.6 74.86 4145.0 12709.4 403.7 13.25
38 3521.0 3525.8 68.87 4106.0 13155.4 414.8 11.0
39 3314.0 3319.4 67.49 3886.0 12355.12 396.4 10.74
40 3173.0 3184.8 58.19 3712.0 10758.11 374.1 8.02
41 3345.0 3349.1 65.59 3886.0 12164.19 397.4 10.17
42 3386.0 3398.1 68.74 3915.0 11772.22 415.7 11.35
43 3306.0 3311.6 64.52 3898.0 12064.79 423.9 9.62
44 3496.0 3499.3 68.64 4092.0 12256.23 419.6 10.69
45 3473.0 3478.2 65.15 4007.0 12619.47 447.4 10.19
46 3285.0 3290.8 60.33 3826.0 12090.74 365.6 8.32
47 3219.0 3224.2 61.43 3693.0 11359.03 388.8 8.8
48 3478.0 3491.9 65.35 4049.0 12161.24 426.4 10.14
49 3487.0 3490.2 65.74 4073.0 12358.79 382.5 9.73
50 3464.0 3466.1 70.12 4061.0 11813.05 418.3 11.7
51 3271.0 3279.1 56.91 3805.0 11039.24 383.1 7.84
52 3227.0 3231.4 65.61 3707.0 11675.16 386.5 9.96
53 3410.0 3416.2 64.6 3972.0 11509.08 373.3 10.79
54 3263.0 3268.9 63.1 3813.0 11437.41 415.2 9.39
55 3600.0 3605.8 70.24 4240.0 12930.14 465.1 11.21
56 3581.0 3590.9 67.17 4201.0 12415.8 452.4 10.15
57 3591.0 3600.7 74.21 4162.0 12705.18 448.8 12.94
58 3518.0 3528.5 74.46 4079.0 12201.24 435.5 12.94
59 3196.0 3198.3 60.01 3754.0 11434.3 415.2 8.82
60 3295.0 3299.4 62.16 3825.0 11650.21 388.5 9.32
61 3310.0 3314.3 64.8 3853.0 11420.5 415.7 10.02
62 3511.0 3518.8 63.67 4130.0 12334.53 416.3 9.66
63 3450.0 3454.6 72.51 4015.0 13043.17 432.9 12.48
64 3373.0 3381.3 64.64 3960.0 11332.69 401.3 9.57
65 3586.0 3593.4 74.89 4199.0 13315.27 426.0 12.11
66 3515.0 3526.1 69.4 4119.0 12094.33 435.6 11.7
67 3327.0 3336.4 58.3 3874.0 11258.04 377.2 8.27
68 3234.0 3237.8 64.04 3770.0 10878.14 440.1 9.69
69 3509.0 3519.1 69.17 4134.0 12932.06 462.0 11.07
70 3414.0 3417.4 69.58 4013.0 12392.68 427.7 10.86
71 3471.0 3478.0 63.97 4050.0 11828.89 448.1 9.33
72 3517.0 3523.1 72.42 4074.0 13044.12 431.7 11.86
73 3304.0 3309.4 64.43 3875.0 11500.87 441.6 9.96
74 3178.0 3187.1 58.61 3664.0 11374.69 361.4 7.64
75 3303.0 3311.1 61.24 3819.0 12590.9 344.3 8.95
76 3511.0 3520.9 68.18 4098.0 12790.07 440.1 10.51
77 3359.0 3365.4 69.57 3920.0 12381.96 411.1 11.19
78 3338.0 3343.7 56.99 3881.0 11215.25 373.2 7.61
79 3538.0 3545.5 75.08 4156.0 13089.12 452.4 13.19
80 3430.0 3435.2 66.01 3992.0 11331.74 390.6 10.39
81 3323.0 3326.0 56.58 3860.0 10951.3 394.6 7.32
82 3367.0 3373.6 65.4 3877.0 11837.25 359.2 9.64
83 3308.0 3310.1 62.95 3865.0 12270.98 365.7 10.22
84 3431.0 3435.5 64.44 4003.0 12271.21 463.6 9.78
85 3397.0 3405.1 66.68 3945.0 11750.86 427.3 9.97
86 3450.0 3457.9 62.14 4039.0 11478.67 452.7 9.21
87 3427.0 3435.3 72.96 4015.0 11790.04 436.0 12.23
88 3277.0 3282.2 61.47 3802.0 11026.17 406.1 9.22
89 3309.0 3314.7 58.8 3822.0 10814.39 346.8 8.19
90 3717.0 3725.6 75.18 4371.0 14011.38 465.3 12.64
91 3340.0 3344.7 59.46 3888.0 11566.6 365.6 8.73
92 3444.0 3449.7 67.99 4040.0 11918.13 417.7 10.8
93 3205.0 3210.8 61.09 3713.0 12144.64 398.0 9.14
94 3344.0 3350.6 57.7 3884.0 11376.55 377.6 7.83
95 3510.0 3517.3 71.2 4125.0 12509.53 443.9 12.47
96 3378.0 3385.3 61.73 3921.0 11413.44 379.3 9.16
97 3523.0 3528.5 69.58 4130.0 12609.42 445.0 11.02
98 3185.0 3190.4 59.97 3693.0 11377.02 442.0 9.22
99 3644.0 3649.9 59.36 4244.0 12180.68 434.9 11.54
100 3395.0 3400.22 57.3 3945.0 12699.54 457.67 10.65
