1 3138.0 3139.5 75.19 3650.0 11036.44 211.5 9.2
2 3370.0 3373.9 68.93 3925.0 11457.88 241.2 7.19
3 3370.0 3373.2 78.7 3914.0 12411.82 230.8 9.71
4 3370.0 3376.4 75.15 3942.0 11520.38 216.0 9.85
5 3551.0 3555.5 88.73 4173.0 12927.96 294.7 12.75
6 3179.0 3180.1 73.22 3682.0 10680.83 191.4 8.19
7 3430.0 3433.7 82.53 3996.0 12015.83 301.0 11.29
8 3480.0 3486.5 90.97 4096.0 12502.25 337.4 13.26
9 3245.0 3250.6 75.32 3808.0 11962.47 244.9 10.23
10 3439.0 3445.4 84.66 4019.0 12767.97 269.5 11.72
11 3283.0 3285.8 75.79 3775.0 11305.04 206.2 10.11
12 3392.0 3398.1 75.81 3956.0 11501.35 225.0 8.76
13 3422.0 3424.0 87.14 3994.0 13126.41 249.9 12.05
14 3362.0 3369.8 76.34 3932.0 11922.78 234.3 9.96
15 3368.0 3371.9 79.65 3936.0 11755.83 243.4 10.2
16 3585.0 3587.0 86.1 4185.0 13191.29 285.4 12.22
17 3456.0 3459.6 83.54 4034.0 12337.99 237.2 12.72
18 3502.0 3507.4 82.2 4060.0 12291.9 205.5 11.32
19 3394.0 3399.9 76.19 3906.0 12007.84 264.4 9.1
20 3376.0 3376.9 77.99 3930.0 11979.8 261.7 9.82
21 3481.0 3485.8 81.25 4081.0 12821.03 228.6 10.63
22 3581.0 3587.6 87.72 4208.0 13515.18 254.9 11.62
23 3286.0 3291.7 69.39 3834.0 10832.06 215.1 7.97
24 3352.0 3356.3 85.08 3940.0 12007.06 257.7 11.23
25 3552.0 3557.4 89.05 4132.0 13215.07 246.2 12.49
26 3367.0 3369.3 75.12 3917.0 11890.46 199.5 9.57
27 3458.0 3462.0 80.81 4029.0 12683.37 239.2 10.54
28 3391.0 3393.8 78.42 3944.0 11395.75 253.6 10.14
29 3207.0 3211.8 69.97 3748.0 10939.28 213.2 7.43
30 3138.0 3140.6 76.01 3669.0 11521.68 235.7 9.61
31 3189.0 3194.7 69.52 3713.0 10487.24 214.7 7.61
32 3466.0 3472.7 81.99 4039.0 12218.9 211.9 10.73
33 3548.0 3552.2 86.35 4123.0 13011.9 215.4 11.73
34 3377.0 3385.5 79.96 3956.0 11377.21 292.5 11.03
35 3389.0 3392.9 80.04 3952.0 11963.06 237.3 10.33
36 3389.0 3393.3 74.39 3914.0 11802.3 235.6 9.11
37 3567.0 3569.8 90.5 4145.0 12709.4 222.6 13.2
38 3521.0 3524.4 84.6 4106.0 13155.4 230.7 10.76
39 3313.0 3315.8 81.47 3886.0 12355.11 225.4 10.76
40 3173.0 3176.2 69.62 3712.0 10758.11 265.4 7.61
41 3344.0 3348.6 79.98 3886.0 12164.19 220.8 10.03
42 3386.0 3394.8 82.56 3915.0 11772.22 218.2 11.46
43 3306.0 3308.7 78.1 3898.0 12064.79 238.3 10.19
44 3496.0 3500.1 82.85 4092.0 12256.23 223.0 10.51
45 3471.0 3474.4 78.78 4007.0 12619.47 223.4 10.3
46 3285.0 3287.4 71.91 3826.0 12090.74 209.7 7.9
47 3219.0 3220.3 74.69 3693.0 11359.03 200.8 8.84
48 3478.0 3481.0 77.76 4049.0 12161.24 261.8 9.65
49 3487.0 3492.7 80.07 4073.0 12358.79 235.1 9.83
50 3464.0 3468.6 85.25 4061.0 11813.05 243.8 11.82
51 3271.0 3280.6 69.88 3805.0 11039.24 265.4 7.75
52 3227.0 3232.9 79.09 3707.0 11675.16 200.7 9.46
53 3410.0 3414.0 76.78 3972.0 11509.08 216.2 9.95
54 3263.0 3265.8 75.19 3813.0 11437.41 253.9 9.3
55 3600.0 3601.6 84.3 4240.0 12930.14 275.5 11.88
56 3580.0 3584.0 80.41 4201.0 12415.8 244.2 10.26
57 3591.0 3592.7 89.16 4162.0 12705.18 284.5 12.66
58 3517.0 3520.3 87.05 4079.0 12201.24 235.9 11.74
59 3194.0 3197.3 70.7 3754.0 11434.29 232.5 8.26
60 3295.0 3299.0 74.75 3825.0 11650.21 228.3 8.87
61 3310.0 3315.5 79.12 3853.0 11420.5 211.8 10.55
62 3511.0 3515.5 77.69 4130.0 12334.53 240.1 10.08
63 3450.0 3450.8 87.38 4015.0 13043.17 244.7 12.02
64 3373.0 3375.3 78.22 3960.0 11332.69 221.8 9.68
65 3586.0 3588.5 90.4 4199.0 13315.27 241.0 12.56
66 3515.0 3517.4 83.39 4119.0 12094.33 238.2 11.07
67 3326.0 3328.9 71.11 3874.0 11258.04 231.4 8.07
68 3234.0 3240.1 76.74 3770.0 10878.14 274.5 10.47
69 3509.0 3510.5 83.06 4134.0 12932.06 269.9 11.2
70 3414.0 3417.1 82.88 4013.0 12392.68 243.0 11.02
71 3472.0 3476.7 77.68 4050.0 11828.89 233.3 9.36
72 3517.0 3521.0 89.52 4074.0 13044.12 238.6 12.09
73 3304.0 3307.2 76.53 3875.0 11500.87 277.1 10.43
74 3178.0 3182.7 70.06 3664.0 11374.69 188.5 7.64
75 3303.0 3307.6 73.46 3819.0 12590.9 212.6 8.71
76 3511.0 3518.4 83.18 4098.0 12790.07 236.7 10.63
77 3359.0 3363.8 84.96 3920.0 12381.96 253.3 12.41
78 3338.0 3340.0 68.22 3881.0 11215.25 228.4 7.54
79 3538.0 3541.5 89.2 4156.0 13089.12 238.3 12.72
80 3430.0 3432.3 79.28 3992.0 11331.74 203.4 10.11
81 3322.0 3324.4 68.32 3860.0 10951.3 211.3 7.65
82 3367.0 3373.6 78.81 3877.0 11837.25 199.7 10.23
83 3308.0 3312.1 76.88 3865.0 12270.98 214.3 9.27
84 3431.0 3437.9 77.36 4003.0 12271.21 241.0 9.97
85 3397.0 3401.8 79.46 3945.0 11750.86 228.3 9.76
86 3450.0 3453.0 73.86 4039.0 11478.67 263.6 8.87
87 3427.0 3432.2 88.51 4015.0 11790.04 237.8 12.46
88 3276.0 3278.0 73.81 3802.0 11026.17 248.9 8.77
89 3309.0 3312.1 72.34 3822.0 10814.39 196.0 8.29
90 3719.0 3720.9 90.25 4371.0 14011.38 279.8 12.25
91 3340.0 3349.1 72.45 3888.0 11566.6 228.9 9.05
92 3444.0 3449.1 81.8 4040.0 11918.13 236.1 10.51
93 3205.0 3206.5 73.26 3713.0 12144.64 225.8 8.64
94 3344.0 3346.2 71.29 3884.0 11376.55 236.3 8.14
95 3510.0 3514.3 85.92 4125.0 12509.53 239.0 11.52
96 3378.0 3381.6 73.94 3921.0 11413.44 210.0 8.76
97 3523.0 3525.2 83.55 4130.0 12609.42 277.0 11.52
98 3186.0 3188.2 71.03 3693.0 11377.02 246.6 8.8
99 3644.0 3647.8 70.09 4244.0 12180.68 242.6 10.83
100 3395.0 3398.22 68.08 3945.0 13012.15 232.78 10.7
