1 3138.0 3138.0 90.4 3650.0 11036.44 102.1 9.25
2 3370.0 3370.0 82.92 3925.0 11457.88 111.2 7.24
3 3370.0 3370.0 95.95 3914.0 12411.82 118.6 10.19
4 3370.0 3370.0 90.27 3942.0 11520.38 107.0 9.02
5 3550.0 3550.0 110.43 4173.0 12927.96 150.3 13.51
6 3179.0 3179.0 86.3 3682.0 10680.83 93.2 8.33
7 3430.0 3430.0 101.68 3996.0 12015.83 123.2 11.15
8 3479.0 3479.0 109.17 4096.0 12502.25 147.6 13.04
9 3245.0 3245.0 88.88 3808.0 11962.47 110.1 9.23
10 3439.0 3439.0 103.41 4019.0 12767.97 131.8 12.0
11 3283.0 3283.0 95.62 3775.0 11305.04 93.8 10.31
12 3392.0 3392.0 88.72 3956.0 11501.35 100.1 9.07
13 3422.0 3422.0 106.51 3994.0 13126.41 124.5 12.24
14 3362.0 3362.0 92.97 3932.0 11922.78 100.0 9.87
15 3368.0 3368.0 97.34 3936.0 11755.83 117.1 10.88
16 3585.0 3585.0 103.94 4185.0 13191.29 120.9 12.46
17 3456.0 3456.0 99.93 4034.0 12337.99 110.5 11.09
18 3502.0 3502.0 100.02 4060.0 12291.9 99.5 11.58
19 3394.0 3394.0 90.97 3906.0 12007.84 96.4 9.03
20 3376.0 3376.0 95.57 3930.0 11979.8 114.1 9.57
21 3481.0 3481.0 98.74 4081.0 12821.03 110.0 10.35
22 3581.0 3581.0 109.04 4208.0 13515.18 135.8 12.29
23 3286.0 3286.0 83.72 3834.0 10832.06 105.4 7.92
24 3352.0 3352.0 101.8 3940.0 12007.06 117.5 11.24
25 3552.0 3552.0 108.71 4132.0 13215.07 120.3 12.48
26 3367.0 3367.0 91.29 3917.0 11890.46 103.5 9.8
27 3458.0 3458.0 99.03 4029.0 12683.37 111.9 10.68
28 3391.0 3391.0 96.76 3944.0 11395.75 105.6 9.49
29 3207.0 3207.0 85.03 3748.0 10939.28 114.4 7.91
30 3138.0 3138.0 92.32 3669.0 11521.68 96.8 9.16
31 3189.0 3189.0 83.67 3713.0 10487.24 99.0 7.86
32 3466.0 3466.0 100.11 4039.0 12218.9 113.0 11.36
33 3548.0 3548.0 107.3 4123.0 13011.9 105.6 12.19
34 3377.0 3377.0 96.06 3956.0 11377.21 115.2 10.11
35 3389.0 3389.0 95.71 3952.0 11963.06 105.2 10.36
36 3389.0 3389.0 91.08 3914.0 11802.3 98.6 9.79
37 3567.0 3567.0 109.76 4145.0 12709.4 107.7 13.03
38 3521.0 3521.0 101.2 4106.0 13155.4 108.2 10.47
39 3313.0 3313.0 99.73 3886.0 12355.11 99.3 10.97
40 3173.0 3173.0 85.73 3712.0 10758.11 98.6 7.75
41 3345.0 3345.0 99.2 3886.0 12164.19 102.7 10.33
42 3386.0 3386.0 102.83 3915.0 11772.22 109.8 11.24
43 3306.0 3306.0 94.37 3898.0 12064.79 112.2 9.93
44 3496.0 3496.0 100.45 4092.0 12256.23 115.0 10.6
45 3471.0 3471.0 95.76 4007.0 12619.47 112.7 10.2
46 3285.0 3285.0 88.17 3826.0 12090.73 98.1 8.54
47 3219.0 3219.0 90.63 3693.0 11359.03 104.7 9.47
48 3478.0 3478.0 94.48 4049.0 12161.24 107.8 10.31
49 3487.0 3487.0 99.66 4073.0 12358.79 96.5 11.91
50 3464.0 3464.0 103.41 4061.0 11813.05 112.2 11.24
51 3271.0 3271.0 87.13 3805.0 11039.24 96.5 8.13
52 3227.0 3227.0 96.52 3707.0 11675.16 102.8 10.11
53 3410.0 3410.0 92.11 3972.0 11509.08 101.5 10.04
54 3263.0 3263.0 91.69 3813.0 11437.41 119.8 10.08
55 3600.0 3600.0 101.97 4240.0 12930.14 131.9 11.73
56 3580.0 3580.0 98.9 4201.0 12415.79 122.8 10.16
57 3591.0 3591.0 109.69 4162.0 12705.18 122.8 12.58
58 3518.0 3518.0 106.65 4079.0 12201.24 117.5 12.4
59 3194.0 3194.0 88.72 3754.0 11434.3 114.2 9.04
60 3295.0 3295.0 89.79 3825.0 11650.21 100.7 8.88
61 3310.0 3310.0 94.78 3853.0 11420.5 111.3 11.01
62 3511.0 3511.0 93.26 4130.0 12334.53 109.9 10.03
63 3450.0 3450.0 104.96 4015.0 13043.17 106.0 12.42
64 3373.0 3373.0 94.45 3960.0 11332.69 110.6 9.91
65 3586.0 3586.0 108.59 4199.0 13315.27 118.0 12.29
66 3515.0 3515.0 101.09 4119.0 12094.33 116.2 10.82
67 3326.0 3326.0 84.09 3874.0 11258.04 102.7 8.21
68 3234.0 3234.0 92.57 3770.0 10878.14 107.8 10.52
69 3509.0 3509.0 100.3 4134.0 12932.06 123.5 10.32
70 3414.0 3414.0 99.59 4013.0 12392.68 120.4 11.22
71 3472.0 3472.0 92.48 4050.0 11828.89 119.2 9.25
72 3517.0 3517.0 108.52 4074.0 13044.12 114.5 12.38
73 3304.0 3304.0 93.03 3875.0 11500.87 118.9 10.52
74 3178.0 3178.0 84.36 3664.0 11374.69 93.5 7.59
75 3303.0 3303.0 89.1 3819.0 12590.9 94.5 8.94
76 3511.0 3511.0 98.68 4098.0 12790.07 120.0 10.91
77 3359.0 3359.0 100.06 3920.0 12381.96 110.4 11.14
78 3338.0 3338.0 83.24 3881.0 11215.25 98.9 7.7
79 3538.0 3538.0 108.61 4156.0 13089.12 111.5 12.88
80 3430.0 3430.0 93.9 3992.0 11331.74 99.5 10.04
81 3323.0 3323.0 82.81 3860.0 10951.3 106.0 8.05
82 3367.0 3367.0 92.78 3877.0 11837.25 96.1 9.67
83 3308.0 3308.0 90.53 3865.0 12270.98 95.2 8.88
84 3431.0 3431.0 93.89 4003.0 12271.21 123.4 9.77
85 3397.0 3397.0 96.87 3945.0 11750.86 111.0 10.31
86 3450.0 3450.0 89.66 4039.0 11478.67 121.8 8.81
87 3427.0 3427.0 105.85 4015.0 11790.04 110.3 12.11
88 3276.0 3276.0 89.33 3802.0 11026.17 102.5 9.29
89 3309.0 3309.0 85.49 3822.0 10814.39 85.7 8.18
90 3719.0 3719.0 108.4 4371.0 14011.38 127.9 13.26
91 3340.0 3340.0 86.9 3888.0 11566.6 106.5 9.04
92 3444.0 3444.0 99.17 4040.0 11918.13 105.0 10.64
93 3205.0 3205.0 89.63 3713.0 12144.64 99.4 8.68
94 3344.0 3344.0 84.39 3884.0 11376.55 94.7 7.91
95 3510.0 3510.0 103.78 4125.0 12509.53 121.0 11.98
96 3378.0 3378.0 88.45 3921.0 11413.44 97.8 8.91
97 3523.0 3523.0 100.48 4130.0 12609.42 121.0 10.65
98 3185.0 3185.0 85.22 3693.0 11377.02 123.1 9.04
99 3644.0 3644.0 86.4 4244.0 12180.68 123.6 11.11
100 3395.0 3395.0 82.3 3945.0 13012.15 122.67 10.71
