1 308.0 308.0 7.18 333.0 525.96 51.3 0.07
2 277.0 277.0 6.68 291.0 477.67 27.7 0.05
3 285.0 285.0 7.95 303.0 496.77 21.3 0.07
4 288.0 288.0 8.85 310.0 518.2 61.0 0.08
5 282.0 282.6 8.41 306.0 509.97 58.4 0.08
6 305.0 305.0 6.94 317.0 500.65 22.4 0.05
7 288.0 288.1 8.58 305.0 519.49 52.3 0.09
8 256.0 256.0 7.4 264.0 451.45 32.2 0.06
9 277.0 277.0 7.22 286.0 466.87 35.5 0.06
10 316.0 316.0 7.95 337.0 553.73 53.4 0.06
11 304.0 304.0 8.71 325.0 531.28 34.7 0.08
12 286.0 286.0 8.31 309.0 482.83 39.1 0.06
13 266.0 266.0 8.84 281.0 483.84 29.2 0.1
14 269.0 269.0 7.78 278.0 477.62 27.3 0.05
15 275.0 275.0 7.63 289.0 490.93 36.9 0.06
16 295.0 295.0 8.99 318.0 533.9 59.1 0.08
17 262.0 262.0 8.74 284.0 465.28 50.4 0.08
18 253.0 253.0 7.88 273.0 439.25 37.9 0.08
19 244.0 244.0 7.76 265.0 442.61 50.4 0.07
20 286.0 286.0 8.73 308.0 504.12 58.1 0.07
21 292.0 292.0 8.56 306.0 517.88 32.2 0.12
22 237.0 237.0 7.55 250.0 404.94 30.6 0.07
23 276.0 276.4 7.7 286.0 454.92 43.8 0.07
24 294.0 294.0 8.97 302.0 530.81 17.1 0.08
25 238.0 238.0 8.33 248.0 417.52 22.5 0.1
26 295.0 295.0 7.79 315.0 493.81 26.7 0.07
27 302.0 302.0 9.13 317.0 565.11 35.7 0.12
28 288.0 288.2 9.06 317.0 519.51 33.7 0.09
29 298.0 298.0 9.16 322.0 548.62 31.4 0.11
30 299.0 300.9 9.23 331.0 527.46 85.0 0.08
31 265.0 265.0 8.27 285.0 460.8 53.1 0.08
32 329.0 329.0 7.84 335.0 510.85 20.2 0.08
33 309.0 309.0 9.54 335.0 550.65 65.6 0.1
34 312.0 312.2 8.93 334.0 567.2 35.8 0.1
35 285.0 285.1 9.15 306.0 511.67 79.9 0.09
36 265.0 265.0 8.03 281.0 461.33 26.3 0.09
37 276.0 276.4 9.06 294.0 500.16 92.2 0.1
38 249.0 249.0 8.11 263.0 421.1 19.0 0.07
39 276.0 276.8 8.05 306.0 491.28 76.6 0.08
40 260.0 260.8 9.05 279.0 470.56 62.7 0.11
41 289.0 289.0 8.29 305.0 469.27 68.7 0.06
42 297.0 297.0 8.86 321.0 517.62 30.9 0.07
43 297.0 297.0 9.14 318.0 552.83 30.2 0.11
44 270.0 270.0 8.32 281.0 491.92 15.1 0.08
45 322.0 322.0 9.66 345.0 572.65 38.1 0.12
46 243.0 243.0 8.57 250.0 438.66 23.5 0.08
47 323.0 323.0 8.56 345.0 534.86 28.4 0.11
48 297.0 301.2 9.07 329.0 547.32 121.6 0.1
49 268.0 268.0 8.68 288.0 479.24 44.5 0.09
50 295.0 295.1 9.25 319.0 500.25 73.5 0.1
51 280.0 280.2 8.8 306.0 496.38 47.5 0.08
52 344.0 344.0 9.25 360.0 591.65 53.4 0.11
53 282.0 282.0 9.24 307.0 529.94 93.0 0.11
54 272.0 272.0 8.31 291.0 445.05 46.5 0.06
55 304.0 304.2 8.28 316.0 493.62 39.9 0.06
56 288.0 288.0 8.23 305.0 497.94 26.7 0.09
57 259.0 259.0 8.86 277.0 484.05 36.0 0.09
58 336.0 336.1 8.6 359.0 576.1 46.0 0.1
59 284.0 284.0 9.09 294.0 483.06 22.0 0.09
60 256.0 256.0 8.96 265.0 473.9 25.7 0.08
61 308.0 308.0 8.47 333.0 528.77 49.9 0.09
62 300.0 300.0 8.98 316.0 528.87 49.0 0.09
63 279.0 279.5 9.08 298.0 496.79 102.5 0.09
64 290.0 290.0 8.87 308.0 495.63 51.9 0.11
65 277.0 277.0 8.36 297.0 473.67 29.2 0.09
66 290.0 290.0 9.19 305.0 522.69 62.2 0.1
67 329.0 332.7 9.58 353.0 575.34 41.4 0.11
68 298.0 298.3 9.27 314.0 528.42 36.7 0.1
69 307.0 307.0 9.38 323.0 557.01 100.5 0.11
70 277.0 277.0 8.56 286.0 470.86 17.0 0.08
71 299.0 299.0 8.8 319.0 523.12 66.8 0.09
72 262.0 262.0 8.39 268.0 438.34 15.3 0.1
73 277.0 277.0 8.17 294.0 452.45 35.9 0.07
74 281.0 281.0 9.25 294.0 526.54 29.4 0.08
75 219.0 219.0 8.31 235.0 405.25 46.6 0.06
76 296.0 298.3 8.37 320.0 508.78 65.5 0.08
77 288.0 288.1 8.49 293.0 480.29 17.6 0.08
78 257.0 257.0 9.3 275.0 476.69 35.7 0.09
79 281.0 281.0 8.88 303.0 482.88 32.6 0.09
80 279.0 279.0 8.44 291.0 494.2 25.8 0.09
81 270.0 270.0 8.42 278.0 452.43 24.6 0.08
82 347.0 347.0 9.37 368.0 611.92 119.3 0.13
83 265.0 265.0 8.72 278.0 503.24 20.6 0.08
84 272.0 272.2 8.22 287.0 459.0 53.4 0.09
85 304.0 304.7 8.35 321.0 513.23 53.2 0.07
86 336.0 336.0 8.68 359.0 571.26 24.7 0.09
87 267.0 267.0 8.15 279.0 466.81 63.5 0.07
88 305.0 305.4 8.5 322.0 510.98 55.3 0.07
89 289.0 289.2 8.56 300.0 495.85 38.5 0.08
90 311.0 311.2 9.04 337.0 544.37 34.5 0.1
91 280.0 280.0 8.69 296.0 486.86 38.2 0.08
92 298.0 298.0 8.57 318.0 514.4 49.1 0.1
93 304.0 304.2 9.22 327.0 541.8 43.2 0.09
94 308.0 308.1 8.97 322.0 537.94 32.4 0.07
95 263.0 263.1 8.11 273.0 447.02 35.1 0.08
96 267.0 267.0 8.97 291.0 488.14 181.4 0.09
97 264.0 264.0 7.81 273.0 449.38 18.3 0.08
98 296.0 296.0 7.48 306.0 517.17 23.4 0.09
99 273.0 273.0 7.47 284.0 511.94 39.0 0.1
100 262.0 262.22 5.96 273.0 437.19 18.11 0.05
