1 308.0 308.0 12.85 333.0 525.96 22.8 0.07
2 277.0 277.0 12.07 291.0 477.67 13.3 0.05
3 285.0 285.0 13.71 303.0 496.77 14.3 0.06
4 288.0 288.0 15.09 310.0 518.2 15.5 0.07
5 282.0 282.8 15.42 306.0 509.97 95.3 0.09
6 305.0 305.0 12.38 317.0 500.65 19.1 0.07
7 288.0 288.0 15.51 305.0 519.49 9.8 0.1
8 256.0 256.0 13.1 264.0 451.45 6.9 0.06
9 277.0 277.0 12.55 286.0 466.87 10.5 0.06
10 316.0 316.1 14.0 337.0 553.73 18.6 0.08
11 304.0 304.0 15.03 325.0 531.28 22.3 0.09
12 286.0 286.0 14.31 309.0 482.83 24.2 0.08
13 266.0 266.0 15.92 281.0 483.84 23.3 0.08
14 269.0 269.0 12.81 278.0 477.62 14.1 0.07
15 275.0 275.0 12.82 289.0 490.93 14.0 0.05
16 295.0 295.0 15.39 318.0 533.9 25.5 0.08
17 262.0 262.0 13.99 284.0 465.28 28.5 0.07
18 253.0 253.0 12.67 273.0 439.25 24.7 0.06
19 244.0 244.0 12.93 265.0 442.61 21.7 0.06
20 286.0 286.0 14.66 308.0 504.12 22.3 0.08
21 292.0 292.0 14.03 306.0 517.88 14.2 0.07
22 237.0 237.0 12.37 250.0 404.94 10.8 0.06
23 276.0 276.0 12.16 286.0 454.92 9.1 0.04
24 294.0 294.0 15.77 302.0 530.81 9.1 0.08
25 238.0 238.0 12.27 248.0 417.52 14.1 0.06
26 295.0 295.0 12.06 315.0 493.81 12.4 0.06
27 302.0 302.0 15.93 317.0 565.11 14.8 0.08
28 288.0 288.3 15.31 317.0 519.51 22.3 0.09
29 298.0 298.0 14.8 322.0 548.62 18.1 0.07
30 299.0 299.0 15.45 331.0 527.46 30.4 0.07
31 265.0 265.2 12.7 285.0 460.8 32.5 0.05
32 329.0 329.0 12.43 335.0 510.85 11.8 0.05
33 309.0 309.0 15.67 335.0 550.65 27.4 0.09
34 312.0 312.0 14.85 334.0 567.2 19.5 0.07
35 285.0 285.0 15.67 306.0 511.67 21.7 0.08
36 265.0 265.0 12.68 281.0 461.33 12.7 0.05
37 276.0 276.0 15.11 294.0 500.16 23.0 0.08
38 249.0 249.0 11.8 263.0 421.1 10.1 0.05
39 277.0 277.0 13.08 306.0 491.28 17.0 0.08
40 261.0 261.0 15.18 279.0 470.56 26.0 0.08
41 289.0 289.0 12.38 305.0 469.27 18.6 0.06
42 297.0 297.0 14.22 321.0 517.62 16.9 0.07
43 297.0 297.0 15.69 318.0 552.83 16.6 0.08
44 270.0 270.0 13.97 281.0 491.92 9.8 0.08
45 322.0 322.0 16.06 345.0 572.65 20.4 0.09
46 243.0 243.0 13.23 250.0 438.66 14.9 0.06
47 323.0 323.0 13.77 345.0 534.86 19.2 0.07
48 297.0 302.4 15.56 329.0 547.32 44.0 0.08
49 268.0 268.0 14.48 288.0 479.24 19.2 0.07
50 295.0 295.0 14.29 319.0 500.25 19.9 0.07
51 280.0 280.0 14.36 306.0 496.38 27.2 0.08
52 344.0 344.0 16.06 360.0 591.65 23.9 0.09
53 282.0 283.1 15.53 307.0 529.94 33.2 0.07
54 272.0 272.0 12.04 291.0 445.05 15.2 0.05
55 304.0 304.0 12.73 316.0 493.62 23.3 0.07
56 288.0 288.0 12.59 305.0 497.94 16.5 0.05
57 259.0 259.0 14.72 277.0 484.05 15.2 0.08
58 336.0 336.0 13.75 359.0 576.1 19.5 0.07
59 284.0 284.0 15.01 294.0 483.06 11.2 0.07
60 256.0 256.0 14.73 265.0 473.9 17.9 0.06
61 308.0 308.0 14.43 333.0 528.77 24.2 0.08
62 300.0 300.0 14.73 316.0 528.87 20.7 0.07
63 279.0 279.0 14.61 298.0 496.79 16.3 0.07
64 290.0 290.0 14.55 308.0 495.63 13.3 0.1
65 277.0 277.0 13.21 297.0 473.67 20.8 0.06
66 290.0 290.0 15.6 305.0 522.69 18.5 0.1
67 319.0 329.6 15.94 353.0 575.34 101.4 0.07
68 298.0 298.0 15.79 314.0 528.42 20.5 0.09
69 307.0 307.0 15.73 323.0 557.01 18.1 0.09
70 277.0 277.0 13.6 286.0 470.86 12.6 0.09
71 298.0 298.9 14.2 319.0 523.12 33.4 0.07
72 262.0 262.0 13.37 268.0 438.34 10.8 0.06
73 277.0 277.0 12.53 294.0 452.45 16.5 0.06
74 271.0 279.0 15.66 294.0 526.54 28.5 0.09
75 219.0 219.0 11.99 235.0 405.25 12.3 0.05
76 296.0 296.0 13.3 320.0 508.78 14.5 0.06
77 288.0 288.0 12.71 293.0 480.29 8.4 0.06
78 257.0 257.0 15.37 275.0 476.69 18.9 0.1
79 281.0 281.0 14.18 303.0 482.88 15.7 0.06
80 279.0 279.0 13.06 291.0 494.2 14.1 0.05
81 270.0 270.0 12.91 278.0 452.43 11.5 0.06
82 347.0 347.0 16.21 368.0 611.92 20.4 0.11
83 265.0 265.0 13.88 278.0 503.24 12.0 0.07
84 272.0 272.0 12.53 287.0 459.0 18.0 0.06
85 304.0 304.0 12.62 321.0 513.23 25.6 0.05
86 336.0 336.0 14.0 359.0 571.26 13.0 0.1
87 267.0 267.0 12.83 279.0 466.81 12.1 0.07
88 305.0 305.0 13.2 322.0 510.98 17.5 0.07
89 289.0 289.0 14.41 300.0 495.85 15.6 0.07
90 311.0 311.0 15.03 337.0 544.37 17.7 0.1
91 280.0 280.0 13.87 296.0 486.86 12.3 0.07
92 298.0 298.0 12.96 318.0 514.4 16.0 0.06
93 304.0 304.0 15.55 327.0 541.8 14.8 0.07
94 308.0 308.0 14.41 322.0 537.94 12.5 0.08
95 263.0 263.0 12.31 273.0 447.02 14.5 0.07
96 267.0 267.0 15.25 291.0 488.14 22.6 0.07
97 264.0 264.0 12.32 273.0 449.38 9.7 0.05
98 296.0 296.0 12.16 306.0 517.17 11.8 0.08
99 273.0 273.0 12.37 284.0 511.53 25.56 0.07
100 262.0 262.0 9.54 273.0 435.23 10.0 0.05
