1 308.0 308.0 28.74 333.0 525.96 15.4 0.06
2 277.0 277.0 25.72 291.0 477.67 8.8 0.06
3 285.0 285.0 32.19 303.0 496.77 9.4 0.06
4 288.0 288.0 36.02 310.0 518.2 9.8 0.08
5 283.0 283.0 36.77 306.0 509.97 11.4 0.09
6 305.0 305.0 25.71 317.0 500.65 10.2 0.07
7 288.0 288.0 35.36 305.0 519.49 8.3 0.08
8 256.0 256.0 29.83 264.0 451.45 4.6 0.07
9 277.0 277.0 25.37 286.0 466.87 7.1 0.06
10 316.0 316.0 31.56 337.0 553.73 12.4 0.07
11 304.0 304.0 35.38 325.0 531.28 12.9 0.09
12 286.0 286.0 33.76 309.0 482.83 14.6 0.08
13 266.0 266.0 35.79 281.0 483.84 14.2 0.08
14 269.0 269.0 27.09 278.0 477.62 9.0 0.05
15 275.0 275.0 28.51 289.0 490.93 9.2 0.07
16 295.0 295.0 34.73 318.0 533.9 15.3 0.07
17 262.0 262.0 30.65 284.0 465.28 17.0 0.07
18 253.0 253.0 27.82 273.0 439.25 13.3 0.06
19 244.0 244.0 27.38 265.0 442.61 14.5 0.06
20 283.0 285.4 33.81 308.0 504.12 13.8 0.07
21 292.0 292.0 29.31 306.0 517.88 11.6 0.06
22 237.0 237.0 24.95 250.0 404.94 7.0 0.06
23 276.0 276.0 26.25 286.0 454.92 6.1 0.06
24 294.0 294.0 36.45 302.0 530.81 6.6 0.08
25 238.0 238.0 27.39 248.0 417.52 8.2 0.09
26 295.0 295.0 24.6 315.0 493.81 10.3 0.05
27 302.0 302.0 36.82 317.0 565.11 10.1 0.07
28 288.0 288.0 34.09 317.0 519.51 15.2 0.12
29 298.0 298.0 33.92 322.0 548.62 10.9 0.07
30 299.0 299.0 36.89 331.0 527.46 20.9 0.09
31 265.0 265.0 28.5 285.0 460.8 20.2 0.06
32 329.0 329.0 26.06 335.0 510.85 7.9 0.06
33 309.0 309.0 37.37 335.0 550.65 18.4 0.1
34 312.0 312.0 35.16 334.0 567.2 11.7 0.08
35 285.0 285.0 35.95 306.0 511.67 15.2 0.07
36 265.0 265.0 26.35 281.0 461.33 8.7 0.05
37 276.0 276.0 34.04 294.0 500.16 16.6 0.07
38 249.0 249.0 25.17 263.0 421.1 7.5 0.04
39 277.0 277.0 27.51 306.0 491.28 12.4 0.06
40 261.0 261.0 35.29 279.0 470.56 19.4 0.08
41 282.0 288.3 26.43 305.0 469.27 12.3 0.06
42 297.0 297.0 30.86 321.0 517.62 9.3 0.07
43 297.0 297.0 35.85 318.0 552.83 11.7 0.07
44 270.0 270.0 29.42 281.0 491.92 7.3 0.07
45 322.0 322.0 37.86 345.0 572.65 12.6 0.08
46 243.0 243.0 26.12 250.0 438.66 9.4 0.07
47 323.0 323.0 30.48 345.0 534.86 13.0 0.08
48 303.0 303.0 35.62 329.0 547.32 12.2 0.07
49 268.0 268.0 31.97 288.0 479.24 11.9 0.07
50 295.0 295.0 32.7 319.0 500.25 15.0 0.07
51 280.0 280.0 31.57 306.0 496.38 16.6 0.08
52 344.0 344.0 37.35 360.0 591.65 10.1 0.08
53 282.0 282.0 36.34 307.0 529.94 17.7 0.07
54 272.0 272.0 25.41 291.0 445.05 10.2 0.05
55 304.0 304.0 25.82 316.0 493.62 14.9 0.06
56 288.0 288.0 25.5 305.0 497.94 11.0 0.06
57 259.0 259.0 34.01 277.0 484.05 12.1 0.08
58 336.0 336.0 29.41 359.0 576.1 14.1 0.07
59 284.0 284.0 33.16 294.0 483.06 6.8 0.06
60 256.0 256.0 32.72 265.0 473.9 12.9 0.07
61 308.0 308.0 31.46 333.0 528.77 16.4 0.08
62 300.0 300.0 33.87 316.0 528.87 12.6 0.08
63 279.0 279.0 32.1 298.0 496.79 11.1 0.07
64 290.0 290.0 30.68 308.0 495.63 9.1 0.07
65 277.0 277.0 27.89 297.0 473.67 13.3 0.06
66 290.0 290.0 35.91 305.0 522.69 13.9 0.08
67 325.0 329.8 36.88 353.0 575.34 15.8 0.08
68 298.0 298.0 36.27 314.0 528.42 13.4 0.08
69 307.0 307.0 34.91 323.0 557.01 12.4 0.09
70 277.0 277.0 29.39 286.0 470.86 8.5 0.07
71 299.0 299.0 31.3 319.0 523.12 12.5 0.08
72 262.0 262.0 28.0 268.0 438.34 5.5 0.05
73 277.0 277.0 25.63 294.0 452.45 10.8 0.04
74 271.0 278.0 36.45 294.0 526.54 12.0 0.09
75 219.0 219.0 24.91 235.0 405.25 8.4 0.05
76 296.0 296.0 28.71 320.0 508.78 10.3 0.08
77 288.0 288.0 27.01 293.0 480.29 6.1 0.06
78 257.0 257.0 37.65 275.0 476.69 14.0 0.08
79 281.0 281.0 32.61 303.0 482.88 11.0 0.07
80 279.0 279.0 28.2 291.0 494.2 9.2 0.06
81 270.0 270.0 25.92 278.0 452.43 6.9 0.06
82 347.0 347.0 37.15 368.0 611.92 13.9 0.09
83 265.0 265.0 31.97 278.0 503.24 7.0 0.08
84 272.0 272.0 25.79 287.0 459.0 11.8 0.06
85 304.0 304.0 27.39 321.0 513.23 17.2 0.06
86 336.0 336.0 31.98 359.0 571.26 9.1 0.07
87 267.0 267.0 28.44 279.0 466.81 8.8 0.05
88 305.0 305.0 30.05 322.0 510.98 11.3 0.07
89 289.0 289.0 30.79 300.0 495.85 10.3 0.07
90 311.0 311.0 33.82 337.0 544.37 12.6 0.09
91 280.0 280.0 31.05 296.0 486.86 8.4 0.06
92 298.0 298.0 29.14 318.0 514.4 9.9 0.07
93 304.0 304.0 35.05 327.0 541.8 13.4 0.08
94 308.0 308.0 31.71 322.0 537.94 8.6 0.08
95 263.0 263.0 27.16 273.0 447.02 9.4 0.06
96 267.0 267.0 35.05 291.0 488.14 16.0 0.08
97 264.0 264.0 26.42 273.0 449.38 6.9 0.06
98 296.0 296.0 26.81 306.0 517.17 8.4 0.06
99 273.0 273.0 29.61 284.0 506.83 15.33 0.07
100 262.0 262.0 20.89 273.0 435.23 6.3 0.05
