1 308.0 308.2 6.92 333.0 525.96 74.1 0.06
2 277.0 277.0 6.85 291.0 477.67 20.7 0.06
3 285.0 285.6 7.62 303.0 496.77 22.6 0.07
4 288.0 288.3 8.64 310.0 518.2 55.7 0.08
5 282.0 282.7 8.12 306.0 509.97 89.8 0.08
6 305.0 305.0 7.3 317.0 500.65 28.1 0.05
7 288.0 288.4 8.43 305.0 519.49 53.7 0.08
8 256.0 256.0 7.62 264.0 451.45 11.4 0.06
9 277.0 277.0 7.59 286.0 466.87 18.5 0.05
10 316.0 316.0 7.9 337.0 553.73 55.1 0.07
11 304.0 304.0 8.22 325.0 531.28 35.5 0.07
12 286.0 286.0 8.32 309.0 482.83 40.6 0.09
13 266.0 266.1 8.92 281.0 483.84 31.8 0.09
14 269.0 269.0 7.8 278.0 477.62 21.0 0.07
15 275.0 275.0 7.89 289.0 490.93 34.7 0.07
16 295.0 295.0 8.8 318.0 533.9 65.0 0.08
17 262.0 262.2 8.76 284.0 465.28 124.3 0.07
18 253.0 253.0 7.89 273.0 439.25 77.4 0.06
19 244.0 244.1 8.13 265.0 442.61 68.4 0.05
20 286.0 286.0 8.58 308.0 504.12 59.2 0.08
21 292.0 292.0 8.56 306.0 517.88 29.3 0.07
22 237.0 237.0 7.66 250.0 404.94 19.4 0.07
23 276.0 276.0 7.71 286.0 454.92 12.8 0.07
24 294.0 294.0 8.78 302.0 530.81 13.4 0.11
25 238.0 238.0 7.74 248.0 417.52 29.1 0.06
26 295.0 295.0 7.57 315.0 493.81 23.5 0.06
27 302.0 302.0 8.89 317.0 565.11 63.4 0.09
28 288.0 288.0 8.58 317.0 519.51 36.2 0.07
29 298.0 298.6 8.36 322.0 548.62 27.0 0.08
30 299.0 299.0 8.63 331.0 527.46 59.0 0.11
31 265.0 265.0 7.92 285.0 460.8 42.5 0.06
32 329.0 329.0 7.88 335.0 510.85 16.7 0.05
33 309.0 309.1 8.94 335.0 550.65 78.3 0.09
34 312.0 312.0 8.89 334.0 567.2 47.1 0.1
35 285.0 285.2 9.28 306.0 511.67 119.4 0.07
36 265.0 265.0 7.89 281.0 461.33 29.4 0.07
37 276.0 276.4 8.57 294.0 500.16 76.7 0.07
38 249.0 249.0 7.8 263.0 421.1 24.0 0.05
39 276.0 277.0 7.84 306.0 491.28 93.6 0.07
40 260.0 260.8 8.68 279.0 470.56 111.9 0.08
41 289.0 289.6 7.73 305.0 469.27 29.9 0.05
42 297.0 297.0 8.66 321.0 517.62 26.5 0.07
43 297.0 297.0 8.72 318.0 552.83 52.7 0.07
44 270.0 270.0 8.16 281.0 491.92 15.0 0.08
45 322.0 322.0 9.12 345.0 572.65 30.9 0.09
46 243.0 243.0 8.12 250.0 438.66 25.6 0.07
47 323.0 323.0 8.37 345.0 534.86 72.8 0.06
48 297.0 302.4 8.96 329.0 547.32 108.1 0.1
49 268.0 268.0 8.8 288.0 479.24 75.7 0.08
50 295.0 296.4 8.68 319.0 500.25 74.4 0.08
51 280.0 280.0 8.81 306.0 496.38 64.7 0.08
52 344.0 344.0 9.4 360.0 591.65 48.8 0.1
53 282.0 282.6 8.99 307.0 529.94 120.5 0.08
54 272.0 272.0 7.98 291.0 445.05 35.2 0.06
55 304.0 304.0 8.3 316.0 493.62 31.0 0.05
56 288.0 288.1 7.91 305.0 497.94 62.5 0.06
57 259.0 259.0 8.6 277.0 484.05 28.9 0.08
58 336.0 336.0 8.32 359.0 576.1 41.5 0.09
59 284.0 284.0 9.05 294.0 483.06 19.8 0.07
60 256.0 256.0 8.74 265.0 473.9 27.7 0.08
61 308.0 308.0 8.28 333.0 528.77 50.6 0.07
62 300.0 300.0 8.84 316.0 528.87 47.1 0.08
63 279.0 279.0 8.79 298.0 496.79 103.0 0.07
64 290.0 290.0 8.8 308.0 495.63 38.0 0.08
65 277.0 277.6 8.25 297.0 473.67 33.7 0.06
66 290.0 290.5 9.04 305.0 522.69 37.4 0.08
67 329.0 332.7 9.05 353.0 575.34 40.8 0.08
68 298.0 298.0 8.71 314.0 528.42 59.6 0.08
69 307.0 307.0 8.94 323.0 557.01 29.7 0.08
70 277.0 277.0 8.26 286.0 470.86 23.0 0.08
71 298.0 298.9 8.61 319.0 523.12 47.4 0.08
72 262.0 262.0 8.14 268.0 438.34 31.9 0.06
73 277.0 277.0 7.71 294.0 452.45 36.5 0.06
74 281.0 281.0 9.01 294.0 526.54 25.3 0.08
75 219.0 219.0 7.98 235.0 405.25 26.2 0.05
76 296.0 298.1 8.32 320.0 508.78 70.9 0.06
77 288.0 288.0 7.97 293.0 480.29 18.8 0.06
78 257.0 257.2 9.1 275.0 476.69 72.9 0.09
79 281.0 281.0 8.47 303.0 482.88 30.6 0.07
80 279.0 279.0 8.05 291.0 494.2 19.0 0.05
81 270.0 270.0 7.93 278.0 452.43 30.6 0.08
82 347.0 347.3 8.97 368.0 611.92 43.9 0.09
83 265.0 265.0 8.51 278.0 503.24 20.9 0.08
84 272.0 272.0 7.73 287.0 459.0 45.8 0.07
85 304.0 304.0 8.19 321.0 513.23 36.8 0.06
86 336.0 336.3 8.38 359.0 571.26 62.9 0.1
87 267.0 267.0 7.88 279.0 466.81 39.6 0.07
88 305.0 305.1 8.4 322.0 510.98 66.0 0.07
89 289.0 289.3 8.37 300.0 495.85 26.7 0.08
90 311.0 311.0 8.6 337.0 544.37 39.3 0.1
91 280.0 280.0 8.33 296.0 486.86 21.3 0.06
92 298.0 298.0 7.93 318.0 514.4 27.9 0.07
93 304.0 304.0 8.68 327.0 541.8 49.4 0.08
94 308.0 308.0 8.41 322.0 537.95 32.4 0.07
95 263.0 263.0 7.59 273.0 447.02 22.3 0.07
96 267.0 267.0 8.43 291.0 488.14 80.0 0.1
97 264.0 264.0 7.78 273.0 449.38 20.8 0.06
98 296.0 296.0 7.4 306.0 517.17 19.2 0.07
99 273.0 273.0 6.67 284.0 511.94 61.8 0.09
100 262.0 262.0 5.44 281.0 436.02 16.44 0.05
