1 308.0 308.0 8.73 333.0 525.96 21.3 0.06
2 277.0 277.0 8.33 291.0 477.67 12.1 0.07
3 285.0 285.0 8.91 303.0 496.77 11.7 0.06
4 288.0 288.0 9.43 310.0 518.2 13.2 0.07
5 282.0 282.9 9.83 306.0 509.97 50.2 0.13
6 305.0 305.0 7.97 317.0 500.65 14.3 0.1
7 288.0 288.0 9.83 305.0 519.49 13.1 0.07
8 256.0 256.0 8.58 264.0 451.45 5.7 0.06
9 277.0 277.0 9.15 286.0 466.87 8.6 0.07
10 316.0 316.0 9.33 337.0 553.73 15.6 0.1
11 304.0 304.2 9.6 325.0 531.28 15.7 0.09
12 286.0 286.7 9.14 309.0 482.83 37.2 0.08
13 266.0 266.0 10.19 281.0 483.84 15.1 0.09
14 269.0 269.0 8.82 278.0 477.62 12.5 0.09
15 275.0 275.0 8.88 289.0 490.93 13.3 0.05
16 295.0 295.0 9.78 318.0 533.9 22.1 0.09
17 262.0 262.3 9.67 284.0 465.28 23.4 0.06
18 253.0 253.0 9.07 273.0 439.25 17.1 0.07
19 244.0 244.1 9.13 265.0 442.61 17.0 0.06
20 286.0 286.0 9.54 308.0 504.12 20.4 0.07
21 292.0 292.0 9.74 306.0 517.88 14.1 0.07
22 237.0 237.0 8.68 250.0 404.94 9.9 0.05
23 276.0 276.0 8.99 286.0 454.92 8.0 0.06
24 294.0 294.0 10.02 302.0 530.81 9.1 0.1
25 238.0 238.0 9.28 248.0 417.52 11.3 0.07
26 295.0 295.0 8.73 315.0 493.81 11.4 0.05
27 302.0 302.0 10.43 317.0 565.11 12.5 0.08
28 288.0 288.0 9.93 317.0 519.51 28.9 0.07
29 298.0 298.0 10.2 322.0 548.62 17.9 0.09
30 299.0 299.5 10.26 331.0 527.46 38.5 0.08
31 265.0 265.1 9.11 285.0 460.8 25.0 0.05
32 329.0 329.0 8.86 335.0 510.85 8.5 0.06
33 309.0 309.0 10.19 335.0 550.65 23.0 0.08
34 312.0 312.0 10.12 334.0 567.2 18.7 0.08
35 285.0 285.4 10.33 306.0 511.67 21.4 0.08
36 265.0 265.0 9.19 281.0 461.33 12.0 0.06
37 276.0 276.0 10.11 294.0 500.16 23.3 0.07
38 249.0 249.0 9.04 263.0 421.1 9.1 0.06
39 276.0 276.7 9.13 306.0 491.28 82.4 0.06
40 261.0 261.0 10.17 279.0 470.56 22.6 0.08
41 289.0 289.0 9.07 305.0 469.27 17.9 0.06
42 297.0 297.0 9.67 321.0 517.62 13.8 0.07
43 297.0 297.0 10.36 318.0 552.83 16.7 0.08
44 270.0 270.0 9.38 281.0 491.92 8.7 0.07
45 322.0 322.0 10.59 345.0 572.65 14.7 0.07
46 243.0 243.0 9.23 250.0 438.66 10.5 0.07
47 323.0 323.0 9.63 345.0 534.86 17.1 0.06
48 297.0 301.8 10.36 329.0 547.32 59.3 0.07
49 268.0 268.1 9.85 288.0 479.24 17.9 0.07
50 295.0 295.1 9.78 319.0 500.25 22.0 0.08
51 280.0 280.0 9.65 306.0 496.38 21.3 0.08
52 344.0 344.0 10.35 360.0 591.65 12.8 0.08
53 282.0 282.0 10.35 307.0 529.94 53.8 0.1
54 272.0 272.0 8.95 291.0 445.05 13.5 0.05
55 304.0 304.1 9.19 316.0 493.62 17.1 0.05
56 288.0 288.2 8.92 305.0 497.94 12.8 0.05
57 259.0 259.6 10.11 277.0 484.05 16.6 0.07
58 336.0 336.2 9.51 359.0 576.1 17.5 0.07
59 284.0 284.0 10.06 294.0 483.06 9.9 0.08
60 256.0 256.0 9.94 265.0 473.9 16.5 0.07
61 308.0 308.0 9.66 333.0 528.77 23.5 0.08
62 300.0 300.0 9.73 316.0 528.87 16.1 0.07
63 279.0 279.3 9.86 298.0 496.79 19.0 0.07
64 290.0 290.0 9.87 308.0 495.63 13.1 0.08
65 277.0 277.0 9.22 297.0 473.67 16.7 0.06
66 290.0 290.0 10.44 305.0 522.69 21.9 0.07
67 329.0 332.1 10.32 353.0 575.34 20.1 0.08
68 298.0 298.0 10.22 314.0 528.42 16.7 0.08
69 307.0 307.1 10.23 323.0 557.02 15.5 0.08
70 277.0 277.0 9.52 286.0 470.86 11.4 0.06
71 299.0 299.0 9.81 319.0 523.12 18.0 0.06
72 262.0 262.0 9.37 268.0 438.34 7.6 0.06
73 277.0 277.0 8.99 294.0 452.45 13.5 0.05
74 281.0 281.0 10.37 294.0 526.55 14.5 0.08
75 219.0 219.0 9.12 235.0 405.24 13.5 0.07
76 296.0 296.0 9.6 320.0 508.78 27.3 0.06
77 288.0 288.0 9.3 293.0 480.29 9.9 0.06
78 257.0 257.0 10.28 275.0 476.69 17.8 0.09
79 281.0 281.0 9.57 303.0 482.88 15.2 0.07
80 279.0 279.2 9.29 291.0 494.2 11.4 0.06
81 270.0 270.0 9.08 278.0 452.43 9.8 0.07
82 347.0 347.0 10.2 368.0 611.92 19.6 0.08
83 265.0 265.0 9.05 278.0 503.23 12.5 0.06
84 272.0 272.0 8.52 287.0 459.0 14.9 0.06
85 304.0 304.2 9.45 321.0 513.23 20.6 0.07
86 336.0 336.0 9.18 359.0 571.26 13.1 0.07
87 267.0 267.0 8.76 279.0 466.81 10.1 0.05
88 305.0 305.0 9.15 322.0 510.98 72.8 0.06
89 289.0 289.0 9.64 300.0 495.85 14.4 0.06
90 311.0 311.2 9.68 337.0 544.37 19.5 0.08
91 280.0 280.0 9.17 296.0 486.86 10.9 0.07
92 298.0 298.0 9.29 318.0 514.4 49.5 0.05
93 304.0 304.2 10.18 327.0 541.8 12.5 0.07
94 308.0 308.0 9.8 322.0 537.94 12.2 0.07
95 263.0 263.0 9.13 273.0 447.02 15.2 0.06
96 267.0 267.4 9.84 291.0 488.14 32.8 0.08
97 264.0 264.0 8.99 273.0 449.38 9.0 0.07
98 296.0 296.0 8.33 306.0 517.17 13.0 0.06
99 273.0 273.0 7.65 284.0 517.99 20.33 0.08
100 262.0 262.0 6.41 273.0 435.23 7.8 0.05
