1 308.0 308.0 10.0 333.0 525.96 10.5 0.07
2 277.0 277.0 9.91 291.0 477.67 6.0 0.05
3 285.0 285.0 9.98 303.0 496.77 6.7 0.07
4 288.0 288.0 11.06 310.0 518.2 6.5 0.07
5 283.0 283.0 11.03 306.0 509.97 7.1 0.13
6 305.0 305.0 9.11 317.0 500.65 7.9 0.06
7 288.0 288.0 10.79 305.0 519.49 5.1 0.07
8 256.0 256.0 9.84 264.0 451.45 3.6 0.08
9 277.0 277.0 10.23 286.0 466.87 5.5 0.09
10 316.0 316.0 10.75 337.0 553.73 7.8 0.09
11 304.0 304.0 11.11 325.0 531.28 7.9 0.09
12 286.0 286.0 10.76 309.0 482.83 8.5 0.07
13 266.0 266.0 11.98 281.0 483.84 7.9 0.1
14 269.0 269.0 10.25 278.0 477.62 6.6 0.07
15 275.0 275.0 10.25 289.0 490.93 5.9 0.05
16 295.0 295.0 11.77 318.0 533.9 9.0 0.08
17 262.0 262.0 11.26 284.0 465.28 11.0 0.07
18 253.0 253.0 10.17 273.0 439.25 7.4 0.07
19 244.0 244.0 10.12 265.0 442.61 7.4 0.07
20 286.0 286.0 11.03 308.0 504.12 9.9 0.07
21 292.0 292.0 10.92 306.0 517.88 6.4 0.07
22 237.0 237.0 10.07 250.0 404.94 4.3 0.06
23 276.0 276.0 9.98 286.0 454.92 4.0 0.06
24 294.0 294.0 11.85 302.0 530.81 4.8 0.08
25 238.0 238.0 10.36 248.0 417.52 5.8 0.06
26 295.0 295.0 10.13 315.0 493.81 6.5 0.05
27 302.0 302.0 11.78 317.0 565.11 6.3 0.09
28 288.0 288.0 11.59 317.0 519.51 9.9 0.08
29 298.0 298.0 11.51 322.0 548.62 6.7 0.08
30 299.0 299.0 11.72 331.0 527.46 12.7 0.08
31 265.0 265.0 10.39 285.0 460.8 12.0 0.06
32 329.0 329.0 10.4 335.0 510.85 4.7 0.05
33 309.0 309.0 11.93 335.0 550.65 10.5 0.08
34 312.0 312.0 11.58 334.0 567.2 7.9 0.1
35 285.0 285.0 11.75 306.0 511.67 9.7 0.09
36 265.0 265.0 10.37 281.0 461.33 5.9 0.07
37 276.0 276.0 11.27 294.0 500.16 10.2 0.06
38 249.0 249.0 10.24 263.0 421.1 4.5 0.05
39 277.0 277.0 10.52 306.0 491.28 7.2 0.09
40 261.0 261.0 11.52 279.0 470.56 11.7 0.08
41 289.0 289.0 10.2 305.0 469.27 7.7 0.06
42 297.0 297.0 11.41 321.0 517.62 6.1 0.07
43 297.0 297.0 11.74 318.0 552.83 7.5 0.07
44 270.0 270.0 10.99 281.0 491.92 4.3 0.06
45 322.0 322.0 12.1 345.0 572.65 7.4 0.1
46 243.0 243.0 10.5 250.0 438.66 5.6 0.07
47 323.0 323.0 11.16 345.0 534.86 8.1 0.08
48 303.0 303.0 11.99 329.0 547.32 8.8 0.08
49 268.0 268.0 11.31 288.0 479.24 7.8 0.08
50 295.0 295.0 11.41 319.0 500.25 8.1 0.06
51 280.0 280.0 11.31 306.0 496.38 10.9 0.08
52 344.0 344.0 11.74 360.0 591.65 6.2 0.11
53 282.0 282.0 11.72 307.0 529.94 10.9 0.07
54 272.0 272.0 10.29 291.0 445.05 5.7 0.05
55 304.0 304.0 10.34 316.0 493.62 9.0 0.04
56 288.0 288.0 10.21 305.0 497.94 6.4 0.06
57 259.0 259.0 11.22 277.0 484.05 7.8 0.07
58 336.0 336.0 10.89 359.0 576.1 8.4 0.09
59 284.0 284.0 11.53 294.0 483.06 3.8 0.08
60 256.0 256.0 11.29 265.0 473.9 8.5 0.07
61 308.0 308.0 10.73 333.0 528.77 9.8 0.09
62 300.0 300.0 11.37 316.0 528.87 6.9 0.07
63 279.0 279.0 11.03 298.0 496.79 7.2 0.07
64 290.0 290.0 10.79 308.0 495.63 5.6 0.06
65 277.0 277.0 10.33 297.0 473.67 8.1 0.05
66 290.0 290.0 11.56 305.0 522.69 9.5 0.07
67 330.0 332.4 12.11 353.0 575.34 9.7 0.12
68 298.0 298.0 11.88 314.0 528.42 7.7 0.09
69 307.0 307.0 11.94 323.0 557.01 7.4 0.1
70 277.0 277.0 10.6 286.0 470.86 4.9 0.06
71 299.0 299.0 11.01 319.0 523.12 7.3 0.09
72 262.0 262.0 10.87 268.0 438.34 3.5 0.06
73 277.0 277.0 10.43 294.0 452.45 6.3 0.06
74 281.0 281.0 11.92 294.0 526.54 7.0 0.09
75 219.0 219.0 9.99 235.0 405.25 5.1 0.05
76 296.0 296.0 10.96 320.0 508.78 6.1 0.06
77 288.0 288.0 10.67 293.0 480.29 4.1 0.07
78 257.0 257.0 11.74 275.0 476.69 7.7 0.09
79 281.0 281.0 10.97 303.0 482.88 7.1 0.07
80 279.0 279.0 10.74 291.0 494.2 5.6 0.06
81 270.0 270.0 10.54 278.0 452.43 4.5 0.07
82 347.0 347.0 12.18 368.0 611.92 8.9 0.08
83 265.0 265.0 10.65 278.0 503.24 4.7 0.07
84 272.0 272.0 9.69 287.0 459.0 7.9 0.06
85 304.0 304.0 10.83 321.0 513.23 9.4 0.07
86 336.0 336.0 10.99 359.0 571.26 6.4 0.08
87 267.0 267.0 9.82 279.0 466.81 4.8 0.05
88 305.0 305.0 10.68 322.0 510.98 7.0 0.06
89 289.0 289.0 11.32 300.0 495.85 6.5 0.07
90 311.0 311.0 11.44 337.0 544.37 8.0 0.09
91 280.0 280.0 10.87 296.0 486.86 5.9 0.08
92 298.0 298.0 10.5 318.0 514.4 6.2 0.05
93 304.0 304.0 11.58 327.0 541.8 6.9 0.08
94 303.0 307.5 11.12 322.0 537.94 6.1 0.07
95 263.0 263.0 9.77 273.0 447.02 5.9 0.07
96 267.0 267.0 11.33 291.0 488.14 9.9 0.07
97 264.0 264.0 10.08 273.0 449.38 4.2 0.07
98 296.0 296.0 9.46 306.0 517.17 5.2 0.07
99 273.0 273.0 9.16 284.0 512.84 9.89 0.08
100 262.0 262.0 7.38 273.0 435.23 4.4 0.05
