gr17 2760.0 2963.0 5.84 2995.0 3854.83 1.8 0.01
gr21 8043.0 8387.98 6.55 9067.0 11398.76 11.3 0.01
gr24 1867.0 1891.75 6.45 1867.0 2550.83 2.0 0.02
fri26 1302.0 1316.42 7.12 1302.0 1833.97 1.3 0.02
bays29 2991.0 3066.45 7.71 3090.0 4367.59 4.4 0.03
gr48 7594.0 7726.84 10.86 8132.0 12576.97 10.8 0.07
eil51 639.78 647.4 11.9 680.57 1038.69 10.0 0.09
berlin52 11259.14 11481.77 11.75 12133.14 18390.15 8.5 0.08
eil76 818.94 833.89 15.79 872.61 1457.95 9.2 0.19
eil101 950.74 968.2 21.05 1030.99 1784.46 19.0 0.37
