13457
13988
12874
13194
13419
13753
13255
13320
13571
13241
12739
13125
12747
13504
13177
12903
12862
13288
13566
13627
13041
13494
12922
13588
13794
13671
12846
13210
13013
13166
13261
13287
13327
13846
12368
13428
13263
13213
13746
13483
13081
13482
13250
12510
12826
13374
14166
13655
13813
13468
13665
13437
13500
13350
13306
13339
13389
13885
13181
13273
13134
13159
13458
12763
13255
13936
13218
12963
13256
13269
13072
13383
13679
13732
13204
13524
12868
13706
13210
13183
12686
13495
12755
13278
12740
13941
12671
13066
12988
13594
13628
13172
13288
13321
13447
13069
12795
13145
14453
12800
3138
3370
3370
3370
3550
3179
3430
3479
3245
3439
3283
3392
3422
3362
3368
3585
3456
3502
3394
3376
3481
3581
3286
3352
3552
3367
3458
3391
3207
3138
3189
3466
3548
3377
3387
3389
3567
3521
3313
3173
3345
3386
3306
3496
3471
3285
3219
3478
3487
3464
3271
3227
3410
3263
3600
3580
3591
3518
3194
3295
3310
3511
3450
3373
3586
3515
3326
3234
3509
3414
3472
3517
3304
3178
3303
3511
3359
3338
3538
3430
3322
3367
3308
3431
3397
3450
3427
3276
3309
3719
3340
3444
3205
3344
3510
3378
3523
3185
3644
3395
298
267
280
283
275
298
281
250
277
308
297
280
263
266
269
291
260
252
239
281
284
236
274
290
238
289
296
280
294
296
258
318
304
293
280
263
269
247
274
254
282
292
291
264
317
242
314
294
264
286
273
334
281
262
299
288
254
331
283
254
305
289
272
283
266
284
318
295
297
273
292
254
273
271
211
293
271
254
276
270
259
337
257
263
295
330
257
294
285
311
273
290
295
303
256
263
249
289
265
248
2760
7788
1806
1283
2916
7282
628.51
11087.21
801.91
945.3184