16.392955339228653 0.0
15.99942808121247 0.0
15.34876495261768 0.0
16.28012733060482 0.0
16.484089723526342 0.0
16.389151457863736 0.0
15.058468502451905 0.0
15.818318318318319 0.0
16.64578881438361 0.0
14.923344158296201 0.0
14.373184708375852 0.0
15.969523809523809 0.0
14.819173138777753 0.0
16.928317535545023 0.0
16.665401836533352 0.0
14.554754708207392 0.0
15.565230912766289 0.0
16.32299819385912 0.0
16.865693645879404 0.0
16.115065678432526 0.0
15.68898090637221 0.0
16.029346376167187 0.0
15.601300108342361 0.0
16.941418899028555 0.0
16.811657242279253 0.0
15.887645380732938 0.0
15.927136851938348 0.0
16.154428463285388 0.0
15.253976792438332 0.0
15.183047242898375 0.0
15.71525525978433 0.0
15.857605177993527 0.0
14.99212125759736 0.0
16.553517261302904 0.0
15.863518758085382 0.0
15.199582960977063 0.0
15.215260499132926 0.0
16.014531143570725 0.0
16.302924487123526 0.0
16.383594155603355 0.0
15.893280330249981 0.0
16.78534342085744 0.0
15.267924528301888 0.0
15.627498001598722 0.0
14.688913145173865 0.0
15.328248841034844 0.0
17.16080756741494 0.0
16.89491028927133 0.0
16.100774632592486 0.0
16.038016038016035 0.0
15.982436882546653 0.0
15.985711096226837 0.0
15.311111111111112 0.0
16.284644194756552 0.0
15.369006463249663 0.0
16.09565934477847 0.0
15.833893494659796 0.0
15.959668707238025 -0.007202016564638099
16.25825051210075 0.0
15.731183605816318 0.0
15.760621288259479 0.0
15.533095220001519 0.0
15.440630108485658 0.0
14.761419728903864 0.0
15.066012825348926 0.0
16.826923076923077 0.0
16.152216674232108 0.0
13.793103448275861 0.0
15.691007845503924 0.0
15.796216745798478 0.0
15.001529987760097 0.0
16.356571770156165 0.0
16.426639374223264 0.0
16.603553743081854 0.0
15.98000605877007 0.0
16.415261756876664 0.0
15.480261112838049 0.0
16.357799503866918 0.0
16.018168054504166 0.0
15.497231282712583 0.0
15.63928740343686 0.0
16.117080400148204 0.0
15.28812230497844 0.0
15.913541195963246 0.0
15.580847723704865 0.0
15.795136647299332 0.0
15.9734827558993 0.0
15.268636154905863 0.0
15.32183554049892 0.0
16.03648668530234 0.0
16.07719401232756 0.0
15.965684785909506 0.0
15.909090909090908 0.0
16.605359957961113 0.0
16.791849483156092 0.0
15.096793939857678 0.0
15.65455255959359 0.0
15.290985165462153 0.0
15.85138033626237 0.0
16.03125 0.0
8.189929891650733 0.0
7.537091988130563 0.0
10.029673590504451 0.0
8.783382789317509 0.0
11.098591549295774 0.0
7.297892418999686 0.0
10.466472303206997 0.0
11.842483472262144 0.0
9.368258859784284 0.0
10.846176214015703 0.0
8.650624428876027 0.0
8.49056603773585 0.0
11.338398597311514 0.0
8.536585365853659 0.0
10.332541567695962 0.0
10.0697350069735 0.0
10.21412037037037 0.0
9.25185608223872 0.0
7.5132586918090745 0.0
9.389810426540285 0.0
8.819304797471991 0.0
11.058363585590616 0.0
7.76019476567255 0.0
9.994033412887827 0.0
10.332207207207206 0.0
7.840807840807841 0.0
10.323886639676113 0.0
9.171335889118254 0.0
7.171811661989398 0.0
8.126195028680689 0.0
7.18093446221386 0.0
9.290248124639353 0.0
9.92108229988726 0.0
9.920047379330766 0.0
8.65072335400059 0.0
7.937444673945117 0.0
9.5878889823381 0.0
9.429139449020164 0.0
9.417446423181406 0.0
7.97352663094863 0.0
10.134529147982063 0.0
10.45481393975192 0.0
10.3145795523291 0.0
9.954233409610984 0.0
9.709017574186113 0.0
8.462709284627094 0.0
9.195402298850574 0.0
8.740655549166188 0.0
8.230570691138514 0.0
10.103926096997691 0.0
7.9792112503821455 0.0
8.955686396033467 0.0
8.7683284457478 0.0
9.377873122893043 0.0
10.833333333333334 0.0
9.497206703910614 0.0
10.944026733500417 0.0
9.977259806708357 0.0
8.922980588603632 0.0
8.831562974203338 0.0
9.425981873111782 0.0
9.541441184847622 0.0
9.391304347826086 0.0
9.131337088645124 0.0
9.39765755716676 0.0
9.871977240398293 0.0
8.298256163559833 0.0
9.740259740259742 0.0
10.202336848104872 0.0
10.54481546572935 0.0
9.67741935483871 0.0
11.515496161501279 0.0
9.291767554479419 0.0
7.426054122089365 0.0
7.568876778686043 0.0
9.940187980632299 0.0
9.735040190532898 0.0
8.238466147393648 0.0
10.7687959299039 0.0
8.309037900874635 0.0
7.1944611679711015 0.0
8.702108702108703 0.0
8.615477629987907 0.0
10.725735937044593 0.0
9.508389755666764 0.0
10.057971014492754 0.0
10.82579515611322 0.0
9.24908424908425 0.0
7.555152614082806 0.0
11.616025813390696 0.0
7.455089820359281 0.0
9.581881533101045 0.0
8.673946957878314 0.0
7.715311004784689 0.0
10.712250712250713 0.0
6.364712847838957 0.0
10.246948623332388 0.0
9.701726844583987 0.0
10.236004390779364 0.0
10.103092783505154 0.0
3.3557046979865772 3.3557046979865772
3.7453183520599254 3.7453183520599254
1.7857142857142856 1.7857142857142856
1.76678445229682 1.76678445229682
2.909090909090909 2.5454545454545454
2.348993288590604 2.348993288590604
2.491103202846975 2.491103202846975
2.4 2.4
0.0 0.0
2.5974025974025974 2.5974025974025974
2.356902356902357 2.356902356902357
2.142857142857143 2.142857142857143
1.1406844106463878 1.1406844106463878
1.1278195488721803 1.1278195488721803
2.2304832713754648 2.2304832713754648
1.3745704467353952 1.3745704467353952
0.7692307692307693 0.7692307692307693
0.3968253968253968 0.3968253968253968
2.092050209205021 2.092050209205021
0.7117437722419928 1.7793594306049825
2.8169014084507045 2.8169014084507045
0.423728813559322 0.423728813559322
0.7299270072992701 0.7299270072992701
1.3793103448275863 1.3793103448275863
0.0 0.0
2.0761245674740483 2.0761245674740483
2.027027027027027 2.027027027027027
2.857142857142857 2.857142857142857
1.3605442176870748 1.3605442176870748
1.0135135135135136 1.0135135135135136
2.7131782945736433 2.7131782945736433
3.459119496855346 3.459119496855346
1.644736842105263 1.644736842105263
6.484641638225256 6.484641638225256
1.7857142857142856 1.7857142857142856
0.7604562737642585 0.7604562737642585
2.6022304832713754 2.6022304832713754
0.8097165991902834 0.8097165991902834
1.094890510948905 1.094890510948905
2.7559055118110236 2.3622047244094486
0.0 2.4822695035460995
1.7123287671232876 1.7123287671232876
2.0618556701030926 2.0618556701030926
2.272727272727273 2.272727272727273
1.5772870662460567 1.5772870662460567
0.4132231404958678 0.4132231404958678
2.8662420382165608 2.8662420382165608
3.061224489795918 1.0204081632653061
1.5151515151515151 1.5151515151515151
3.146853146853147 3.146853146853147
2.564102564102564 2.564102564102564
2.9940119760479043 2.9940119760479043
0.3558718861209964 0.3558718861209964
3.816793893129771 3.816793893129771
1.6722408026755853 1.6722408026755853
0.0 0.0
1.968503937007874 1.968503937007874
1.5105740181268883 1.5105740181268883
0.35335689045936397 0.35335689045936397
0.7874015748031495 0.7874015748031495
0.9836065573770493 0.9836065573770493
3.8062283737024223 3.8062283737024223
2.5735294117647056 2.5735294117647056
2.4734982332155475 2.4734982332155475
4.135338345864661 4.135338345864661
2.112676056338028 2.112676056338028
2.20125786163522 2.20125786163522
1.0169491525423728 1.0169491525423728
3.3670033670033668 3.3670033670033668
1.465201465201465 1.465201465201465
2.3972602739726026 2.054794520547945
3.149606299212598 1.1811023622047243
1.465201465201465 1.465201465201465
0.0 3.6900369003690034
3.7914691943127963 3.7914691943127963
1.023890784982935 1.023890784982935
6.273062730627306 6.273062730627306
1.1811023622047243 1.1811023622047243
1.8115942028985508 1.8115942028985508
3.3333333333333335 3.3333333333333335
4.247104247104247 4.247104247104247
2.967359050445104 2.967359050445104
3.11284046692607 3.11284046692607
3.4220532319391634 3.4220532319391634
3.050847457627119 3.050847457627119
1.8181818181818181 1.8181818181818181
3.8910505836575875 3.8910505836575875
3.741496598639456 3.741496598639456
1.4035087719298245 1.4035087719298245
0.0 0.0
2.564102564102564 2.564102564102564
2.7586206896551726 2.7586206896551726
3.050847457627119 3.050847457627119
1.65016501650165 1.65016501650165
2.734375 2.734375
1.520912547528517 1.520912547528517
6.024096385542169 6.024096385542169
2.422145328719723 2.422145328719723
3.018867924528302 3.018867924528302
5.64516129032258 5.64516129032258
0.0 0.0
0.0 0.0
3.3776301218161686 2.1594684385382057
1.4809041309431021 1.4809041309431021
2.57201646090535 2.57201646090535
4.28453721505081 4.133479813238122
1.7931297831378947 1.7931297831378947
1.5507057230809222 1.1807298680191112
2.1236797146812094 2.1236797146812094
0.5735210485694568 0.5735210485694568
