0.05201753734116073 0.0
0.007148984844152131 0.0
0.015535187199005747 0.0
0.0 0.0
0.014904240256352933 0.0
0.08725369010397731 0.0
0.15088645794039984 0.0
0.12012012012012012 0.0
0.1694790361800899 0.0
0.06041839740200891 0.0
0.0156998194520763 0.0
0.0380952380952381 0.0
0.015689966266572528 0.0
0.4887440758293839 0.0
0.06830082719890719 0.0
0.007750135627373479 0.0
0.0 0.0
0.007525586995785672 0.0
0.42016806722689076 0.0
0.2054744257723637 0.0
0.0 0.0
0.037053505261597744 0.0
0.015477480266212661 0.0
0.09567265234030027 0.0
0.5944613600115992 0.0
0.10240655401945725 0.0
0.007784524365561264 0.0
0.03785011355034065 0.0
0.04610773841543072 0.0
0.06835789153881208 0.0
0.06786818490309932 0.0
0.03763076691502973 0.0
0.06753207773692504 0.0
0.1444460494005489 0.0
0.03234152652005175 0.0
0.02978850163836759 0.0
0.15079544597753147 0.0
0.022704911829259062 0.0
0.23279499490760946 0.0
0.14833494029518654 0.0
0.045868052901154345 0.0
0.01483459427384661 0.0
0.03773584905660377 0.0
0.0 0.0
0.0 0.0
0.07477194556602364 0.0
0.49414090074827055 0.0
0.4101061882094471 0.0
0.289582277564613 0.0
0.022275022275022274 0.0
0.014635931211123308 0.0
0.10418992334598498 0.0
0.1037037037037037 0.0
0.06741573033707865 0.0
0.0225462197504885 0.0
0.014993627708224006 0.0
0.0 0.0
0.021606049693914296 -0.007202016564638099
0.03034671117517639 0.0
0.0376704588261885 0.0
0.05329678696512867 0.0
0.09119233984345315 0.0
0.0 0.0
0.03917574238031811 0.0
0.04526593738211995 0.0
0.20091848450057406 0.0
0.007565441065214102 0.0
0.0 0.0
0.06035003017501509 0.0
0.09797271836611651 0.0
0.0 0.0
0.1270268250765897 0.0
0.1900723737115286 0.0
0.10923390620448588 0.0
0.0 0.0
0.044365572315882874 0.0
0.015542430836182779 0.0
0.1824018677951262 0.0
0.03028009084027252 0.0
0.0 0.0
0.04729623206684534 0.0
0.037050759540570584 0.0
0.023520188161505293 0.0
0.03765627353517096 0.0
0.015698587127158554 0.0
0.16498099132056523 0.0
0.04735222160839713 0.0
0.09949487218735649 0.0
0.0076994148444718205 0.0
0.0 0.0
0.0733783387144115 0.0
0.1290616459155785 0.0
0.0 0.0
0.022520831769386684 0.0
0.0 0.0
0.06121355880327492 0.0
0.015631105900742476 0.0
0.038037276531000384 0.0
0.1452985539334394 0.0
0.0078125 0.0
0.0 0.0
0.0 0.0
0.0 0.0
0.0 0.0
0.0 0.0
0.0 0.0
0.0 0.0
0.0 0.0
0.0 0.0
0.0 0.0
0.0 0.0
0.0 0.0
0.0 0.0
0.0 0.0
0.0 0.0
0.0 0.0
0.0 0.0
0.0 0.0
0.0 0.0
0.0 0.0
0.028727377190462512 0.0
0.0 0.0
0.0 0.0
0.0 0.0
0.028153153153153154 0.0
0.0 0.0
0.0 0.0
0.0 0.0
0.0 0.0
0.0 0.0
0.0 0.0
0.0 0.0
0.0 0.0
0.0 0.0
0.029524653085326247 0.0
0.0 0.0
0.0 0.0
0.0 0.0
0.030184123151222455 0.0
0.0 0.0
0.0 0.0
0.0 0.0
0.0 0.0
0.0 0.0
0.02881014116969173 0.0
0.0 0.0
0.0 0.0
0.0 0.0
0.0 0.0
0.0 0.0
0.0 0.0
0.0 0.0
0.0 0.0
0.0 0.0
0.0 0.0
0.027932960893854747 0.0
0.0 0.0
0.0 0.0
0.06261740763932373 0.0
0.0 0.0
0.0 0.0
0.0 0.0
0.0 0.0
0.0 0.0
0.0 0.0
0.0 0.0
0.03006614552014432 0.0
0.0 0.0
0.0 0.0
0.0 0.0
-0.02880184331797235 0.0
0.0 0.0
0.0 0.0
0.0 0.0
0.0 0.0
0.0 0.0
0.0 0.0
0.0 0.0
0.0 0.0
0.0 0.0
0.030102347983142687 0.0
0.0 0.0
0.0 0.0
0.0 0.0
0.0 0.0
0.0 0.0
0.0 0.0
0.030525030525030524 0.0
0.0 0.0
-0.05377789728421619 0.0
0.0 0.0
0.0 0.0
0.0 0.0
0.0 0.0
0.0 0.0
0.0 0.0
0.0 0.0
0.0 0.0
0.0 0.0
0.0 0.0
3.3557046979865772 3.3557046979865772
3.7453183520599254 3.7453183520599254
1.7857142857142856 1.7857142857142856
1.76678445229682 1.76678445229682
2.5454545454545454 2.5454545454545454
2.348993288590604 2.348993288590604
2.491103202846975 2.491103202846975
2.4 2.4
0.0 0.0
2.5974025974025974 2.5974025974025974
2.356902356902357 2.356902356902357
2.142857142857143 2.142857142857143
1.1406844106463878 1.1406844106463878
1.1278195488721803 1.1278195488721803
2.2304832713754648 2.2304832713754648
1.3745704467353952 1.3745704467353952
0.7692307692307693 0.7692307692307693
0.3968253968253968 0.3968253968253968
2.092050209205021 2.092050209205021
1.7793594306049825 1.7793594306049825
2.8169014084507045 2.8169014084507045
0.423728813559322 0.423728813559322
0.7299270072992701 0.7299270072992701
1.3793103448275863 1.3793103448275863
0.0 0.0
2.0761245674740483 2.0761245674740483
2.027027027027027 2.027027027027027
2.857142857142857 2.857142857142857
1.3605442176870748 1.3605442176870748
1.0135135135135136 1.0135135135135136
2.7131782945736433 2.7131782945736433
3.459119496855346 3.459119496855346
1.644736842105263 1.644736842105263
6.484641638225256 6.484641638225256
1.7857142857142856 1.7857142857142856
0.7604562737642585 0.7604562737642585
2.6022304832713754 2.6022304832713754
0.8097165991902834 0.8097165991902834
0.7299270072992701 1.094890510948905
2.3622047244094486 2.3622047244094486
2.4822695035460995 2.4822695035460995
1.7123287671232876 1.7123287671232876
2.0618556701030926 2.0618556701030926
2.272727272727273 2.272727272727273
1.5772870662460567 1.5772870662460567
0.4132231404958678 0.4132231404958678
2.8662420382165608 2.8662420382165608
1.0204081632653061 1.0204081632653061
1.5151515151515151 1.5151515151515151
3.146853146853147 3.146853146853147
2.564102564102564 2.564102564102564
2.9940119760479043 2.9940119760479043
0.3558718861209964 0.3558718861209964
3.816793893129771 3.816793893129771
1.6722408026755853 1.6722408026755853
0.0 0.0
1.968503937007874 1.968503937007874
1.5105740181268883 1.5105740181268883
0.35335689045936397 0.35335689045936397
0.7874015748031495 0.7874015748031495
0.9836065573770493 0.9836065573770493
3.8062283737024223 3.8062283737024223
2.5735294117647056 2.5735294117647056
2.4734982332155475 2.4734982332155475
4.135338345864661 4.135338345864661
2.112676056338028 2.112676056338028
3.459119496855346 2.20125786163522
1.0169491525423728 1.0169491525423728
3.3670033670033668 3.3670033670033668
1.465201465201465 1.465201465201465
2.054794520547945 2.054794520547945
3.149606299212598 1.1811023622047243
1.465201465201465 1.465201465201465
3.6900369003690034 3.6900369003690034
3.7914691943127963 3.7914691943127963
1.023890784982935 1.023890784982935
6.273062730627306 6.273062730627306
1.1811023622047243 1.1811023622047243
1.8115942028985508 1.8115942028985508
3.3333333333333335 3.3333333333333335
4.247104247104247 4.247104247104247
2.967359050445104 2.967359050445104
3.11284046692607 3.11284046692607
3.4220532319391634 3.4220532319391634
3.050847457627119 3.050847457627119
1.8181818181818181 1.8181818181818181
3.8910505836575875 3.8910505836575875
3.741496598639456 3.741496598639456
1.4035087719298245 1.4035087719298245
0.0 0.0
2.564102564102564 2.564102564102564
2.7586206896551726 2.7586206896551726
3.050847457627119 3.050847457627119
1.65016501650165 1.65016501650165
2.734375 2.734375
1.520912547528517 1.520912547528517
6.024096385542169 6.024096385542169
2.422145328719723 2.422145328719723
3.018867924528302 3.018867924528302
5.64516129032258 5.64516129032258
4.855072463768116 0.0
2.889060092449923 0.0
3.3776301218161686 2.1594684385382057
1.4809041309431021 1.4809041309431021
2.57201646090535 2.57201646090535
4.28453721505081 4.133479813238122
1.7931297831378947 1.7931297831378947
1.5507057230809222 1.1807298680191112
1.8730281453030868 2.1236797146812094
0.5735210485694568 0.5735210485694568
