0.022293230289068888 0.0
0.0 0.0
0.0 0.0
0.0 0.0
0.0 0.0
0.0 0.0
0.0 0.0
0.0 0.0
0.0 0.0
0.0 0.0
0.03924954863019075 0.0
0.0 0.0
0.015689966266572528 0.0
0.00740521327014218 0.0
0.007588980799878576 0.0
0.0 0.0
0.015549681231534752 0.0
0.0 0.0
0.0 0.0
0.00733837234901299 0.0
0.007668123610152595 0.0
0.0 0.0
0.015477480266212661 0.0
0.0 0.0
0.0 0.0
0.01462950771706532 0.0
0.0 0.0
0.0 0.0
0.0 0.0
0.0 0.0
0.0 0.0
0.0 0.0
0.0 0.0
0.0 0.0
0.0 0.0
0.022341376228775692 0.0
0.0 0.0
0.03784151971543177 0.0
0.007274843590862796 0.0
0.037083735073796635 0.0
0.0 0.0
0.0 0.0
0.0 0.0
0.0 0.0
0.0 0.0
0.014954389113204725 0.0
0.0 0.0
0.03661662394727206 0.0
0.0 0.0
0.0 0.0
0.0 0.0
0.029768549527424273 0.0
0.02962962962962963 0.0
0.0149812734082397 0.0
0.0 0.0
0.014993627708224006 0.0
0.014937635372320563 0.0
0.0 -0.007202016564638099
0.0 0.0
0.06027273412190161 0.0
0.007613826709304096 0.0
0.0 0.0
0.0 0.0
0.0 0.0
0.022632968691059976 0.0
0.0 0.0
0.0 0.0
0.0 0.0
0.022631261315630657 0.0
0.0 0.0
0.02294981640146879 0.0
0.0 0.0
0.0 0.0
0.0 0.0
0.0 0.0
0.03697131026323573 0.0
0.0 0.0
0.0 0.0
0.0 0.0
0.022756580444511874 0.0
0.0 0.0
0.0 0.0
0.0 0.0
0.0 0.0
0.0 0.0
0.01434617315831002 0.0
0.0 0.0
0.0 0.0
0.0 0.0
0.0 0.0
0.0 0.0
0.0 0.0
0.0 0.0
0.0 0.0
0.02974641183907191 0.0
0.0 0.0
0.0 0.0
0.030429821224800303 0.0
0.0 0.0
0.0 0.0
0.0 0.0
0.0 0.0
0.0 0.0
0.0 0.0
0.028169014084507043 0.0
0.0 0.0
0.0 0.0
0.028743891922966367 0.0
0.0 0.0
0.0 0.0
0.0 0.0
0.0 0.0
0.0 0.0
0.0 0.0
0.0 0.0
0.0 0.0
0.0 0.0
0.0 0.0
0.0 0.0
0.0 0.0
0.0 0.0
0.0 0.0
0.0 0.0
0.0 0.0
0.0 0.0
0.0 0.0
0.0 0.0
0.0 0.0
0.0 0.0
0.0 0.0
0.0 0.0
0.0 0.0
0.0 0.0
0.0 0.0
0.059049306170652495 0.0
0.0 0.0
0.0 0.0
0.0 0.0
0.0 0.0
0.0 0.0
-0.029895366218236175 0.0
0.0 0.0
0.0 0.0
0.0 0.0
0.0 0.0
0.0 0.0
0.0 0.0
0.0 0.0
0.0 0.0
0.0 0.0
0.0 0.0
0.0 0.0
0.0 0.0
0.0 0.0
0.0 0.0
0.0 0.0
0.0 0.0
-0.02842524161455372 0.0
0.0 0.0
0.0 0.0
0.0 0.0
0.0 0.0
0.0 0.0
-0.029647198339756892 0.0
0.0 0.0
0.0 0.0
0.0 0.0
0.0 0.0
0.0 0.0
0.0 0.0
0.0 0.0
0.0 0.0
0.0 0.0
0.0 0.0
0.0 0.0
0.0 0.0
0.0 0.0
0.0 0.0
0.0 0.0
0.0 0.0
0.0 0.0
0.0 0.0
0.0 0.0
0.0 0.0
0.0 0.0
0.0 0.0
0.0 0.0
0.0 0.0
0.0 0.0
0.0 0.0
0.0 0.0
0.0 0.0
0.0 0.0
0.0 0.0
0.0 0.0
0.0 0.0
0.0 0.0
0.0 0.0
0.0 0.0
0.0 0.0
3.3557046979865772 3.3557046979865772
3.7453183520599254 3.7453183520599254
1.7857142857142856 1.7857142857142856
1.76678445229682 1.76678445229682
2.5454545454545454 2.5454545454545454
2.348993288590604 2.348993288590604
2.491103202846975 2.491103202846975
2.4 2.4
0.0 0.0
2.5974025974025974 2.5974025974025974
2.356902356902357 2.356902356902357
2.142857142857143 2.142857142857143
1.1406844106463878 1.1406844106463878
1.1278195488721803 1.1278195488721803
2.2304832713754648 2.2304832713754648
1.3745704467353952 1.3745704467353952
0.7692307692307693 0.7692307692307693
0.3968253968253968 0.3968253968253968
2.092050209205021 2.092050209205021
1.7793594306049825 1.7793594306049825
2.8169014084507045 2.8169014084507045
0.423728813559322 0.423728813559322
0.7299270072992701 0.7299270072992701
1.3793103448275863 1.3793103448275863
0.0 0.0
2.0761245674740483 2.0761245674740483
2.027027027027027 2.027027027027027
2.857142857142857 2.857142857142857
1.3605442176870748 1.3605442176870748
1.0135135135135136 1.0135135135135136
2.7131782945736433 2.7131782945736433
3.459119496855346 3.459119496855346
1.644736842105263 1.644736842105263
6.484641638225256 6.484641638225256
1.7857142857142856 1.7857142857142856
0.7604562737642585 0.7604562737642585
2.6022304832713754 2.6022304832713754
0.8097165991902834 0.8097165991902834
0.7299270072992701 1.094890510948905
2.3622047244094486 2.3622047244094486
2.4822695035460995 2.4822695035460995
1.7123287671232876 1.7123287671232876
2.0618556701030926 2.0618556701030926
2.272727272727273 2.272727272727273
1.5772870662460567 1.5772870662460567
0.4132231404958678 0.4132231404958678
2.8662420382165608 2.8662420382165608
1.0204081632653061 1.0204081632653061
1.5151515151515151 1.5151515151515151
3.146853146853147 3.146853146853147
2.564102564102564 2.564102564102564
2.9940119760479043 2.9940119760479043
0.3558718861209964 0.3558718861209964
3.816793893129771 3.816793893129771
1.6722408026755853 1.6722408026755853
0.0 0.0
1.968503937007874 1.968503937007874
1.5105740181268883 1.5105740181268883
0.35335689045936397 0.35335689045936397
0.7874015748031495 0.7874015748031495
0.9836065573770493 0.9836065573770493
3.8062283737024223 3.8062283737024223
2.5735294117647056 2.5735294117647056
2.4734982332155475 2.4734982332155475
4.135338345864661 4.135338345864661
2.112676056338028 2.112676056338028
3.459119496855346 2.20125786163522
1.0169491525423728 1.0169491525423728
3.3670033670033668 3.3670033670033668
1.465201465201465 1.465201465201465
2.3972602739726026 2.054794520547945
3.149606299212598 1.1811023622047243
1.465201465201465 1.465201465201465
3.6900369003690034 3.6900369003690034
3.7914691943127963 3.7914691943127963
1.023890784982935 1.023890784982935
6.273062730627306 6.273062730627306
1.1811023622047243 1.1811023622047243
1.8115942028985508 1.8115942028985508
3.3333333333333335 3.3333333333333335
4.247104247104247 4.247104247104247
2.967359050445104 2.967359050445104
3.11284046692607 3.11284046692607
3.4220532319391634 3.4220532319391634
3.050847457627119 3.050847457627119
1.8181818181818181 1.8181818181818181
3.8910505836575875 3.8910505836575875
3.741496598639456 3.741496598639456
1.4035087719298245 1.4035087719298245
0.0 0.0
2.564102564102564 2.564102564102564
2.7586206896551726 2.7586206896551726
3.050847457627119 3.050847457627119
1.65016501650165 1.65016501650165
2.734375 2.734375
1.520912547528517 1.520912547528517
6.024096385542169 6.024096385542169
2.422145328719723 2.422145328719723
3.018867924528302 3.018867924528302
5.64516129032258 5.64516129032258
0.0 0.0
2.889060092449923 0.0
0.9966777408637874 2.1594684385382057
0.0 1.4809041309431021
2.57201646090535 2.57201646090535
4.28453721505081 4.133479813238122
1.7931297831378947 1.7931297831378947
1.5507057230809222 1.1807298680191112
2.1236797146812094 2.1236797146812094
0.5735210485694568 0.5735210485694568
