7.85 0.0
7.94 0.0
5.76 0.0
5.75 0.0
8.09 0.0
8.51 0.0
6.28 0.0
7.58 0.0
8.33 0.0
6.21 0.0
5.69 0.0
6.98 0.0
5.56 0.0
9.23 0.0
6.56 0.0
4.96 0.0
5.79 0.0
7.56 0.0
8.40 0.0
8.60 0.0
7.07 0.0
6.94 0.0
5.75 0.0
7.32 0.0
8.45 0.0
6.95 0.0
5.06 0.0
5.84 0.0
5.95 0.0
5.93 0.0
5.33 0.0
6.57 0.0
7.56 0.0
8.26 0.0
5.60 0.0
5.10 0.0
7.12 0.0
8.14 0.0
9.17 0.0
7.48 0.0
7.06 0.0
7.65 0.0
6.78 0.0
5.42 0.0
5.58 0.0
8.54 0.0
8.30 0.0
8.08 0.0
7.86 0.0
8.10 0.0
7.68 0.0
7.78 0.0
8.18 0.0
7.88 0.0
7.24 0.0
6.84 0.0
5.83 0.0
7.93 -0.007202016564638099
5.79 0.0
6.68 0.0
6.36 0.0
6.41 0.0
7.94 0.0
4.16 0.0
6.53 0.0
8.73 0.0
7.08 0.0
4.64 0.0
6.86 0.0
7.94 0.0
6.20 0.0
8.31 0.0
7.37 0.0
7.86 0.0
6.21 0.0
8.39 0.0
5.58 0.0
9.10 0.0
6.18 0.0
5.73 0.0
5.57 0.0
7.35 0.0
5.90 0.0
6.83 0.0
6.36 0.0
7.99 0.0
5.88 0.0
5.72 0.0
6.81 0.0
6.94 0.0
7.87 0.0
7.17 0.0
7.13 0.0
7.50 0.0
6.67 0.0
5.50 0.0
5.98 0.0
6.04 0.0
7.90 0.0
5.10 0.0
0.00 0.0
0.00 0.0
0.00 0.0
0.00 0.0
0.00 0.0
0.00 0.0
0.00 0.0
0.00 0.0
0.00 0.0
0.00 0.0
0.00 0.0
0.00 0.0
0.00 0.0
0.00 0.0
0.00 0.0
0.00 0.0
0.00 0.0
0.00 0.0
0.00 0.0
0.00 0.0
0.00 0.0
0.00 0.0
0.00 0.0
0.00 0.0
0.00 0.0
0.00 0.0
0.00 0.0
0.00 0.0
0.00 0.0
0.00 0.0
0.00 0.0
0.00 0.0
0.00 0.0
0.00 0.0
0.06 0.0
0.00 0.0
0.00 0.0
0.00 0.0
0.00 0.0
0.00 0.0
0.00 0.0
0.00 0.0
0.00 0.0
0.00 0.0
0.00 0.0
0.00 0.0
0.00 0.0
0.00 0.0
0.00 0.0
0.00 0.0
0.00 0.0
0.00 0.0
0.00 0.0
0.00 0.0
0.00 0.0
0.00 0.0
0.00 0.0
0.00 0.0
0.00 0.0
0.00 0.0
0.00 0.0
0.00 0.0
0.00 0.0
0.00 0.0
0.00 0.0
0.00 0.0
0.00 0.0
0.00 0.0
0.00 0.0
0.00 0.0
0.00 0.0
0.00 0.0
0.00 0.0
0.00 0.0
0.00 0.0
0.00 0.0
0.00 0.0
0.00 0.0
0.00 0.0
0.00 0.0
0.03 0.0
0.00 0.0
0.00 0.0
0.00 0.0
0.00 0.0
0.00 0.0
0.00 0.0
0.00 0.0
0.00 0.0
0.00 0.0
0.00 0.0
0.00 0.0
0.00 0.0
0.00 0.0
0.00 0.0
0.00 0.0
0.00 0.0
0.00 0.0
0.00 0.0
0.00 0.0
3.36 3.3557046979865772
3.75 3.7453183520599254
1.79 1.7857142857142856
1.77 1.76678445229682
2.55 2.5454545454545454
2.35 2.348993288590604
2.49 2.491103202846975
2.40 2.4
0.00 0.0
2.60 2.5974025974025974
2.36 2.356902356902357
2.14 2.142857142857143
1.14 1.1406844106463878
1.13 1.1278195488721803
2.23 2.2304832713754648
1.37 1.3745704467353952
0.77 0.7692307692307693
0.40 0.3968253968253968
2.09 2.092050209205021
1.78 1.7793594306049825
2.82 2.8169014084507045
0.42 0.423728813559322
0.73 0.7299270072992701
1.38 1.3793103448275863
0.00 0.0
2.08 2.0761245674740483
2.03 2.027027027027027
2.86 2.857142857142857
1.36 1.3605442176870748
1.01 1.0135135135135136
2.71 2.7131782945736433
3.46 3.459119496855346
1.64 1.644736842105263
6.48 6.484641638225256
1.79 1.7857142857142856
0.76 0.7604562737642585
2.60 2.6022304832713754
0.81 0.8097165991902834
1.09 1.094890510948905
2.76 2.3622047244094486
2.48 2.4822695035460995
1.71 1.7123287671232876
2.06 2.0618556701030926
2.27 2.272727272727273
1.58 1.5772870662460567
0.41 0.4132231404958678
2.87 2.8662420382165608
3.06 1.0204081632653061
1.52 1.5151515151515151
3.15 3.146853146853147
2.56 2.564102564102564
2.99 2.9940119760479043
0.36 0.3558718861209964
3.82 3.816793893129771
1.67 1.6722408026755853
0.00 0.0
1.97 1.968503937007874
1.51 1.5105740181268883
0.35 0.35335689045936397
0.79 0.7874015748031495
0.98 0.9836065573770493
3.81 3.8062283737024223
2.57 2.5735294117647056
2.47 2.4734982332155475
4.14 4.135338345864661
2.11 2.112676056338028
2.20 2.20125786163522
1.02 1.0169491525423728
3.37 3.3670033670033668
1.47 1.465201465201465
2.05 2.054794520547945
1.18 1.1811023622047243
1.47 1.465201465201465
1.11 3.6900369003690034
3.79 3.7914691943127963
1.02 1.023890784982935
6.27 6.273062730627306
1.18 1.1811023622047243
1.81 1.8115942028985508
3.33 3.3333333333333335
4.25 4.247104247104247
2.97 2.967359050445104
3.11 3.11284046692607
3.42 3.4220532319391634
3.05 3.050847457627119
1.82 1.8181818181818181
3.89 3.8910505836575875
3.74 3.741496598639456
1.40 1.4035087719298245
0.00 0.0
2.56 2.564102564102564
2.76 2.7586206896551726
3.05 3.050847457627119
1.65 1.65016501650165
2.73 2.734375
1.52 1.520912547528517
6.02 6.024096385542169
2.42 2.422145328719723
3.02 3.018867924528302
5.65 5.64516129032258
0.00 0.0
0.00 0.0
1.00 2.1594684385382057
0.00 1.4809041309431021
2.57 2.57201646090535
4.13 4.133479813238122
1.79 1.7931297831378947
1.21 1.1807298680191112
2.12 2.1236797146812094
0.57 0.5735210485694568
