0.07431076763022962 0.0
0.07148984844152131 0.0
0.05437315519652012 0.0
0.00757920266787934 0.0
0.014904240256352933 0.0
0.2254053661019414 0.0
0.060354583176159944 0.0
0.03003003003003003 0.0
0.11052980620440646 0.0
0.0 0.0
0.0 0.0
0.030476190476190473 0.0
0.031379932533145055 0.0
0.4591232227488151 0.0
0.015177961599757152 0.0
0.023250406882120437 0.0
0.023324521847302132 0.0
0.03762793497892836 0.0
0.3980539584254755 0.0
0.1247523299332208 0.0
0.0 0.0
0.022232103156958647 0.0
0.0 0.0
0.036797173977038564 0.0
0.16673916195447297 0.0
0.0365737692926633 0.0
-0.03892262182780632 0.0
0.02271006813020439 0.0
0.02305386920771536 0.0
0.0 0.0
0.0 0.0
0.022578460149017838 0.0
0.0 0.0
0.20944677163079592 0.0
0.0 0.0
0.0074471254095918975 0.0
0.007539772298876574 0.0
0.17407099069098614 0.0
0.19642077695329552 0.0
0.07416747014759327 0.0
0.06115740386820579 0.0
0.037086485684616526 0.0
0.0 0.0
0.0319744204636291 0.0
0.00779666302822392 0.0
0.3065649768206969 0.0
0.1905972045743329 0.0
0.31490296594653977 0.0
0.08687468326938391 0.0
0.13365013365013365 0.0
0.014635931211123308 0.0
0.08186351120041677 0.0
0.014814814814814815 0.0
0.0149812734082397 0.0
0.0225462197504885 0.0
0.022490441562336008 0.0
0.0 0.0
0.0 -0.007202016564638099
0.0 0.0
0.0 0.0
0.0 0.0
0.015198723307242193 0.0
0.10402734433050972 0.0
0.0 0.0
0.0 0.0
0.3587830080367394 0.0
0.03026176426085641 0.0
0.030857054694129443 0.0
0.06789378394689197 0.0
0.0075363629512397315 0.0
0.0 0.0
0.17933198834342076 0.0
0.0731047591198187 0.0
0.007282260413632391 0.0
0.0 0.0
0.26619343389529726 0.0
0.031084861672365557 0.0
0.12403327010068582 0.0
0.04542013626040878 0.0
0.00758552681483729 0.0
0.015765410688948447 0.0
0.22971470915153763 0.0
0.0 0.0
0.0 0.0
0.0 0.0
0.12911555842479017 0.0
0.0 0.0
0.0 0.0
0.0076994148444718205 0.0
0.0 0.0
0.00733783387144115 0.0
0.06073489219556636 0.0
0.04515352197471403 0.0
0.037534719615644474 0.0
0.0 0.0
0.06121355880327492 0.0
0.0 0.0
0.053252187143400534 0.0
0.013837957517470422 0.0
0.0 0.0
0.0 0.0
0.0 0.0
0.0 0.0
0.0 0.0
0.0 0.0
0.0 0.0
0.0 0.0
0.028743891922966367 0.0
0.0 0.0
0.0 0.0
0.0 0.0
0.0 0.0
0.0 0.0
0.0 0.0
0.0 0.0
0.0 0.0
0.0 0.0
0.0 0.0
0.0 0.0
0.0 0.0
0.0 0.0
0.0 0.0
0.0 0.0
0.0 0.0
0.0 0.0
0.0 0.0
0.0 0.0
0.0 0.0
0.0 0.0
0.0 0.0
0.0 0.0
0.0 0.0
0.0 0.0
0.0 0.0
0.059049306170652495 0.0
0.0 0.0
0.0 0.0
0.0 0.0
0.0 0.0
0.0 0.0
0.0 0.0
0.0 0.0
0.0 0.0
0.0 0.0
0.0 0.0
0.0 0.0
0.062131096613855234 0.0
0.0 0.0
0.0 0.0
0.0 0.0
0.0 0.0
0.0 0.0
0.0 0.0
0.0 0.0
0.0 0.0
0.0 0.0
0.0 0.0
-0.02842524161455372 0.0
0.0 0.0
0.0 0.0
0.0 0.0
0.0 0.0
0.0 0.0
0.0 0.0
0.0 0.0
0.0 0.0
0.0 0.0
0.0 0.0
0.0 0.0
0.0 0.0
0.0 0.0
0.0 0.0
0.0 0.0
0.0 0.0
0.0 0.0
0.0 0.0
0.0 0.0
0.0 0.0
0.0 0.0
0.0 0.0
0.030102347983142687 0.0
0.0 0.0
0.0 0.0
0.0 0.0
0.0 0.0
0.0 0.0
0.0 0.0
0.0 0.0
0.0 0.0
0.0 0.0
0.0 0.0
0.0 0.0
0.0 0.0
0.0 0.0
0.0 0.0
0.0 0.0
0.0 0.0
0.0 0.0
0.0 0.0
0.0 0.0
3.3557046979865772 3.3557046979865772
3.7453183520599254 3.7453183520599254
1.7857142857142856 1.7857142857142856
1.76678445229682 1.76678445229682
2.5454545454545454 2.5454545454545454
2.348993288590604 2.348993288590604
2.491103202846975 2.491103202846975
2.4 2.4
0.0 0.0
2.5974025974025974 2.5974025974025974
2.356902356902357 2.356902356902357
2.142857142857143 2.142857142857143
1.1406844106463878 1.1406844106463878
1.1278195488721803 1.1278195488721803
2.2304832713754648 2.2304832713754648
1.3745704467353952 1.3745704467353952
0.7692307692307693 0.7692307692307693
0.3968253968253968 0.3968253968253968
2.092050209205021 2.092050209205021
1.7793594306049825 1.7793594306049825
2.8169014084507045 2.8169014084507045
0.423728813559322 0.423728813559322
0.7299270072992701 0.7299270072992701
1.3793103448275863 1.3793103448275863
0.0 0.0
2.0761245674740483 2.0761245674740483
2.027027027027027 2.027027027027027
2.857142857142857 2.857142857142857
1.3605442176870748 1.3605442176870748
1.0135135135135136 1.0135135135135136
2.7131782945736433 2.7131782945736433
3.459119496855346 3.459119496855346
1.644736842105263 1.644736842105263
6.484641638225256 6.484641638225256
1.7857142857142856 1.7857142857142856
0.7604562737642585 0.7604562737642585
2.6022304832713754 2.6022304832713754
0.8097165991902834 0.8097165991902834
0.7299270072992701 1.094890510948905
2.3622047244094486 2.3622047244094486
2.4822695035460995 2.4822695035460995
1.7123287671232876 1.7123287671232876
2.0618556701030926 2.0618556701030926
2.272727272727273 2.272727272727273
1.5772870662460567 1.5772870662460567
0.4132231404958678 0.4132231404958678
2.8662420382165608 2.8662420382165608
1.0204081632653061 1.0204081632653061
1.5151515151515151 1.5151515151515151
3.146853146853147 3.146853146853147
2.564102564102564 2.564102564102564
2.9940119760479043 2.9940119760479043
0.3558718861209964 0.3558718861209964
3.816793893129771 3.816793893129771
1.6722408026755853 1.6722408026755853
0.0 0.0
1.968503937007874 1.968503937007874
1.5105740181268883 1.5105740181268883
0.35335689045936397 0.35335689045936397
0.7874015748031495 0.7874015748031495
0.9836065573770493 0.9836065573770493
3.8062283737024223 3.8062283737024223
2.5735294117647056 2.5735294117647056
2.4734982332155475 2.4734982332155475
4.135338345864661 4.135338345864661
2.112676056338028 2.112676056338028
3.459119496855346 2.20125786163522
1.0169491525423728 1.0169491525423728
3.3670033670033668 3.3670033670033668
1.465201465201465 1.465201465201465
2.3972602739726026 2.054794520547945
3.149606299212598 1.1811023622047243
1.465201465201465 1.465201465201465
3.6900369003690034 3.6900369003690034
3.7914691943127963 3.7914691943127963
1.023890784982935 1.023890784982935
6.273062730627306 6.273062730627306
1.1811023622047243 1.1811023622047243
1.8115942028985508 1.8115942028985508
3.3333333333333335 3.3333333333333335
4.247104247104247 4.247104247104247
2.967359050445104 2.967359050445104
3.11284046692607 3.11284046692607
3.4220532319391634 3.4220532319391634
3.050847457627119 3.050847457627119
1.8181818181818181 1.8181818181818181
3.8910505836575875 3.8910505836575875
3.741496598639456 3.741496598639456
1.4035087719298245 1.4035087719298245
0.0 0.0
2.564102564102564 2.564102564102564
2.7586206896551726 2.7586206896551726
3.050847457627119 3.050847457627119
1.65016501650165 1.65016501650165
2.734375 2.734375
1.520912547528517 1.520912547528517
5.622489959839357 6.024096385542169
2.422145328719723 2.422145328719723
3.018867924528302 3.018867924528302
5.64516129032258 5.64516129032258
2.717391304347826 0.0
2.889060092449923 0.0
3.3776301218161686 2.1594684385382057
1.4809041309431021 1.4809041309431021
2.57201646090535 2.57201646090535
4.28453721505081 4.133479813238122
1.7931297831378947 1.7931297831378947
1.5507057230809222 1.1807298680191112
1.7508199174471046 2.1236797146812094
0.5735210485694568 0.5735210485694568
