13464
13989
12876
13194
13421
13765
13275
13336
13594
13249
12741
13130
12749
13570
13186
12904
12862
13289
13623
13655
13041
13499
12924
13601
13876
13685
12847
13215
13019
13175
13270
13292
13336
13866
12372
13432
13283
13216
13778
13503
13087
13484
13255
12510
12826
13384
14236
13711
13853
13471
13667
13451
13514
13359
13309
13341
13389
13888
13185
13278
13141
13171
13458
12768
13261
13964
13219
12963
13264
13282
13072
13400
13705
13747
13204
13530
12870
13731
13214
13183
12692
13500
12758
13283
12742
13964
12677
13079
12989
13594
13638
13189
13288
13324
13447
13077
12797
13150
14474
12801
3138
3370
3370
3370
3550
3179
3430
3479
3245
3439
3283
3392
3422
3362
3368
3585
3456
3502
3394
3376
3482
3581
3286
3352
3553
3367
3458
3391
3207
3138
3189
3466
3548
3377
3388
3389
3567
3521
3314
3173
3345
3386
3306
3496
3472
3285
3219
3478
3487
3464
3271
3227
3410
3263
3600
3581
3591
3518
3196
3295
3310
3511
3450
3373
3586
3515
3327
3234
3509
3414
3471
3517
3304
3178
3303
3511
3359
3338
3538
3430
3323
3367
3308
3431
3397
3450
3427
3277
3309
3717
3340
3444
3205
3344
3510
3378
3523
3185
3644
3395
308
277
285
288
282
305
288
256
277
316
304
286
266
269
275
295
262
253
244
286
292
237
276
294
238
295
302
288
298
299
265
329
309
312
285
265
276
249
276
260
289
297
297
270
322
243
323
297
268
295
280
344
282
272
304
288
259
336
284
256
308
300
279
290
277
290
329
298
307
277
298
262
277
281
219
296
288
257
281
279
270
347
265
272
304
336
267
305
289
311
280
298
304
308
263
267
264
296
273
262
2894
8013
1867
1302
2991
7594
639.78
11259.14
816.93
950.74