13467
13998
12881
13195
13421
13784
13263
13324
13586
13241
12739
13129
12751
13566
13179
12906
12865
13293
13620
13644
13041
13497
12922
13593
13817
13676
12841
13213
13016
13166
13261
13290
13327
13875
12368
13429
13264
13236
13773
13493
13089
13487
13250
12514
12827
13415
14193
13698
13825
13486
13667
13448
13502
13352
13309
13342
13389
13885
13181
13273
13134
13161
13472
12763
13255
13986
13222
12967
13265
13270
13072
13407
13689
13733
13204
13560
12872
13723
13216
13184
12688
13526
12755
13278
12740
13959
12671
13066
12989
13594
13629
13180
13294
13326
13447
13077
12795
13152
14455
12800
3138
3370
3370
3370
3550
3179
3430
3480
3245
3439
3283
3392
3422
3362
3368
3585
3456
3502
3394
3376
3481
3581
3286
3352
3552
3367
3458
3391
3207
3138
3189
3466
3548
3377
3389
3389
3567
3521
3313
3173
3345
3386
3306
3496
3471
3285
3221
3478
3487
3464
3271
3227
3410
3263
3600
3580
3591
3517
3194
3295
3310
3511
3450
3373
3586
3515
3326
3234
3509
3414
3472
3517
3304
3178
3303
3511
3359
3338
3538
3430
3323
3367
3308
3431
3397
3450
3427
3276
3309
3719
3340
3444
3205
3344
3510
3378
3523
3185
3644
3395
308
277
285
288
282
305
288
256
277
316
304
286
266
269
275
295
262
253
244
286
292
237
276
294
238
295
302
288
298
299
265
329
309
312
285
265
276
249
276
260
289
297
297
270
322
243
323
297
268
295
280
344
282
272
304
288
259
336
284
256
308
300
279
290
277
290
329
298
307
277
299
262
277
281
219
296
288
257
281
279
270
347
265
272
304
336
267
305
289
311
280
298
304
308
263
267
263
296
273
262
2835
8013
1867
1302
2991
7594
639.78
11259.14
815.95
950.74