13460
13988
12874
13194
13419
13753
13255
13320
13571
13241
12744
13125
12749
13505
13178
12903
12864
13288
13566
13628
13042
13494
12924
13588
13794
13673
12846
13210
13013
13166
13261
13287
13327
13846
12368
13431
13263
13218
13747
13488
13081
13482
13250
12510
12826
13376
14166
13660
13813
13468
13665
13441
13504
13352
13306
13341
13391
13885
13181
13281
13135
13159
13458
12763
13258
13936
13218
12963
13259
13269
13075
13383
13679
13732
13204
13529
12868
13706
13210
13186
12686
13495
12755
13278
12740
13943
12671
13066
12988
13594
13628
13172
13288
13321
13451
13069
12795
13149
14453
12800
3138
3370
3370
3370
3551
3179
3430
3480
3245
3439
3283
3392
3422
3362
3368
3585
3456
3502
3394
3376
3481
3581
3286
3352
3552
3367
3458
3391
3207
3138
3189
3466
3548
3377
3389
3389
3567
3521
3313
3173
3344
3386
3306
3496
3471
3285
3219
3478
3487
3464
3271
3227
3410
3263
3600
3580
3591
3517
3194
3295
3310
3511
3450
3372
3586
3515
3326
3234
3509
3414
3472
3517
3304
3178
3303
3511
3359
3338
3538
3430
3322
3367
3308
3431
3397
3450
3427
3276
3309
3719
3340
3444
3205
3344
3510
3378
3523
3185
3644
3395
308
277
285
288
282
305
288
256
277
316
304
286
266
269
275
295
262
253
244
286
292
237
276
294
238
295
302
288
298
299
265
329
309
312
285
265
276
249
276
260
289
297
297
270
322
243
323
297
268
295
280
344
282
272
304
288
259
336
284
256
308
300
279
290
277
290
329
298
307
277
299
262
277
281
219
296
288
257
281
279
270
347
265
272
304
336
267
305
289
311
280
298
304
308
263
267
264
296
273
262
2760
8013
1824
1283
2991
7594
639.78
11259.14
818.94
950.74