15663
16226
14850
15342
15631
16007
15251
15427
15830
15217
14570
15221
14636
15790
15373
14781
14864
15457
15854
15823
15087
15657
14938
15890
16113
15843
14892
15344
14998
15165
15345
15394
15325
16138
14330
15469
15281
15329
15987
15692
15160
15745
15273
14465
14710
15424
16597
15962
16037
15628
15849
15585
15567
15524
15351
15486
15509
16101
15324
15361
15204
15203
15536
14647
15252
16281
15353
14751
15336
15365
15033
15572
15926
16012
15314
15744
14860
15948
15326
15226
14670
15670
14705
15391
14725
16143
14695
15061
14978
15774
15819
15275
15402
15533
15705
15042
14798
15155
16744
14852
3395
3624
3708
3666
3944
3411
3789
3891
3549
3812
3567
3680
3810
3649
3716
3946
3809
3826
3649
3693
3788
3977
3541
3687
3919
3631
3815
3702
3437
3393
3418
3788
3900
3712
3680
3658
3909
3853
3625
3426
3684
3740
3647
3844
3808
3563
3515
3782
3774
3814
3532
3516
3709
3569
3990
3920
3984
3869
3479
3586
3622
3846
3774
3681
3923
3862
3602
3549
3867
3774
3808
3922
3611
3414
3553
3860
3686
3613
3919
3715
3561
3660
3593
3799
3720
3797
3798
3579
3559
4151
3589
3774
3483
3602
3886
3593
3884
3494
4017
3738
308
277
285
288
283
305
288
256
277
316
304
286
266
269
275
295
262
253
244
283
292
237
276
294
238
295
302
288
298
299
265
329
309
312
285
265
276
249
277
261
282
297
297
270
322
243
323
303
268
295
280
344
282
272
304
288
259
336
284
256
308
300
279
290
277
290
325
298
307
277
299
262
277
271
219
296
288
257
281
279
270
347
265
272
304
336
267
305
289
311
280
298
304
308
263
267
264
296
273
262
2760
7788
1867
1302
2991
7594
639.78
11259.14
818.94
950.74