14514
15098
13616
13952
14505
14924
14087
14329
14702
14063
13464
14041
13456
14750
14041
13543
13607
14292
14705
14799
13963
14430
13665
14582
14960
14621
13496
13981
13787
13947
13968
14160
14335
14989
13060
14113
14207
14288
15006
14491
14004
14513
14149
13188
13542
14516
15342
14759
14899
14559
14714
14483
14604
14402
14269
14252
14170
14986
13944
14159
13969
14002
14527
13294
14121
15153
14154
13565
14166
14322
13882
14495
14687
14812
14024
14658
13586
14953
14026
13938
13393
14487
13507
14185
13550
15055
13416
13814
13872
14538
14701
14117
14235
14320
14344
13788
13560
13939
15595
13453
3138
3370
3370
3370
3550
3179
3430
3479
3245
3439
3283
3392
3422
3362
3368
3585
3456
3502
3394
3376
3481
3581
3286
3352
3552
3367
3458
3391
3207
3138
3189
3466
3548
3377
3389
3389
3567
3521
3313
3173
3345
3386
3306
3496
3471
3285
3219
3478
3487
3464
3271
3227
3410
3263
3600
3580
3591
3518
3194
3295
3310
3511
3450
3373
3586
3515
3326
3234
3509
3414
3472
3517
3304
3178
3303
3511
3359
3338
3538
3430
3323
3367
3308
3431
3397
3450
3427
3276
3309
3719
3340
3444
3205
3344
3510
3378
3523
3185
3644
3395
308
277
285
288
282
305
288
256
277
316
304
286
266
269
275
295
262
253
244
286
292
237
276
294
238
295
302
288
298
299
265
329
309
312
285
265
276
249
277
261
289
297
297
270
322
243
323
303
268
295
280
344
282
272
304
288
259
336
284
256
308
300
279
290
277
290
325
298
307
277
298
257
277
274
219
296
288
257
281
279
270
347
265
272
304
336
267
305
289
311
280
298
304
308
263
267
264
296
273
262
2760
7788
1824
1283
2991
7583
639.78
11221.71
818.94
950.74