0     Small   1     1           334.00      338.86    11.247    339.00    470.62    15          0.08        
4     Small   1     1           308.00      318.10    11.786    358.00    394.90    40          0.09        
1     Small   1     1           308.00      315.72    11.834    353.00    405.48    36          0.07        
5     Small   1     1           308.00      318.36    11.831    358.00    467.48    29          0.07        
3     Small   1     1           308.00      316.26    11.934    362.00    483.16    34          0.08        
2     Small   1     1           308.00      317.72    12.055    350.00    473.42    16          0.07        
6     Small   1     1           308.00      309.68    11.375    358.00    414.74    37          0.07        
1     Small   1     2           277.00      281.50    11.004    311.00    353.88    14          0.07        
0     Small   1     2           277.00      287.70    11.040    286.00    435.28    10          0.07        
7     Small   1     1           308.00      321.20    11.349    361.00    398.50    44          0.07        
9     Small   1     1           308.00      318.30    11.536    355.00    432.66    33          0.07        
8     Small   1     1           308.00      320.34    11.639    355.00    414.88    42          0.08        
7     Small   1     2           283.00      301.58    9.587     289.00    343.62    59          0.06        
2     Small   1     2           277.00      288.06    11.252    303.00    387.82    16          0.09        
4     Small   1     2           277.00      282.08    11.159    295.00    343.78    21          0.07        
3     Small   1     2           277.00      280.32    11.279    309.00    426.10    18          0.08        
5     Small   1     2           277.00      282.40    11.123    300.00    433.80    14          0.07        
6     Small   1     2           277.00      286.32    11.036    303.00    364.04    20          0.06        
8     Small   1     2           277.00      284.38    10.353    310.00    395.84    15          0.07        
9     Small   1     2           277.00      286.90    10.281    292.00    378.82    14          0.06        
0     Small   1     3           285.00      296.46    11.645    314.00    431.50    15          0.08        
1     Small   1     3           285.00      287.64    11.521    319.00    388.26    17          0.08        
2     Small   1     3           285.00      297.50    11.589    331.00    452.88    21          0.08        
3     Small   1     3           285.00      285.34    11.515    335.00    446.70    23          0.09        
4     Small   1     3           285.00      292.68    11.679    312.00    408.70    10          0.09        
5     Small   1     3           285.00      288.50    11.466    321.00    450.66    22          0.1         
8     Small   1     3           285.00      292.18    11.133    331.00    398.06    14          0.09        
6     Small   1     3           285.00      295.60    11.397    312.00    424.46    25          0.08        
7     Small   1     3           285.00      291.98    11.469    320.00    387.08    21          0.07        
9     Small   1     3           285.00      291.68    11.410    308.00    385.40    12          0.08        
0     Small   1     4           288.00      294.86    12.092    316.00    503.14    23          0.11        
1     Small   1     4           288.00      300.78    12.174    314.00    383.00    8           0.08        
2     Small   1     4           288.00      296.34    12.092    329.00    481.24    16          0.08        
4     Small   1     4           288.00      301.24    11.924    320.00    401.52    14          0.09        
5     Small   1     4           288.00      292.66    12.086    328.00    454.10    20          0.1         
3     Small   1     4           288.00      296.06    12.360    324.00    442.48    18          0.09        
6     Small   1     4           288.00      297.26    12.547    318.00    411.08    26          0.11        
7     Small   1     4           288.00      292.94    13.446    319.00    378.20    31          0.09        
0     Small   1     5           284.00      293.62    13.417    331.00    508.20    18          0.09        
9     Small   1     4           288.00      299.48    13.473    329.00    367.86    19          0.09        
8     Small   1     4           288.00      294.72    13.890    308.00    390.20    26          0.09        
1     Small   1     5           284.00      295.42    13.952    316.00    386.24    29          0.08        
2     Small   1     5           284.00      287.88    13.005    312.00    477.06    32          0.13        
3     Small   1     5           284.00      286.04    13.325    331.00    439.68    29          0.12        
5     Small   1     5           284.00      289.66    12.991    312.00    453.46    29          0.1         
4     Small   1     5           284.00      289.36    13.227    326.00    399.44    26          0.09        
7     Small   1     5           284.00      288.18    13.191    326.00    374.24    31          0.1         
6     Small   1     5           284.00      294.10    13.554    324.00    411.42    29          0.1         
0     Small   1     6           306.00      312.00    10.580    330.00    446.76    11          0.07        
1     Small   1     6           306.00      313.10    10.672    342.00    406.98    25          0.08        
2     Small   1     6           306.00      322.74    10.533    326.00    436.10    8           0.05        
3     Small   1     6           306.00      316.50    10.471    328.00    467.72    11          0.06        
8     Small   1     5           284.00      293.02    13.314    312.00    391.44    29          0.1         
9     Small   1     5           284.00      293.04    12.921    317.00    370.12    32          0.1         
4     Small   1     6           306.00      317.46    10.793    341.00    394.58    10          0.07        
6     Small   1     6           306.00      320.68    10.754    330.00    408.42    10          0.06        
5     Small   1     6           306.00      313.22    10.912    330.00    460.92    10          0.06        
7     Small   1     6           306.00      309.70    10.875    330.00    391.92    10          0.06        
8     Small   1     6           306.00      307.20    11.143    323.00    438.04    8           0.07        
9     Small   1     6           306.00      311.76    11.101    339.00    456.36    9           0.05        
0     Small   1     7           288.00      295.18    12.630    322.00    421.82    21          0.11        
2     Small   1     7           288.00      296.96    12.417    321.00    460.46    22          0.1         
1     Small   1     7           288.00      300.46    12.656    323.00    378.12    17          0.09        
3     Small   1     7           288.00      294.46    12.743    310.00    435.74    7           0.09        
4     Small   1     7           288.00      293.38    12.219    318.00    417.46    15          0.1         
5     Small   1     7           288.00      295.52    12.440    315.00    455.44    25          0.08        
7     Small   1     7           297.00      304.28    11.459    320.00    362.00    86          0.11        
0     Small   1     8           256.00      262.82    12.278    278.00    397.70    9           0.1         
6     Small   1     7           288.00      292.28    13.486    334.00    409.16    14          0.12        
1     Small   1     8           256.00      262.20    12.084    264.00    337.76    3           0.07        
8     Small   1     7           288.00      295.20    13.752    321.00    379.52    25          0.16        
9     Small   1     7           288.00      292.72    13.677    320.00    364.52    19          0.15        
2     Small   1     8           256.00      266.52    11.945    265.00    398.08    3           0.09        
3     Small   1     8           256.00      263.26    11.510    276.00    413.78    15          0.09        
4     Small   1     8           256.00      260.58    11.601    296.00    328.84    9           0.11        
5     Small   1     8           256.00      263.92    11.644    268.00    394.48    4           0.07        
7     Small   1     8           256.00      263.92    11.423    284.00    331.26    14          0.07        
6     Small   1     8           256.00      259.96    11.847    277.00    351.82    12          0.07        
8     Small   1     8           256.00      270.36    11.496    267.00    345.70    8           0.09        
0     Small   1     9           277.00      287.04    10.559    296.00    421.74    16          0.07        
2     Small   1     9           277.00      285.40    10.531    308.00    408.76    23          0.05        
1     Small   1     9           277.00      283.30    10.600    304.00    386.08    10          0.06        
3     Small   1     9           277.00      288.74    10.543    309.00    396.68    17          0.06        
9     Small   1     8           256.00      268.82    11.591    285.00    359.20    10          0.08        
4     Small   1     9           277.00      285.72    11.390    305.00    364.78    21          0.07        
5     Small   1     9           277.00      285.10    11.153    302.00    440.16    16          0.08        
7     Small   1     9           277.00      289.96    11.124    296.00    363.42    7           0.07        
6     Small   1     9           277.00      284.14    11.152    297.00    382.50    12          0.07        
8     Small   1     9           277.00      281.72    11.024    310.00    393.50    16          0.07        
9     Small   1     9           277.00      283.34    11.418    300.00    415.62    21          0.07        
3     Small   1     10          338.00      360.64    9.920     360.00    478.14    144         0.1         
0     Small   1     10          316.00      323.14    11.784    356.00    459.64    27          0.08        
1     Small   1     10          316.00      323.46    11.720    347.00    410.64    26          0.08        
4     Small   1     10          316.00      334.06    11.475    349.00    419.92    24          0.08        
2     Small   1     10          316.00      325.76    11.790    350.00    495.78    16          0.09        
5     Small   1     10          316.00      323.02    11.939    344.00    492.54    20          0.08        
6     Small   1     10          316.00      322.40    11.617    351.00    462.38    22          0.1         
7     Small   1     10          316.00      318.26    11.531    347.00    402.04    19          0.09        
8     Small   1     10          316.00      321.36    11.206    349.00    433.14    31          0.08        
9     Small   1     10          316.00      321.92    11.655    354.00    444.80    31          0.07        
0     Small   1     11          304.00      312.84    12.263    332.00    437.58    29          0.09        
1     Small   1     11          304.00      307.40    12.452    332.00    395.52    26          0.07        
2     Small   1     11          304.00      315.14    12.373    332.00    470.52    23          0.1         
3     Small   1     11          304.00      311.88    12.297    332.00    449.34    28          0.12        
4     Small   1     11          304.00      311.30    12.424    332.00    440.08    27          0.07        
5     Small   1     11          304.00      316.54    12.280    332.00    467.54    19          0.1         
6     Small   1     11          304.00      312.98    12.498    332.00    422.02    28          0.09        
7     Small   1     11          304.00      314.12    12.683    332.00    385.58    23          0.09        
8     Small   1     11          304.00      325.36    12.266    332.00    397.80    25          0.1         
9     Small   1     11          304.00      313.82    12.123    332.00    380.04    27          0.09        
0     Small   1     12          286.00      295.54    12.067    323.00    422.72    33          0.09        
1     Small   1     12          286.00      292.24    12.201    316.00    397.72    29          0.08        
2     Small   1     12          286.00      298.00    12.173    324.00    449.92    27          0.09        
3     Small   1     12          286.00      292.54    12.187    320.00    444.92    38          0.1         
4     Small   1     12          286.00      291.10    12.482    324.00    409.88    29          0.12        
6     Small   1     12          286.00      291.06    12.234    319.00    421.70    35          0.08        
5     Small   1     12          286.00      289.20    12.473    318.00    445.38    34          0.11        
7     Small   1     12          286.00      297.72    12.264    323.00    396.30    26          0.1         
8     Small   1     12          286.00      291.30    12.290    324.00    395.88    37          0.09        
9     Small   1     12          286.00      291.88    12.488    320.00    383.48    25          0.08        
0     Small   1     13          266.00      271.20    12.218    295.00    470.84    24          0.1         
2     Small   1     13          266.00      272.26    12.348    294.00    437.68    16          0.08        
1     Small   1     13          266.00      274.34    12.548    287.00    357.62    19          0.08        
3     Small   1     13          266.00      267.90    12.416    306.00    408.14    21          0.1         
4     Small   1     13          266.00      276.36    12.272    290.00    369.82    22          0.1         
5     Small   1     13          266.00      270.94    12.373    295.00    422.22    24          0.1         
0     Small   1     14          269.00      277.58    10.494    301.00    451.46    16          0.06        
6     Small   1     13          266.00      271.40    12.810    287.00    384.02    29          0.12        
1     Small   1     14          269.00      270.92    10.753    283.00    354.00    12          0.07        
7     Small   1     13          266.00      270.34    12.662    295.00    346.34    30          0.1         
8     Small   1     13          266.00      271.58    12.720    300.00    363.14    21          0.1         
9     Small   1     13          266.00      273.24    12.790    296.00    344.36    24          0.09        
2     Small   1     14          269.00      278.96    10.945    298.00    393.96    15          0.08        
3     Small   1     14          269.00      276.10    10.735    301.00    433.94    25          0.07        
4     Small   1     14          269.00      271.68    10.872    289.00    345.98    22          0.07        
5     Small   1     14          269.00      275.72    10.782    297.00    434.56    23          0.08        
6     Small   1     14          269.00      279.34    10.863    295.00    368.80    13          0.08        
7     Small   1     14          269.00      284.18    10.744    286.00    344.62    17          0.05        
8     Small   1     14          269.00      278.54    10.671    288.00    397.42    25          0.08        
9     Small   1     14          269.00      277.48    10.615    292.00    381.86    35          0.07        
0     Small   1     15          275.00      284.94    10.826    307.00    432.92    32          0.08        
1     Small   1     15          275.00      292.58    10.915    308.00    367.74    20          0.07        
2     Small   1     15          275.00      287.66    10.939    304.00    444.86    16          0.06        
3     Small   1     15          275.00      279.62    10.993    301.00    466.86    18          0.07        
4     Small   1     15          275.00      280.32    10.847    307.00    363.18    25          0.07        
5     Small   1     15          275.00      284.98    10.814    313.00    481.64    23          0.08        
8     Small   1     15          275.00      278.32    10.691    306.00    381.80    24          0.08        
7     Small   1     15          275.00      284.46    10.988    301.00    361.68    18          0.07        
6     Small   1     15          275.00      281.60    11.172    307.00    377.52    20          0.08        
9     Small   1     15          275.00      277.58    10.872    308.00    395.66    18          0.07        
0     Small   1     16          295.00      306.74    12.919    331.00    443.36    27          0.08        
1     Small   1     16          295.00      299.28    12.878    337.00    403.02    23          0.08        
2     Small   1     16          295.00      308.28    12.880    339.00    476.36    27          0.1         
5     Small   1     16          295.00      314.96    12.614    326.00    480.38    25          0.09        
3     Small   1     16          295.00      302.10    12.889    340.00    463.96    22          0.1         
4     Small   1     16          295.00      300.58    12.842    328.00    451.72    14          0.07        
6     Small   1     16          295.00      301.34    12.121    330.00    428.68    32          0.08        
1     Small   1     17          262.00      264.82    11.187    295.00    346.64    36          0.08        
0     Small   1     17          262.00      268.68    11.431    297.00    419.84    27          0.07        
7     Small   1     16          295.00      304.30    12.069    327.00    398.04    30          0.1         
8     Small   1     16          295.00      298.16    12.219    336.00    412.90    31          0.09        
9     Small   1     16          295.00      303.50    12.125    330.00    396.24    33          0.08        
2     Small   1     17          262.00      269.56    11.782    285.00    414.86    28          0.06        
3     Small   1     17          262.00      270.76    11.649    299.00    410.82    28          0.08        
4     Small   1     17          262.00      270.80    11.668    299.00    350.56    42          0.09        
5     Small   1     17          262.00      265.94    11.769    299.00    409.14    47          0.08        
6     Small   1     17          262.00      268.42    11.826    295.00    372.44    25          0.07        
7     Small   1     17          262.00      266.14    11.941    299.00    342.24    42          0.08        
0     Small   1     18          253.00      261.08    10.727    287.00    411.68    30          0.06        
1     Small   1     18          253.00      253.12    10.727    285.00    334.60    19          0.07        
8     Small   1     17          262.00      273.14    11.387    299.00    365.46    35          0.08        
9     Small   1     17          262.00      272.32    11.656    294.00    378.90    37          0.07        
3     Small   1     18          253.00      256.60    10.829    288.00    400.50    32          0.07        
2     Small   1     18          253.00      262.82    10.952    291.00    373.02    13          0.08        
4     Small   1     18          253.00      260.90    12.324    290.00    333.82    21          0.08        
5     Small   1     18          253.00      260.56    12.323    294.00    404.48    23          0.1         
6     Small   1     18          253.00      261.00    12.598    282.00    349.60    22          0.07        
7     Small   1     18          253.00      263.72    12.474    288.00    329.22    33          0.06        
9     Small   1     18          253.00      262.62    12.630    284.00    359.54    27          0.06        
8     Small   1     18          253.00      259.52    12.746    291.00    373.72    24          0.08        
0     Small   1     19          244.00      248.12    11.366    288.00    411.40    23          0.08        
1     Small   1     19          244.00      246.30    11.427    270.00    330.66    36          0.09        
3     Small   1     19          244.00      247.06    11.402    268.00    391.86    22          0.06        
2     Small   1     19          244.00      252.36    11.540    275.00    371.50    21          0.06        
4     Small   1     19          244.00      250.16    11.427    278.00    321.98    21          0.07        
5     Small   1     19          244.00      250.48    11.378    282.00    399.30    41          0.07        
6     Small   1     19          244.00      253.66    11.482    271.00    337.06    27          0.08        
7     Small   1     19          245.00      260.70    11.555    275.00    320.52    27          0.07        
8     Small   1     19          244.00      253.58    11.624    269.00    373.14    30          0.08        
9     Small   1     19          244.00      256.88    11.619    275.00    355.94    20          0.07        
0     Small   1     20          287.00      301.06    12.948    329.00    429.78    26          0.09        
1     Small   1     20          287.00      290.44    13.233    323.00    389.40    30          0.09        
3     Small   1     20          287.00      295.30    12.817    334.00    451.60    32          0.13        
2     Small   1     20          287.00      307.82    13.059    332.00    450.50    33          0.13        
5     Small   1     20          287.00      295.06    12.746    328.00    457.34    22          0.1         
4     Small   1     20          287.00      292.90    12.850    330.00    409.80    50          0.11        
7     Small   1     20          287.00      292.26    12.327    321.00    379.74    16          0.08        
6     Small   1     20          287.00      294.76    12.713    330.00    417.72    29          0.12        
8     Small   1     20          287.00      293.66    12.071    342.00    396.32    34          0.09        
0     Small   1     21          292.00      299.42    11.303    311.00    450.46    22          0.08        
1     Small   1     21          292.00      301.68    11.266    311.00    382.18    25          0.07        
9     Small   1     20          287.00      296.52    11.905    331.00    384.02    30          0.09        
2     Small   1     21          292.00      301.62    11.322    311.00    460.00    23          0.06        
3     Small   1     21          292.00      297.66    11.488    311.00    483.64    27          0.07        
4     Small   1     21          292.00      303.50    11.382    311.00    364.04    19          0.11        
5     Small   1     21          292.00      304.48    11.473    311.00    451.32    32          0.09        
6     Small   1     21          292.00      293.24    11.434    311.00    401.60    21          0.08        
7     Small   1     21          292.00      304.56    11.461    311.00    374.88    29          0.08        
8     Small   1     21          292.00      312.44    11.443    311.00    399.68    23          0.08        
9     Small   1     21          292.00      304.84    11.421    311.00    407.80    23          0.07        
0     Small   1     22          237.00      252.94    9.971     253.00    359.06    12          0.06        
3     Small   1     22          237.00      248.80    9.918     247.00    338.62    6           0.06        
2     Small   1     22          237.00      244.38    9.996     272.00    355.52    20          0.05        
1     Small   1     22          237.00      243.70    10.063    255.00    334.36    10          0.06        
4     Small   1     22          237.00      244.06    10.007    259.00    308.96    15          0.06        
5     Small   1     22          237.00      244.36    10.001    255.00    386.10    10          0.06        
7     Small   1     22          237.00      249.10    9.863     257.00    307.18    14          0.06        
6     Small   1     22          237.00      246.06    10.053    261.00    329.18    14          0.06        
9     Small   1     22          237.00      241.84    9.919     261.00    362.80    19          0.06        
8     Small   1     22          237.00      242.70    10.184    263.00    337.64    19          0.07        
0     Small   1     23          276.00      287.84    9.962     306.00    409.12    8           0.06        
1     Small   1     23          276.00      287.38    10.184    298.00    380.06    13          0.06        
2     Small   1     23          276.00      284.40    10.633    306.00    398.96    24          0.06        
3     Small   1     23          276.00      286.02    10.603    298.00    390.04    21          0.06        
5     Small   1     23          276.00      286.16    10.481    295.00    424.80    10          0.06        
4     Small   1     23          276.00      289.14    10.626    306.00    356.30    15          0.07        
6     Small   1     23          276.00      286.52    10.732    309.00    375.78    6           0.05        
7     Small   1     23          276.00      289.48    10.720    293.00    354.24    11          0.06        
8     Small   1     23          276.00      280.84    10.207    307.00    386.14    10          0.07        
9     Small   1     23          276.00      281.40    10.239    320.00    409.08    19          0.06        
0     Small   1     24          294.00      300.76    12.451    320.00    446.08    13          0.09        
1     Small   1     24          294.00      304.98    12.491    320.00    399.00    15          0.08        
2     Small   1     24          294.00      301.64    12.252    324.00    495.00    12          0.09        
3     Small   1     24          294.00      298.90    12.467    321.00    456.68    18          0.09        
4     Small   1     24          294.00      304.46    12.164    322.00    438.94    17          0.09        
5     Small   1     24          294.00      302.82    12.524    315.00    471.68    11          0.08        
6     Small   1     24          294.00      297.44    12.260    337.00    428.56    15          0.1         
7     Small   1     24          294.00      297.10    12.235    325.00    389.28    17          0.08        
8     Small   1     24          294.00      304.70    12.876    326.00    411.06    17          0.09        
9     Small   1     24          294.00      295.84    12.561    333.00    390.32    12          0.1         
0     Small   1     25          238.00      243.60    10.595    266.00    370.70    26          0.07        
1     Small   1     25          238.00      247.72    10.797    266.00    324.50    17          0.07        
3     Small   1     25          238.00      242.26    10.500    266.00    389.90    21          0.07        
2     Small   1     25          238.00      246.60    10.719    250.00    356.46    16          0.07        
4     Small   1     25          238.00      249.46    10.503    266.00    318.46    19          0.06        
5     Small   1     25          238.00      244.56    10.735    265.00    390.22    17          0.06        
6     Small   1     25          238.00      248.38    10.423    262.00    333.16    26          0.07        
7     Small   1     25          238.00      240.06    10.381    266.00    321.66    13          0.06        
9     Small   1     25          238.00      242.84    10.398    257.00    374.82    26          0.07        
8     Small   1     25          238.00      239.76    10.634    265.00    363.44    24          0.07        
0     Small   2     26          295.00      312.04    10.239    330.00    447.28    21          0.06        
1     Small   2     26          295.00      301.34    10.530    324.00    418.94    22          0.06        
2     Small   2     26          295.00      304.58    10.698    334.00    445.58    23          0.06        
3     Small   2     26          295.00      307.46    10.594    328.00    431.88    35          0.06        
4     Small   2     26          295.00      301.42    10.545    343.00    392.70    15          0.07        
5     Small   2     26          295.00      305.74    10.485    338.00    466.22    15          0.07        
6     Small   2     26          295.00      300.28    10.563    326.00    405.18    12          0.06        
7     Small   2     26          295.00      311.86    10.492    324.00    390.32    22          0.06        
8     Small   2     26          295.00      306.58    10.798    328.00    420.22    27          0.07        
9     Small   2     26          295.00      296.46    10.803    319.00    452.70    25          0.06        
0     Small   2     27          302.00      311.18    12.790    333.00    559.54    16          0.09        
1     Small   2     27          302.00      313.60    13.247    341.00    414.94    21          0.08        
2     Small   2     27          302.00      313.92    12.911    331.00    525.04    18          0.08        
3     Small   2     27          302.00      310.16    13.148    344.00    484.10    37          0.08        
4     Small   2     27          302.00      311.36    12.322    345.00    432.38    16          0.09        
5     Small   2     27          302.00      303.90    12.510    332.00    490.44    26          0.1         
6     Small   2     27          302.00      308.68    12.594    334.00    447.32    21          0.12        
7     Small   2     27          302.00      310.68    12.485    338.00    404.64    26          0.09        
8     Small   2     27          302.00      312.52    12.415    342.00    422.74    29          0.09        
9     Small   2     27          302.00      311.76    12.409    351.00    404.48    28          0.09        
0     Small   2     28          288.00      295.08    12.021    324.00    432.70    25          0.08        
1     Small   2     28          294.00      298.88    12.262    327.00    387.28    14          0.07        
2     Small   2     28          288.00      297.90    12.075    339.00    458.36    31          0.1         
3     Small   2     28          288.00      294.58    12.003    346.00    445.96    42          0.1         
4     Small   2     28          288.00      294.10    12.114    316.00    427.14    30          0.07        
5     Small   2     28          288.00      301.94    11.954    321.00    451.48    23          0.08        
6     Small   2     28          288.00      301.08    12.384    326.00    415.30    16          0.09        
7     Small   2     28          288.00      294.44    12.463    342.00    384.84    24          0.08        
8     Small   2     28          288.00      299.14    12.449    327.00    389.64    22          0.1         
9     Small   2     28          288.00      295.72    12.449    329.00    377.62    17          0.09        
0     Small   2     29          298.00      308.92    12.481    343.00    454.24    13          0.09        
1     Small   2     29          298.00      306.04    12.533    323.00    406.04    23          0.07        
2     Small   2     29          298.00      309.88    12.554    336.00    480.96    14          0.1         
3     Small   2     29          298.00      310.18    12.226    352.00    474.54    25          0.09        
4     Small   2     29          298.00      306.12    12.484    334.00    453.78    23          0.07        
5     Small   2     29          298.00      312.66    12.319    335.00    483.10    34          0.09        
6     Small   2     29          298.00      304.68    12.470    351.00    441.70    24          0.08        
7     Small   2     29          298.00      309.84    12.557    353.00    400.32    35          0.09        
9     Small   2     29          298.00      304.80    12.344    349.00    397.68    27          0.08        
8     Small   2     29          298.00      312.04    12.616    353.00    411.94    21          0.09        
0     Small   2     30          299.00      306.46    12.272    342.00    431.84    28          0.1         
1     Small   2     30          299.00      313.44    12.522    335.00    396.92    20          0.09        
2     Small   2     30          299.00      306.50    12.220    337.00    479.60    23          0.11        
3     Small   2     30          299.00      306.98    12.511    343.00    450.06    36          0.09        
4     Small   2     30          299.00      305.82    12.531    345.00    436.52    33          0.09        
5     Small   2     30          299.00      310.04    12.675    345.00    458.32    30          0.08        
6     Small   2     30          299.00      309.22    12.779    343.00    420.30    45          0.13        
7     Small   2     30          299.00      303.96    12.738    353.00    387.82    24          0.11        
8     Small   2     30          299.00      308.38    12.826    335.00    402.26    35          0.09        
9     Small   2     30          299.00      304.40    13.088    349.00    388.44    56          0.1         
0     Small   2     31          265.00      278.48    11.638    305.00    407.92    57          0.08        
1     Small   2     31          265.00      276.50    11.704    292.00    352.86    36          0.07        
2     Small   2     31          265.00      272.58    11.336    302.00    406.50    51          0.07        
3     Small   2     31          265.00      272.96    11.386    304.00    431.50    29          0.09        
4     Small   2     31          265.00      268.86    11.486    304.00    341.68    42          0.07        
5     Small   2     31          265.00      281.00    11.515    305.00    448.08    51          0.07        
6     Small   2     31          265.00      275.38    11.808    302.00    365.40    37          0.06        
7     Small   2     31          265.00      276.08    11.688    305.00    341.94    55          0.07        
8     Small   2     31          265.00      275.54    10.997    303.00    362.52    27          0.08        
0     Small   2     32          329.00      343.14    10.260    352.00    469.18    29          0.08        
9     Small   2     31          265.00      278.48    11.035    303.00    370.52    34          0.08        
1     Small   2     32          329.00      336.00    10.311    372.00    439.34    17          0.06        
2     Small   2     32          329.00      343.02    11.668    363.00    457.30    12          0.05        
3     Small   2     32          329.00      343.22    11.754    355.00    450.50    14          0.06        
4     Small   2     32          329.00      338.38    12.573    363.00    417.88    15          0.08        
5     Small   2     32          329.00      338.08    12.453    359.00    482.70    9           0.06        
6     Small   2     32          329.00      335.64    12.561    361.00    433.62    28          0.09        
7     Small   2     32          329.00      346.46    12.620    363.00    419.68    18          0.06        
8     Small   2     32          329.00      334.80    11.356    363.00    444.30    17          0.08        
9     Small   2     32          329.00      335.32    11.335    365.00    473.50    20          0.06        
0     Small   2     33          309.00      318.72    13.573    348.00    529.56    32          0.12        
1     Small   2     33          309.00      321.74    13.466    342.00    404.92    22          0.11        
2     Small   2     33          309.00      317.28    13.600    360.00    507.62    36          0.09        
3     Small   2     33          309.00      319.34    13.816    354.00    473.60    25          0.1         
4     Small   2     33          309.00      322.36    12.767    350.00    429.68    16          0.1         
5     Small   2     33          309.00      316.92    13.004    356.00    485.98    26          0.11        
6     Small   2     33          309.00      315.82    12.542    338.00    436.10    50          0.11        
7     Small   2     33          309.00      315.06    12.312    352.00    394.74    40          0.08        
8     Small   2     33          309.00      318.70    12.260    358.00    413.32    39          0.1         
9     Small   2     33          309.00      328.88    12.421    344.00    395.66    26          0.09        
0     Small   2     34          312.00      319.74    12.954    352.00    470.04    21          0.08        
1     Small   2     34          312.00      316.08    12.997    363.00    419.08    23          0.07        
3     Small   2     34          312.00      322.96    13.155    360.00    487.06    20          0.1         
2     Small   2     34          312.00      321.64    13.436    349.00    504.08    28          0.09        
4     Small   2     34          312.00      318.92    13.193    349.00    471.02    24          0.07        
5     Small   2     34          312.00      330.02    13.210    362.00    496.62    33          0.12        
6     Small   2     34          312.00      316.64    12.558    348.00    446.88    21          0.08        
7     Small   2     34          312.00      321.26    12.517    339.00    404.66    20          0.08        
9     Small   2     34          312.00      321.72    11.825    345.00    406.12    21          0.08        
8     Small   2     34          312.00      323.26    11.971    361.00    422.64    19          0.09        
0     Small   2     35          285.00      292.50    12.206    322.00    425.10    21          0.09        
1     Small   2     35          285.00      293.94    12.489    317.00    384.82    16          0.08        
2     Small   2     35          285.00      292.22    12.062    323.00    469.58    22          0.09        
3     Small   2     35          285.00      290.58    12.366    317.00    440.74    21          0.08        
4     Small   2     35          285.00      296.64    11.997    320.00    425.24    28          0.1         
5     Small   2     35          285.00      290.88    12.238    324.00    451.72    25          0.09        
6     Small   2     35          285.00      289.90    12.273    318.00    410.56    29          0.1         
7     Small   2     35          285.00      288.56    12.450    320.00    376.48    28          0.09        
8     Small   2     35          285.00      291.90    12.520    318.00    394.44    34          0.09        
9     Small   2     35          285.00      290.98    12.610    318.00    372.76    32          0.09        
0     Small   2     36          265.00      272.58    10.463    305.00    412.80    22          0.06        
1     Small   2     36          265.00      272.06    10.746    298.00    364.58    28          0.07        
2     Small   2     36          265.00      276.18    10.585    299.00    398.74    16          0.06        
3     Small   2     36          265.00      270.10    10.561    308.00    432.42    21          0.06        
4     Small   2     36          265.00      278.30    10.622    299.00    357.98    27          0.07        
5     Small   2     36          265.00      272.86    10.890    284.00    431.34    12          0.05        
6     Small   2     36          265.00      279.06    10.687    296.00    375.54    21          0.06        
7     Small   2     36          265.00      269.40    10.570    289.00    366.04    25          0.07        
8     Small   2     36          265.00      268.08    10.780    295.00    402.16    27          0.07        
9     Small   2     36          265.00      267.94    10.734    296.00    415.88    23          0.06        
0     Small   2     37          276.00      285.26    11.975    312.00    407.16    41          0.08        
1     Small   2     37          276.00      279.26    12.161    321.00    375.14    36          0.08        
2     Small   2     37          276.00      286.10    12.036    321.00    439.28    33          0.09        
3     Small   2     37          276.00      279.88    11.742    317.00    432.66    32          0.11        
4     Small   2     37          276.00      279.56    11.879    308.00    393.20    39          0.09        
5     Small   2     37          276.00      280.28    11.864    317.00    434.02    36          0.09        
6     Small   2     37          276.00      285.04    11.810    309.00    401.80    26          0.08        
7     Small   2     37          276.00      283.70    11.877    309.00    355.44    37          0.07        
0     Small   2     38          249.00      261.86    10.236    271.00    371.06    17          0.06        
8     Small   2     37          276.00      279.24    11.722    319.00    374.16    31          0.11        
9     Small   2     37          276.00      283.88    11.825    314.00    358.00    25          0.1         
1     Small   2     38          249.00      256.16    10.325    276.00    341.26    15          0.05        
2     Small   2     38          249.00      258.16    10.295    270.00    362.04    15          0.05        
3     Small   2     38          249.00      260.72    10.416    275.00    350.78    16          0.06        
4     Small   2     38          249.00      256.00    10.270    284.00    322.58    14          0.08        
5     Small   2     38          249.00      258.60    10.058    275.00    393.90    20          0.06        
6     Small   2     38          249.00      260.76    10.227    276.00    337.10    21          0.06        
7     Small   2     38          249.00      259.76    10.219    272.00    317.04    9           0.05        
8     Small   2     38          249.00      253.06    10.291    275.00    348.10    11          0.07        
9     Small   2     38          249.00      255.34    10.395    272.00    372.60    19          0.06        
0     Small   2     39          277.00      290.94    10.614    313.00    453.34    20          0.07        
1     Small   2     39          277.00      290.70    10.661    316.00    383.88    15          0.07        
2     Small   2     39          277.00      285.56    10.802    322.00    414.92    21          0.07        
3     Small   2     39          277.00      281.62    10.505    322.00    448.68    28          0.06        
4     Small   2     39          277.00      286.66    10.635    321.00    366.38    27          0.06        
5     Small   2     39          277.00      289.72    10.726    309.00    445.88    23          0.07        
6     Small   2     39          277.00      287.76    10.625    317.00    385.04    33          0.07        
7     Small   2     39          277.00      299.84    10.461    322.00    370.30    13          0.06        
9     Small   2     39          277.00      288.00    10.650    320.00    399.74    25          0.06        
8     Small   2     39          277.00      285.76    10.811    308.00    422.30    36          0.07        
0     Small   2     40          261.00      266.06    12.261    296.00    398.78    35          0.08        
1     Small   2     40          261.00      264.52    12.319    292.00    355.38    42          0.07        
2     Small   2     40          261.00      269.68    12.088    309.00    426.96    44          0.08        
3     Small   2     40          261.00      266.18    11.919    309.00    410.08    38          0.12        
4     Small   2     40          261.00      261.64    12.117    295.00    395.56    39          0.07        
5     Small   2     40          261.00      271.02    12.039    307.00    425.66    49          0.09        
6     Small   2     40          261.00      272.50    11.960    292.00    379.64    50          0.08        
7     Small   2     40          261.00      269.54    11.944    298.00    350.30    36          0.08        
0     Small   2     41          289.00      303.60    10.147    323.00    423.12    23          0.06        
1     Small   2     41          289.00      295.42    10.139    323.00    391.80    32          0.06        
9     Small   2     40          261.00      268.62    11.972    289.00    343.64    23          0.08        
8     Small   2     40          261.00      267.56    12.126    304.00    362.32    32          0.09        
2     Small   2     41          289.00      297.40    10.270    323.00    421.42    29          0.05        
3     Small   2     41          289.00      300.18    10.365    323.00    399.98    28          0.06        
4     Small   2     41          289.00      297.88    10.188    323.00    367.06    26          0.06        
5     Small   2     41          289.00      301.62    10.161    309.00    438.40    18          0.06        
6     Small   2     41          289.00      297.58    10.262    316.00    379.90    35          0.06        
7     Small   2     41          289.00      303.74    10.293    322.00    367.94    33          0.06        
8     Small   2     41          289.00      295.20    10.342    317.00    393.78    22          0.06        
9     Small   2     41          289.00      293.22    10.200    322.00    422.36    23          0.06        
1     Small   2     42          297.00      298.36    11.226    327.00    393.00    21          0.08        
0     Small   2     42          297.00      307.80    11.441    335.00    462.98    21          0.07        
2     Small   2     42          297.00      304.54    11.340    319.00    458.74    10          0.06        
3     Small   2     42          297.00      307.70    11.360    327.00    455.00    24          0.08        
4     Small   2     42          297.00      305.94    11.249    337.00    394.56    19          0.08        
5     Small   2     42          297.00      302.76    11.494    342.00    461.32    23          0.08        
6     Small   2     42          297.00      310.04    11.203    321.00    417.92    17          0.06        
7     Small   2     42          297.00      299.32    11.285    337.00    378.34    17          0.08        
8     Small   2     42          297.00      307.08    11.296    332.00    409.68    21          0.08        
9     Small   2     42          297.00      317.76    11.523    334.00    424.70    18          0.07        
0     Small   2     43          297.00      304.40    12.134    327.00    457.96    32          0.08        
1     Small   2     43          297.00      306.12    12.304    336.00    404.24    30          0.08        
2     Small   2     43          297.00      305.66    12.083    336.00    504.26    22          0.1         
3     Small   2     43          297.00      303.04    12.387    324.00    476.42    18          0.08        
4     Small   2     43          297.00      311.32    12.037    326.00    452.30    21          0.09        
5     Small   2     43          297.00      310.38    12.098    334.00    480.40    18          0.08        
6     Small   2     43          297.00      301.94    12.145    336.00    429.74    29          0.1         
7     Small   2     43          297.00      297.12    12.332    329.00    395.10    32          0.09        
0     Small   2     44          270.00      280.50    11.090    302.00    425.30    15          0.07        
8     Small   2     43          297.00      306.78    12.261    323.00    412.66    39          0.1         
1     Small   2     44          270.00      275.66    11.102    296.00    362.80    19          0.06        
9     Small   2     43          297.00      303.38    12.301    336.00    390.94    31          0.11        
2     Small   2     44          270.00      276.18    11.090    283.00    432.40    5           0.07        
3     Small   2     44          270.00      279.94    11.151    302.00    451.68    16          0.08        
4     Small   2     44          270.00      281.70    10.820    305.00    350.50    14          0.09        
5     Small   2     44          270.00      278.54    10.953    293.00    433.92    13          0.07        
6     Small   2     44          270.00      273.02    10.885    292.00    373.26    11          0.07        
7     Small   2     44          270.00      276.56    10.935    298.00    352.66    18          0.07        
8     Small   2     44          270.00      286.10    11.118    298.00    378.84    7           0.08        
9     Small   2     44          270.00      283.74    11.352    296.00    386.26    12          0.07        
