0     gr17        2894.00     2981.20   20.008    3056.00   4083.46   295         0.01        2627        
1     gr17        2991.00     3090.74   20.006    3028.00   3808.00   7           0.01        2574        
2     gr17        2760.00     2822.49   20.002    3000.00   3903.89   7           0.01        2587        
3     gr17        2991.00     3089.12   20.001    3035.00   3844.52   123         0.01        2675        
4     gr17        2991.00     3051.42   20.005    3000.00   3947.71   28          0.01        2507        
5     gr17        2991.00     3064.35   20.007    3035.00   3717.88   23          0.01        2659        
6     gr17        2991.00     3076.75   20.007    3000.00   3670.30   5           0.01        2625        
7     gr17        2991.00     3045.06   20.007    3000.00   3780.53   28          0.01        2625        
8     gr17        2991.00     3049.27   20.001    3060.00   3996.79   24          0.01        2641        
9     gr17        2927.00     2984.99   20.002    2995.00   3795.21   76          0.01        2584        
0     gr21        8258.00     8559.55   20.008    9576.00   11415.65  20          0.01        2269        
1     gr21        8371.00     8698.44   20.005    9628.00   11464.41  11          0.01        2269        
2     gr21        8371.00     8905.45   20.008    9067.00   11433.54  10          0.01        2342        
3     gr21        8371.00     8745.58   20.007    9532.00   11686.08  16          0.01        2323        
4     gr21        8371.00     8683.15   20.000    9628.00   11318.06  24          0.01        2283        
5     gr21        8371.00     8910.04   20.003    9336.00   11330.50  14          0.01        2303        
6     gr21        8371.00     8794.07   20.007    9210.00   11297.19  13          0.01        2328        
7     gr21        8013.00     8406.80   20.007    9628.00   11265.65  29          0.01        2224        
8     gr21        8371.00     8653.15   20.006    9609.00   11415.48  37          0.01        2295        
9     gr21        8013.00     8563.57   20.002    9628.00   11361.01  33          0.01        2347        
0     gr24        1867.00     1911.83   20.009    1937.00   2575.54   6           0.02        2098        
1     gr24        1867.00     1924.71   20.003    1917.00   2433.87   4           0.02        2174        
2     gr24        1867.00     1916.95   20.003    1953.00   2615.55   3           0.01        2135        
3     gr24        1867.00     1945.46   20.009    1949.00   2631.00   6           0.01        2132        
4     gr24        1824.00     1875.38   20.009    1903.00   2505.69   2012        0.02        2102        
5     gr24        1867.00     1894.52   20.002    1951.00   2454.68   4           0.02        2131        
6     gr24        1867.00     1897.59   20.006    1941.00   2663.60   6           0.01        2165        
7     gr24        1867.00     1942.95   20.004    1879.00   2471.13   2           0.01        2122        
8     gr24        1867.00     1914.67   20.001    1867.00   2627.98   0           0.02        2078        
9     gr24        1867.00     1913.61   20.009    1885.00   2529.23   3           0.01        2155        
0     fri26       1302.00     1326.62   20.003    1314.00   1844.31   2           0.02        2089        
1     fri26       1302.00     1324.38   20.007    1312.00   1863.85   2           0.02        1954        
2     fri26       1302.00     1335.05   20.007    1339.00   1866.94   1           0.02        2028        
3     fri26       1283.00     1300.26   20.007    1307.00   1792.67   60          0.02        1985        
4     fri26       1302.00     1333.04   20.004    1302.00   1816.24   0           0.02        2017        
5     fri26       1302.00     1323.32   20.008    1325.00   1686.11   3           0.02        2035        
6     fri26       1302.00     1324.50   20.007    1312.00   1898.00   2           0.02        2014        
7     fri26       1302.00     1331.28   20.002    1307.00   1775.14   1           0.02        2024        
8     fri26       1283.00     1301.87   20.007    1307.00   1871.52   88          0.02        2005        
9     fri26       1302.00     1325.12   20.004    1338.00   1924.96   2           0.02        2065        
0     bays29      2991.00     3039.58   20.003    3090.00   4302.05   7           0.02        1901        
1     bays29      2991.00     3051.96   20.007    3129.00   4696.26   7           0.02        1923        
2     bays29      2991.00     3090.63   20.004    3132.00   4412.00   8           0.02        1878        
3     bays29      2991.00     3046.03   20.004    3128.00   4427.10   3           0.02        1934        
4     bays29      2991.00     3051.41   20.002    3115.00   4326.91   10          0.02        1802        
5     bays29      2991.00     3080.42   20.001    3142.00   4418.68   10          0.02        1946        
6     bays29      2991.00     3044.82   20.007    3128.00   4328.35   4           0.02        1897        
7     bays29      2991.00     3056.81   20.000    3100.00   4234.54   8           0.02        1883        
8     bays29      2991.00     3064.00   20.005    3184.00   4307.39   6           0.02        1951        
9     bays29      2991.00     3056.64   20.002    3128.00   4222.57   8           0.02        1901        
0     gr48        7594.00     7775.95   20.013    8291.00   12164.25  20          0.06        1383        
1     gr48        7594.00     7655.23   20.013    8234.00   12814.88  22          0.05        1356        
2     gr48        7695.00     7867.14   20.006    8320.00   13117.43  16          0.06        1381        
3     gr48        7594.00     7754.90   20.011    8197.00   13381.07  24          0.08        1384        
4     gr48        7594.00     7678.83   20.010    8295.00   13336.58  22          0.06        1404        
5     gr48        7594.00     7772.00   20.005    8132.00   11957.47  22          0.06        1394        
6     gr48        7594.00     7757.30   20.001    8340.00   11072.71  22          0.05        1394        
7     gr48        7594.00     7787.24   20.006    8216.00   12342.37  28          0.06        1395        
8     gr48        7594.00     7705.83   20.006    8252.00   12583.47  30          0.07        1406        
9     gr48        7594.00     7671.04   20.007    8307.00   12999.49  33          0.05        1420        
0     eil51       639.78      652.86    20.003    697.38    986.52    17          0.06        1301        
1     eil51       639.78      660.92    20.005    680.57    1021.64   14          0.06        1315        
2     eil51       639.78      646.92    20.010    693.60    1045.40   19          0.07        1292        
3     eil51       639.78      643.50    20.013    693.38    1073.44   19          0.07        1292        
4     eil51       639.78      652.06    20.002    695.29    1038.18   16          0.07        1249        
5     eil51       639.78      656.53    20.013    687.78    1076.31   22          0.06        1301        
6     eil51       639.78      651.04    20.006    685.57    1040.66   22          0.06        1281        
7     eil51       639.78      656.15    20.008    689.38    972.56    14          0.07        1275        
8     eil51       639.78      647.73    20.001    693.38    1089.42   20          0.06        1301        
9     eil51       639.78      654.36    20.009    695.38    1042.82   24          0.07        1263        
0     berlin52    11318.28    11575.39  20.012    12642.90  17281.63  25          0.06        1274        
1     berlin52    11259.14    11454.69  20.005    12414.14  18926.68  21          0.06        1248        
2     berlin52    11259.14    11587.58  20.007    12133.14  18942.99  19          0.07        1281        
3     berlin52    11259.14    11554.90  20.004    12640.44  18501.70  21          0.07        1260        
4     berlin52    11259.14    11455.09  20.008    12267.90  17676.17  13          0.06        1268        
5     berlin52    11259.14    11599.24  20.014    12169.14  18765.39  16          0.07        1247        
6     berlin52    11259.14    11462.56  20.002    12643.87  18745.80  111         0.07        1266        
7     berlin52    11259.14    11415.24  20.005    12314.14  17469.76  24          0.07        1260        
8     berlin52    11259.14    11375.98  20.002    12791.14  18569.28  20          0.08        1234        
9     berlin52    11259.14    11470.69  20.015    12201.14  19022.12  20          0.07        1242        
0     eil76       818.94      837.64    20.008    885.94    1460.47   27          0.14        936         
1     eil76       818.94      827.96    20.015    889.28    1445.29   22          0.14        956         
2     eil76       818.94      831.35    20.018    905.94    1432.72   22          0.12        925         
3     eil76       818.94      834.36    20.004    895.83    1575.16   23          0.14        938         
4     eil76       818.94      827.76    20.012    888.88    1415.90   18          0.13        947         
5     eil76       818.94      823.82    20.007    872.61    1410.81   19          0.13        952         
6     eil76       818.94      836.85    20.005    901.94    1494.01   15          0.13        948         
7     eil76       818.94      823.63    20.000    892.94    1345.00   14          0.14        950         
8     eil76       818.94      826.43    20.012    906.88    1579.79   12          0.14        937         
9     eil76       818.94      827.57    20.007    908.88    1420.38   16          0.15        954         
0     eil101      950.74      968.05    20.015    1061.78   1891.33   25          0.26        746         
1     eil101      950.74      964.35    20.020    1061.78   1812.45   31          0.23        746         
2     eil101      950.74      962.29    20.015    1050.71   1913.83   19          0.26        755         
3     eil101      950.74      965.77    20.018    1030.99   1780.65   34          0.26        748         
4     eil101      950.74      962.78    20.011    1061.78   1674.05   26          0.26        745         
5     eil101      950.74      968.50    20.015    1046.46   1679.21   80          0.3         718         
6     eil101      950.74      962.86    20.019    1049.74   1827.79   39          0.28        739         
7     eil101      950.74      954.21    20.012    1036.94   1682.15   30          0.21        743         
8     eil101      950.74      965.01    20.002    1048.70   1936.50   31          0.23        728         
9     eil101      950.74      958.35    20.018    1058.46   1646.67   94          0.25        723         
seed  ins         mejor       pob       time      mejor_i   pob_i     mejor_iter  t_pob       
