0     gr17        2894.00     3014.37   20.002    3056.00   4083.46   800         0.01        2559        
1     gr17        2835.00     2914.60   20.003    3028.00   3808.00   9           0.01        2425        
2     gr17        2991.00     3085.86   20.001    3000.00   3903.89   24          0.01        2436        
3     gr17        2991.00     3092.25   20.005    3035.00   3844.52   20          0.01        2445        
4     gr17        2991.00     3122.58   20.007    3000.00   3947.71   13          0.01        2459        
5     gr17        2991.00     3112.30   20.005    3035.00   3717.88   18          0.01        2387        
6     gr17        2991.00     3119.50   20.002    3000.00   3670.30   33          0.01        2439        
7     gr17        2991.00     3074.67   20.003    3000.00   3780.53   113         0.01        2428        
8     gr17        2991.00     3091.74   20.001    3060.00   3996.79   163         0.01        2404        
9     gr17        2894.00     2967.18   20.004    2995.00   3795.21   315         0.01        2413        
0     gr21        8371.00     9274.91   20.009    9576.00   11415.65  39          0.01        2210        
1     gr21        8371.00     9090.04   20.001    9628.00   11464.41  39          0.01        2224        
2     gr21        8371.00     9247.29   20.007    9067.00   11433.54  21          0.01        2243        
3     gr21        8371.00     9034.89   20.004    9532.00   11686.08  22          0.01        2285        
4     gr21        8371.00     9144.80   20.005    9628.00   11318.06  78          0.01        2287        
5     gr21        8371.00     9142.26   20.004    9336.00   11330.50  23          0.01        2326        
6     gr21        8371.00     9169.02   20.002    9210.00   11297.19  26          0.01        2280        
7     gr21        8013.00     8850.06   20.002    9628.00   11265.65  52          0.01        2307        
8     gr21        8371.00     9048.69   20.002    9609.00   11415.48  74          0.01        2304        
9     gr21        8357.00     8874.69   20.001    9628.00   11361.01  60          0.01        2297        
0     gr24        1867.00     1954.63   20.003    1937.00   2575.54   13          0.02        2135        
1     gr24        1867.00     1942.81   20.006    1917.00   2433.87   15          0.02        2064        
2     gr24        1867.00     1940.63   20.006    1953.00   2615.55   6           0.01        2164        
3     gr24        1867.00     1917.59   20.004    1949.00   2631.00   4           0.02        2119        
4     gr24        1867.00     1949.33   20.007    1903.00   2505.69   14          0.02        2130        
5     gr24        1867.00     1941.66   20.001    1951.00   2454.68   8           0.02        2149        
6     gr24        1867.00     1922.53   20.001    1941.00   2663.60   7           0.01        2149        
7     gr24        1867.00     1908.89   20.006    1879.00   2471.13   2           0.02        2179        
8     gr24        1867.00     1930.90   20.010    1867.00   2627.98   0           0.02        2113        
9     gr24        1867.00     1936.49   20.006    1885.00   2529.23   2           0.01        2156        
0     fri26       1302.00     1331.92   20.005    1314.00   1844.31   4           0.02        2066        
1     fri26       1302.00     1337.20   20.001    1312.00   1863.85   4           0.02        2079        
2     fri26       1302.00     1339.98   20.006    1339.00   1866.94   7           0.02        2053        
3     fri26       1302.00     1336.49   20.003    1307.00   1792.67   2           0.02        2062        
4     fri26       1302.00     1327.78   20.009    1302.00   1816.24   0           0.02        2020        
5     fri26       1302.00     1325.20   20.004    1325.00   1686.11   4           0.02        2061        
6     fri26       1302.00     1322.58   20.006    1312.00   1898.00   3           0.02        2064        
7     fri26       1302.00     1321.29   20.006    1307.00   1775.14   6           0.02        2081        
8     fri26       1302.00     1322.29   20.010    1307.00   1871.52   2           0.02        2079        
9     fri26       1302.00     1328.03   20.004    1338.00   1924.96   7           0.02        2058        
0     bays29      2991.00     3057.92   20.002    3090.00   4302.05   16          0.03        1931        
1     bays29      2991.00     3079.28   20.006    3129.00   4696.26   10          0.03        1955        
2     bays29      2991.00     3098.84   20.005    3132.00   4412.00   19          0.02        1974        
3     bays29      2991.00     3077.92   20.007    3128.00   4427.10   11          0.02        1954        
4     bays29      2991.00     3121.88   20.006    3115.00   4326.91   24          0.02        1938        
5     bays29      2991.00     3072.13   20.008    3142.00   4418.68   20          0.02        1960        
6     bays29      2991.00     3119.36   20.003    3128.00   4328.35   29          0.02        1959        
7     bays29      2991.00     3055.83   20.004    3100.00   4234.54   241         0.02        1922        
8     bays29      2991.00     3048.52   20.004    3184.00   4307.39   33          0.03        1905        
9     bays29      2991.00     3072.94   20.004    3128.00   4222.57   21          0.03        1954        
0     gr48        7594.00     7858.21   20.003    8291.00   12164.25  47          0.06        1462        
1     gr48        7594.00     7825.01   20.008    8234.00   12814.88  37          0.06        1469        
2     gr48        7594.00     7814.54   20.010    8320.00   13117.43  26          0.06        1458        
3     gr48        7594.00     7792.57   20.007    8197.00   13381.07  54          0.08        1456        
4     gr48        7594.00     7805.02   20.008    8295.00   13336.58  166         0.07        1424        
5     gr48        7594.00     7768.87   20.003    8132.00   11957.47  28          0.07        1454        
6     gr48        7594.00     7790.13   20.006    8340.00   11072.71  38          0.06        1467        
7     gr48        7594.00     7724.94   20.008    8216.00   12342.37  287         0.06        1426        
8     gr48        7594.00     7844.49   20.001    8252.00   12583.47  60          0.07        1454        
9     gr48        7594.00     7745.66   20.009    8307.00   12999.49  45          0.06        1432        
0     eil51       639.78      652.77    20.005    697.38    986.52    36          0.06        1396        
1     eil51       639.78      658.79    20.002    680.57    1021.64   22          0.07        1385        
2     eil51       639.78      651.77    20.007    693.60    1045.40   34          0.07        1376        
3     eil51       639.78      649.47    20.013    693.38    1073.44   59          0.08        1363        
4     eil51       639.78      654.12    20.007    695.29    1038.18   242         0.09        1381        
5     eil51       639.78      653.75    20.004    687.78    1076.31   35          0.07        1374        
6     eil51       639.78      662.40    20.008    685.57    1040.66   39          0.07        1373        
7     eil51       639.78      653.18    20.000    689.38    972.56    35          0.07        1387        
8     eil51       639.78      653.11    20.003    693.38    1089.42   34          0.07        1354        
9     eil51       639.78      652.29    20.004    695.38    1042.82   39          0.07        1357        
0     berlin52    11259.14    11386.36  20.002    12642.90  17281.63  37          0.07        1474        
1     berlin52    11259.14    11518.02  20.011    12414.14  18926.68  61          0.06        1533        
2     berlin52    11259.14    11695.61  20.013    12133.14  18942.99  36          0.07        1532        
3     berlin52    11259.14    11507.19  20.010    12640.44  18501.70  700         0.07        1482        
4     berlin52    11259.14    11608.09  20.011    12267.90  17676.17  46          0.06        1490        
5     berlin52    11259.14    11502.72  20.011    12169.14  18765.39  49          0.07        1526        
6     berlin52    11259.14    11512.31  20.005    12643.87  18745.80  41          0.06        1527        
7     berlin52    11259.14    11429.34  20.010    12314.14  17469.76  24          0.06        1528        
8     berlin52    11259.14    11448.41  20.007    12791.14  18569.28  104         0.07        1507        
9     berlin52    11259.14    11719.91  20.002    12201.14  19022.12  49          0.07        1501        
0     eil76       818.94      833.07    20.004    885.94    1460.47   287         0.13        1151        
1     eil76       815.95      836.58    20.003    889.28    1445.29   291         0.14        1161        
2     eil76       816.93      832.24    20.003    905.94    1432.72   151         0.11        1154        
3     eil76       818.94      831.43    20.006    895.83    1575.16   196         0.14        1153        
4     eil76       816.93      829.80    20.014    888.88    1415.90   77          0.14        1148        
5     eil76       818.94      826.80    20.016    872.61    1410.81   34          0.14        1163        
6     eil76       818.94      842.38    20.002    901.94    1494.01   54          0.13        1121        
7     eil76       818.94      835.11    20.015    892.94    1345.00   39          0.14        1120        
8     eil76       818.94      840.85    20.002    906.88    1579.79   29          0.14        1144        
9     eil76       818.94      835.38    20.009    908.88    1420.38   44          0.15        1145        
0     eil101      950.74      980.49    20.020    1061.78   1891.33   56          0.27        894         
1     eil101      950.74      965.06    20.021    1061.78   1812.45   287         0.23        898         
2     eil101      950.74      963.33    20.011    1050.71   1913.83   92          0.28        882         
3     eil101      950.74      968.80    20.013    1030.99   1780.65   62          0.24        898         
4     eil101      951.56      967.55    20.003    1061.78   1674.05   150         0.26        896         
5     eil101      954.07      964.89    20.001    1046.46   1679.21   41          0.28        890         
6     eil101      950.74      964.31    20.009    1049.74   1827.79   57          0.29        885         
7     eil101      950.74      964.87    20.018    1036.94   1682.15   54          0.2         905         
8     eil101      950.74      966.66    20.017    1048.70   1936.50   60          0.22        901         
9     eil101      950.74      964.70    20.014    1058.46   1646.67   78          0.23        888         
seed  ins         mejor       pob       time      mejor_i   pob_i     mejor_iter  t_pob       
