0     gr17        2760.00     2817.25   20.007    3056.00   4083.46   1288        0.01        2069        
1     gr17        2760.00     2820.39   20.001    3028.00   3808.00   15          0.01        2091        
2     gr17        2991.00     3023.37   20.009    3000.00   3903.89   31          0.01        2115        
3     gr17        2760.00     2839.12   20.005    3035.00   3844.52   6           0.01        2098        
4     gr17        2991.00     3021.88   20.004    3000.00   3947.71   416         0.01        2022        
5     gr17        2991.00     3006.44   20.007    3035.00   3717.88   93          0.01        2092        
6     gr17        2991.00     3028.96   20.005    3000.00   3670.30   294         0.01        2077        
7     gr17        2991.00     3044.02   20.007    3000.00   3780.53   107         0.01        2138        
8     gr17        2991.00     3029.94   20.009    3060.00   3996.79   122         0.01        2036        
9     gr17        2760.00     2810.23   20.003    2995.00   3795.21   17          0.01        2027        
0     gr21        8256.00     8399.21   20.003    9576.00   11415.65  27          0.01        1776        
1     gr21        8141.00     8270.09   20.009    9628.00   11464.41  1346        0.01        1870        
2     gr21        8196.00     8529.36   20.000    9067.00   11433.54  1517        0.01        1886        
3     gr21        8159.00     8339.13   20.009    9532.00   11686.08  477         0.01        1878        
4     gr21        7788.00     7952.01   20.008    9628.00   11318.06  513         0.01        1944        
5     gr21        8141.00     8344.97   20.007    9336.00   11330.50  1732        0.01        1935        
6     gr21        8371.00     8587.95   20.008    9210.00   11297.19  10          0.01        1877        
7     gr21        7788.00     8073.30   20.003    9628.00   11265.65  77          0.01        1881        
8     gr21        8141.00     8302.64   20.009    9609.00   11415.48  354         0.01        1853        
9     gr21        7788.00     8085.19   20.009    9628.00   11361.01  250         0.01        1816        
0     gr24        1850.00     1871.09   20.011    1937.00   2575.54   1507        0.02        1670        
1     gr24        1850.00     1883.25   20.005    1917.00   2433.87   747         0.02        1661        
2     gr24        1845.00     1864.73   20.005    1953.00   2615.55   1294        0.02        1721        
3     gr24        1850.00     1867.57   20.008    1949.00   2631.00   885         0.02        1750        
4     gr24        1850.00     1885.75   20.005    1903.00   2505.69   801         0.02        1798        
5     gr24        1850.00     1858.99   20.001    1951.00   2454.68   255         0.02        1746        
6     gr24        1845.00     1864.85   20.002    1941.00   2663.60   1233        0.02        1722        
7     gr24        1850.00     1875.22   20.001    1879.00   2471.13   266         0.02        1689        
8     gr24        1867.00     1897.62   20.010    1867.00   2627.98   0           0.02        1724        
9     gr24        1850.00     1881.82   20.010    1885.00   2529.23   960         0.02        1728        
0     fri26       1302.00     1335.10   20.005    1314.00   1844.31   2           0.02        1554        
1     fri26       1302.00     1335.38   20.007    1312.00   1863.85   2           0.02        1609        
2     fri26       1302.00     1319.40   20.000    1339.00   1866.94   1           0.02        1870        
3     fri26       1302.00     1319.66   20.002    1307.00   1792.67   2           0.02        1804        
4     fri26       1302.00     1320.53   20.003    1302.00   1816.24   0           0.02        1723        
5     fri26       1302.00     1326.59   20.006    1325.00   1686.11   1           0.02        1722        
6     fri26       1302.00     1325.06   20.003    1312.00   1898.00   1           0.02        1875        
7     fri26       1302.00     1337.72   20.004    1307.00   1775.14   1           0.01        1876        
8     fri26       1302.00     1328.36   20.001    1307.00   1871.52   1           0.02        1810        
9     fri26       1302.00     1331.40   20.007    1338.00   1924.96   3           0.02        1689        
0     bays29      2991.00     3061.61   20.002    3090.00   4302.05   7           0.03        1581        
1     bays29      2991.00     3062.22   20.003    3129.00   4696.26   6           0.03        1655        
2     bays29      2991.00     3060.13   20.010    3132.00   4412.00   8           0.02        1649        
3     bays29      2991.00     3053.00   20.011    3128.00   4427.10   4           0.02        1513        
4     bays29      2991.00     3032.30   20.005    3115.00   4326.91   5           0.02        1515        
5     bays29      2991.00     3059.14   20.008    3142.00   4418.68   5           0.02        1541        
6     bays29      2991.00     3063.25   20.001    3128.00   4328.35   3           0.02        1541        
7     bays29      2991.00     3095.65   20.007    3100.00   4234.54   4           0.02        1508        
8     bays29      2991.00     3046.25   20.009    3184.00   4307.39   5           0.03        1533        
9     bays29      2991.00     3073.96   20.011    3128.00   4222.57   6           0.03        1527        
0     gr48        7594.00     7747.90   20.010    8291.00   12164.25  16          0.06        1094        
1     gr48        7583.00     7682.95   20.012    8234.00   12814.88  885         0.06        1078        
2     gr48        7594.00     7876.02   20.016    8320.00   13117.43  16          0.06        1108        
3     gr48        7594.00     7718.87   20.011    8197.00   13381.07  13          0.08        1097        
4     gr48        7583.00     7737.29   20.009    8295.00   13336.58  551         0.07        1133        
5     gr48        7594.00     7654.91   20.014    8132.00   11957.47  14          0.07        1146        
6     gr48        7583.00     7733.73   20.008    8340.00   11072.71  714         0.06        1122        
7     gr48        7583.00     7720.48   20.011    8216.00   12342.37  256         0.06        1118        
8     gr48        7594.00     7653.37   20.015    8252.00   12583.47  15          0.07        1151        
9     gr48        7583.00     7786.34   20.015    8307.00   12999.49  597         0.06        1154        
0     eil51       639.78      646.68    20.007    697.38    986.52    11          0.07        1012        
1     eil51       639.78      649.00    20.015    680.57    1021.64   12          0.07        1007        
2     eil51       639.78      654.17    20.015    693.60    1045.40   12          0.08        1029        
3     eil51       639.78      654.89    20.000    693.38    1073.44   14          0.08        1050        
4     eil51       639.78      651.94    20.017    695.29    1038.18   13          0.09        1032        
5     eil51       639.78      652.71    20.017    687.78    1076.31   12          0.07        1041        
6     eil51       639.78      650.93    20.008    685.57    1040.66   14          0.08        1028        
7     eil51       639.78      649.76    20.012    689.38    972.56    15          0.07        1076        
8     eil51       639.78      649.18    20.012    693.38    1089.42   9           0.07        1031        
9     eil51       639.78      646.87    20.002    695.38    1042.82   16          0.08        1033        
0     berlin52    11259.14    11472.78  20.022    12642.90  17281.63  13          0.08        999         
1     berlin52    11259.14    11606.31  20.011    12414.14  18926.68  12          0.07        1002        
2     berlin52    11259.14    11473.57  20.014    12133.14  18942.99  15          0.08        1019        
3     berlin52    11259.14    11382.36  20.019    12640.44  18501.70  16          0.08        1000        
4     berlin52    11259.14    11614.55  20.005    12267.90  17676.17  13          0.07        996         
5     berlin52    11259.14    11590.07  20.002    12169.14  18765.39  13          0.08        1036        
6     berlin52    11259.14    11494.00  20.005    12643.87  18745.80  15          0.07        1041        
7     berlin52    11218.12    11367.18  20.011    12314.14  17469.76  46          0.07        1011        
8     berlin52    11259.14    11545.83  20.008    12791.14  18569.28  12          0.08        1022        
9     berlin52    11259.14    11466.81  20.014    12201.14  19022.12  12          0.08        1016        
0     eil76       818.94      829.70    20.016    885.94    1460.47   17          0.15        749         
1     eil76       818.94      827.68    20.022    889.28    1445.29   11          0.16        732         
2     eil76       818.94      843.21    20.023    905.94    1432.72   15          0.14        750         
3     eil76       818.94      827.32    20.013    895.83    1575.16   12          0.17        738         
4     eil76       818.94      831.82    20.009    888.88    1415.90   11          0.16        767         
5     eil76       818.94      836.26    20.010    872.61    1410.81   11          0.15        747         
6     eil76       818.94      830.26    20.007    901.94    1494.01   11          0.15        765         
7     eil76       818.94      841.69    20.003    892.94    1345.00   14          0.17        675         
8     eil76       818.94      844.93    20.013    906.88    1579.79   11          0.17        735         
9     eil76       818.94      830.05    20.022    908.88    1420.38   12          0.18        749         
0     eil101      950.74      962.20    20.010    1061.78   1891.33   34          0.29        573         
1     eil101      950.74      962.85    20.010    1061.78   1812.45   23          0.26        548         
2     eil101      950.74      956.53    20.028    1050.71   1913.83   23          0.31        582         
3     eil101      950.74      958.81    20.031    1030.99   1780.65   27          0.28        592         
4     eil101      950.74      966.44    20.029    1061.78   1674.05   19          0.3         584         
5     eil101      950.74      970.66    20.003    1046.46   1679.21   21          0.32        583         
6     eil101      950.74      971.30    20.019    1049.74   1827.79   24          0.32        574         
7     eil101      950.74      971.72    20.008    1036.94   1682.15   20          0.24        589         
8     eil101      950.74      961.63    20.018    1048.70   1936.50   25          0.25        579         
9     eil101      950.74      965.54    20.021    1058.46   1646.67   24          0.26        581         
seed  ins         mejor       pob       time      mejor_i   pob_i     mejor_iter  t_pob       
