0     gr17        2932.00     2957.59   20.007    3056.00   4083.46   2           0.01        2403        
1     gr17        2835.00     2858.26   20.004    3028.00   3808.00   3           0.01        2476        
2     gr17        3000.00     3031.96   20.005    3000.00   3903.89   0           0.01        2379        
3     gr17        2760.00     2796.11   20.005    3035.00   3844.52   6           0.01        2347        
4     gr17        3000.00     3035.65   20.001    3000.00   3947.71   0           0.01        2364        
5     gr17        3000.00     3020.25   20.005    3035.00   3717.88   1           0.01        2387        
6     gr17        3000.00     3035.20   20.007    3000.00   3670.30   0           0.01        2225        
7     gr17        2932.00     2967.84   20.005    3000.00   3780.53   1           0.01        2409        
8     gr17        2835.00     2850.13   20.001    3060.00   3996.79   2           0.01        2415        
9     gr17        2932.00     2969.66   20.005    2995.00   3795.21   3           0.01        2435        
0     gr21        8288.00     8447.70   20.001    9576.00   11415.65  11          0.01        2115        
1     gr21        8286.00     8323.42   20.009    9628.00   11464.41  9           0.01        2148        
2     gr21        8371.00     8551.40   20.007    9067.00   11433.54  8           0.01        2133        
3     gr21        8371.00     8423.08   20.003    9532.00   11686.08  13          0.01        2054        
4     gr21        8371.00     8609.70   20.002    9628.00   11318.06  17          0.01        2085        
5     gr21        8371.00     8805.14   20.010    9336.00   11330.50  10          0.01        2081        
6     gr21        8371.00     8449.54   20.004    9210.00   11297.19  8           0.01        2098        
7     gr21        8043.00     8137.58   20.006    9628.00   11265.65  24          0.01        2002        
8     gr21        8371.00     8589.25   20.007    9609.00   11415.48  12          0.01        2080        
9     gr21        8187.00     8342.75   20.001    9628.00   11361.01  17          0.01        2084        
0     gr24        1867.00     1888.30   20.006    1937.00   2575.54   5           0.02        1822        
1     gr24        1867.00     1885.95   20.008    1917.00   2433.87   4           0.02        1932        
2     gr24        1867.00     1901.55   20.003    1953.00   2615.55   4           0.01        1933        
3     gr24        1867.00     1908.16   20.002    1949.00   2631.00   1           0.01        1936        
4     gr24        1867.00     1887.35   20.006    1903.00   2505.69   4           0.02        1941        
5     gr24        1867.00     1896.43   20.007    1951.00   2454.68   4           0.02        1920        
6     gr24        1867.00     1901.11   20.003    1941.00   2663.60   3           0.02        1896        
7     gr24        1867.00     1880.65   20.007    1879.00   2471.13   1           0.01        1922        
8     gr24        1867.00     1903.64   20.009    1867.00   2627.98   0           0.02        1880        
9     gr24        1867.00     1906.08   20.004    1885.00   2529.23   1           0.01        1912        
0     fri26       1302.00     1312.79   20.002    1314.00   1844.31   2           0.02        1810        
1     fri26       1302.00     1314.21   20.006    1312.00   1863.85   2           0.02        1809        
2     fri26       1302.00     1314.37   20.004    1339.00   1866.94   2           0.02        1815        
3     fri26       1302.00     1309.06   20.003    1307.00   1792.67   1           0.02        1778        
4     fri26       1302.00     1311.43   20.003    1302.00   1816.24   0           0.02        1797        
5     fri26       1302.00     1308.71   20.007    1325.00   1686.11   1           0.02        1772        
6     fri26       1302.00     1316.18   20.002    1312.00   1898.00   1           0.02        1800        
7     fri26       1302.00     1313.50   20.004    1307.00   1775.14   1           0.01        1831        
8     fri26       1302.00     1319.84   20.004    1307.00   1871.52   1           0.02        1834        
9     fri26       1302.00     1307.90   20.000    1338.00   1924.96   2           0.02        1808        
0     bays29      2991.00     3046.85   20.001    3090.00   4302.05   6           0.03        1691        
1     bays29      2991.00     3029.80   20.008    3129.00   4696.26   6           0.02        1702        
2     bays29      2991.00     3036.29   20.008    3132.00   4412.00   6           0.02        1691        
3     bays29      2991.00     3059.77   20.006    3128.00   4427.10   4           0.02        1695        
4     bays29      2991.00     3054.56   20.004    3115.00   4326.91   6           0.02        1733        
5     bays29      2991.00     3032.39   20.004    3142.00   4418.68   6           0.02        1675        
6     bays29      2991.00     3064.45   20.008    3128.00   4328.35   4           0.02        1732        
7     bays29      2991.00     3048.79   20.005    3100.00   4234.54   3           0.02        1637        
8     bays29      2991.00     3049.55   20.005    3184.00   4307.39   6           0.02        1720        
9     bays29      2991.00     3011.47   20.003    3128.00   4222.57   7           0.02        1695        
0     gr48        7594.00     7639.72   20.009    8291.00   12164.25  12          0.05        1212        
1     gr48        7594.00     7677.18   20.001    8234.00   12814.88  14          0.06        1214        
2     gr48        7594.00     7618.21   20.011    8320.00   13117.43  11          0.05        1198        
3     gr48        7594.00     7706.55   20.016    8197.00   13381.07  17          0.07        1206        
4     gr48        7594.00     7860.32   20.015    8295.00   13336.58  13          0.06        1182        
5     gr48        7594.00     7697.62   20.009    8132.00   11957.47  9           0.06        1201        
6     gr48        7594.00     7660.27   20.006    8340.00   11072.71  10          0.05        1204        
7     gr48        7594.00     7821.10   20.017    8216.00   12342.37  16          0.05        1234        
8     gr48        7594.00     7773.54   20.006    8252.00   12583.47  16          0.06        1213        
9     gr48        7594.00     7649.26   20.014    8307.00   12999.49  11          0.06        1209        
0     eil51       639.78      651.42    20.003    697.38    986.52    13          0.06        1092        
1     eil51       639.78      643.51    20.002    680.57    1021.64   12          0.06        1104        
2     eil51       639.78      646.71    20.018    693.60    1045.40   9           0.06        1118        
3     eil51       639.78      654.24    20.001    693.38    1073.44   15          0.07        1109        
4     eil51       639.78      645.21    20.016    695.29    1038.18   15          0.08        1118        
5     eil51       639.78      651.97    20.010    687.78    1076.31   12          0.06        1086        
6     eil51       639.78      642.76    20.003    685.57    1040.66   11          0.07        1098        
7     eil51       639.78      643.25    20.002    689.38    972.56    15          0.06        1065        
8     eil51       639.78      649.61    20.004    693.38    1089.42   7           0.06        1109        
9     eil51       639.78      655.28    20.013    695.38    1042.82   13          0.06        1097        
0     berlin52    11259.14    11340.56  20.011    12642.90  17281.63  12          0.07        1065        
1     berlin52    11259.14    11530.08  20.017    12414.14  18926.68  10          0.06        1107        
2     berlin52    11259.14    11773.67  20.013    12133.14  18942.99  15          0.08        1058        
3     berlin52    11259.14    11582.34  20.017    12640.44  18501.70  13          0.07        1088        
4     berlin52    11259.14    11471.22  20.012    12267.90  17676.17  11          0.06        1063        
5     berlin52    11259.14    11664.09  20.016    12169.14  18765.39  10          0.07        1085        
6     berlin52    11259.14    11338.46  20.014    12643.87  18745.80  11          0.06        1046        
7     berlin52    11259.14    11352.12  20.001    12314.14  17469.76  9           0.06        1090        
8     berlin52    11259.14    11384.78  20.006    12791.14  18569.28  8           0.07        1061        
9     berlin52    11259.14    11464.85  20.020    12201.14  19022.12  10          0.07        1087        
0     eil76       818.94      834.15    20.004    885.94    1460.47   14          0.13        804         
1     eil76       818.94      824.12    20.005    889.28    1445.29   16          0.14        792         
2     eil76       818.94      830.55    20.012    905.94    1432.72   11          0.12        819         
3     eil76       818.94      830.98    20.015    895.83    1575.16   11          0.15        793         
4     eil76       818.94      836.55    20.010    888.88    1415.90   11          0.14        791         
5     eil76       818.94      822.49    20.015    872.61    1410.81   13          0.14        769         
6     eil76       818.94      824.46    20.007    901.94    1494.01   16          0.14        785         
7     eil76       818.94      844.08    20.005    892.94    1345.00   13          0.14        805         
8     eil76       818.94      825.12    20.008    906.88    1579.79   10          0.14        809         
9     eil76       818.94      827.01    20.009    908.88    1420.38   12          0.15        809         
0     eil101      950.74      973.47    20.017    1061.78   1891.33   27          0.25        624         
1     eil101      950.74      963.92    20.017    1061.78   1812.45   23          0.24        620         
2     eil101      950.74      956.98    20.033    1050.71   1913.83   19          0.26        628         
3     eil101      950.74      973.36    20.002    1030.99   1780.65   26          0.25        627         
4     eil101      950.74      959.13    20.010    1061.78   1674.05   25          0.27        614         
5     eil101      950.74      958.86    20.000    1046.46   1679.21   30          0.28        621         
6     eil101      950.74      959.93    20.028    1049.74   1827.79   25          0.29        626         
7     eil101      950.74      968.88    20.004    1036.94   1682.15   21          0.2         623         
8     eil101      950.74      971.01    20.024    1048.70   1936.50   26          0.24        608         
9     eil101      950.74      968.96    20.006    1058.46   1646.67   30          0.23        625         
seed  ins         mejor       pob       time      mejor_i   pob_i     mejor_iter  t_pob       
