0     gr17        2760.00     2765.57   20.002    3056.00   4083.46   7           0.01        1707        
1     gr17        2760.00     2766.98   20.004    3028.00   3808.00   6           0.01        1687        
2     gr17        2760.00     2760.00   20.003    3000.00   3903.89   6           0.01        1609        
3     gr17        2760.00     2776.50   20.004    3035.00   3844.52   4           0.01        1703        
4     gr17        3000.00     3029.37   20.007    3000.00   3947.71   0           0.01        1666        
5     gr17        3000.00     3011.38   20.001    3035.00   3717.88   1           0.01        1669        
6     gr17        2760.00     2781.49   20.005    3000.00   3670.30   5           0.01        1697        
7     gr17        2760.00     2798.09   20.003    3000.00   3780.53   6           0.01        1718        
8     gr17        3000.00     3003.12   20.000    3060.00   3996.79   1           0.01        1675        
9     gr17        2760.00     2793.94   20.012    2995.00   3795.21   3           0.01        1637        
0     gr21        7788.00     7866.32   20.005    9576.00   11415.65  24          0.01        1285        
1     gr21        7788.00     7889.09   20.003    9628.00   11464.41  26          0.01        1290        
2     gr21        8001.00     8035.72   20.017    9067.00   11433.54  19          0.01        1291        
3     gr21        8371.00     8496.06   20.009    9532.00   11686.08  15          0.01        1264        
4     gr21        7788.00     7908.75   20.012    9628.00   11318.06  28          0.01        1289        
5     gr21        8001.00     8017.70   20.014    9336.00   11330.50  22          0.01        1298        
6     gr21        7788.00     7849.77   20.002    9210.00   11297.19  27          0.01        1224        
7     gr21        7788.00     7828.90   20.005    9628.00   11265.65  23          0.01        1303        
8     gr21        8001.00     8094.76   20.011    9609.00   11415.48  18          0.01        1297        
9     gr21        7788.00     7817.14   20.003    9628.00   11361.01  24          0.01        1289        
0     gr24        1867.00     1877.74   20.007    1937.00   2575.54   5           0.02        1090        
1     gr24        1867.00     1872.81   20.004    1917.00   2433.87   3           0.02        1090        
2     gr24        1867.00     1883.98   20.006    1953.00   2615.55   5           0.02        1067        
3     gr24        1867.00     1878.37   20.017    1949.00   2631.00   5           0.01        1057        
4     gr24        1867.00     1874.39   20.013    1903.00   2505.69   4           0.02        1076        
5     gr24        1867.00     1894.00   20.010    1951.00   2454.68   3           0.02        1096        
6     gr24        1867.00     1886.36   20.015    1941.00   2663.60   3           0.01        1082        
7     gr24        1867.00     1882.45   20.003    1879.00   2471.13   2           0.01        1098        
8     gr24        1867.00     1877.96   20.018    1867.00   2627.98   0           0.02        1078        
9     gr24        1867.00     1897.59   20.018    1885.00   2529.23   2           0.01        1051        
0     fri26       1302.00     1309.58   20.020    1314.00   1844.31   1           0.02        968         
1     fri26       1302.00     1313.77   20.019    1312.00   1863.85   1           0.02        957         
2     fri26       1302.00     1314.76   20.003    1339.00   1866.94   1           0.02        962         
3     fri26       1302.00     1307.04   20.004    1307.00   1792.67   2           0.02        976         
4     fri26       1302.00     1313.94   20.009    1302.00   1816.24   0           0.02        961         
5     fri26       1302.00     1312.65   20.006    1325.00   1686.11   2           0.02        975         
6     fri26       1302.00     1313.21   20.013    1312.00   1898.00   1           0.02        938         
7     fri26       1302.00     1307.64   20.011    1307.00   1775.14   1           0.02        975         
8     fri26       1302.00     1303.64   20.000    1307.00   1871.52   1           0.02        968         
9     fri26       1302.00     1306.87   20.011    1338.00   1924.96   2           0.02        963         
0     bays29      2991.00     3025.80   20.003    3090.00   4302.05   5           0.02        847         
1     bays29      2991.00     3056.92   20.001    3129.00   4696.26   9           0.02        825         
2     bays29      2991.00     3043.43   20.013    3132.00   4412.00   7           0.02        848         
3     bays29      2991.00     3054.64   20.008    3128.00   4427.10   7           0.02        772         
4     bays29      2991.00     3047.76   20.002    3115.00   4326.91   8           0.02        796         
5     bays29      2991.00     3045.42   20.003    3142.00   4418.68   5           0.02        835         
6     bays29      2991.00     3035.42   20.006    3128.00   4328.35   5           0.02        840         
7     bays29      2991.00     3005.70   20.017    3100.00   4234.54   4           0.02        848         
8     bays29      2991.00     3046.20   20.026    3184.00   4307.39   6           0.03        831         
9     bays29      2991.00     3012.11   20.011    3128.00   4222.57   9           0.02        831         
0     gr48        7594.00     7670.36   20.060    8291.00   12164.25  15          0.05        376         
1     gr48        7594.00     7723.19   20.002    8234.00   12814.88  17          0.05        383         
2     gr48        7594.00     7804.08   20.043    8320.00   13117.43  14          0.05        382         
3     gr48        7594.00     7629.54   20.007    8197.00   13381.07  17          0.07        386         
4     gr48        7594.00     7658.93   20.031    8295.00   13336.58  17          0.06        379         
5     gr48        7594.00     7596.27   20.033    8132.00   11957.47  13          0.06        388         
6     gr48        7594.00     7701.38   20.024    8340.00   11072.71  13          0.06        382         
7     gr48        7594.00     7607.56   20.056    8216.00   12342.37  15          0.06        389         
8     gr48        7594.00     7613.79   20.040    8252.00   12583.47  16          0.06        387         
9     gr48        7594.00     7606.86   20.034    8307.00   12999.49  14          0.05        387         
0     eil51       639.78      646.21    20.008    697.38    986.52    12          0.06        1174        
1     eil51       639.78      647.42    20.007    680.57    1021.64   10          0.06        1136        
2     eil51       639.78      644.88    20.005    693.60    1045.40   18          0.07        1162        
3     eil51       639.78      644.98    20.000    693.38    1073.44   16          0.07        1108        
4     eil51       639.78      642.99    20.004    695.29    1038.18   10          0.07        1153        
5     eil51       639.78      643.98    20.011    687.78    1076.31   16          0.06        1117        
6     eil51       639.78      644.62    20.018    685.57    1040.66   15          0.07        1142        
7     eil51       639.78      642.99    20.015    689.38    972.56    13          0.06        1160        
8     eil51       639.78      644.61    20.003    693.38    1089.42   16          0.07        1114        
9     eil51       639.78      641.06    20.012    695.38    1042.82   13          0.06        1159        
0     berlin52    11259.14    11506.71  20.013    12642.90  17281.63  12          0.07        612         
1     berlin52    11259.14    11464.45  20.004    12414.14  18926.68  12          0.06        625         
2     berlin52    11259.14    11411.60  20.019    12133.14  18942.99  16          0.07        613         
3     berlin52    11259.14    11439.22  20.003    12640.44  18501.70  17          0.07        625         
4     berlin52    11259.14    11362.36  20.031    12267.90  17676.17  13          0.06        614         
5     berlin52    11259.14    11309.33  20.033    12169.14  18765.39  13          0.07        625         
6     berlin52    11259.14    11407.64  20.018    12643.87  18745.80  13          0.07        621         
7     berlin52    11259.14    11463.36  20.002    12314.14  17469.76  15          0.07        594         
8     berlin52    11259.14    11329.78  20.014    12791.14  18569.28  21          0.07        623         
9     berlin52    11259.14    11368.76  20.000    12201.14  19022.12  16          0.07        614         
0     eil76       818.94      831.55    20.020    885.94    1460.47   20          0.13        560         
1     eil76       818.94      818.94    20.033    889.28    1445.29   15          0.15        534         
2     eil76       818.94      836.30    20.011    905.94    1432.72   15          0.12        544         
3     eil76       818.94      826.06    20.017    895.83    1575.16   12          0.14        553         
4     eil76       818.94      826.29    20.030    888.88    1415.90   11          0.13        557         
5     eil76       818.94      833.29    20.010    872.61    1410.81   17          0.13        550         
6     eil76       818.94      829.57    20.005    901.94    1494.01   12          0.13        549         
7     eil76       818.94      820.17    20.028    892.94    1345.00   17          0.14        554         
8     eil76       818.94      824.76    20.015    906.88    1579.79   12          0.14        556         
9     eil76       818.94      833.10    20.016    908.88    1420.38   18          0.15        554         
0     eil101      950.74      956.76    20.019    1061.78   1891.33   22          0.27        446         
1     eil101      950.74      953.79    20.014    1061.78   1812.45   28          0.22        454         
2     eil101      950.74      972.27    20.004    1050.71   1913.83   20          0.27        453         
3     eil101      950.74      953.82    20.003    1030.99   1780.65   43          0.24        449         
4     eil101      950.74      959.86    20.011    1061.78   1674.05   32          0.28        436         
5     eil101      950.74      962.51    20.000    1046.46   1679.21   25          0.27        450         
6     eil101      950.74      956.31    20.040    1049.74   1827.79   38          0.28        447         
7     eil101      950.74      953.48    20.043    1036.94   1682.15   25          0.21        445         
8     eil101      950.74      950.84    20.018    1048.70   1936.50   27          0.24        438         
9     eil101      950.74      976.89    20.013    1058.46   1646.67   32          0.23        459         
seed  ins         mejor       pob       time      mejor_i   pob_i     mejor_iter  t_pob       
