0     gr17        2894.00     2973.90   20.006    3056.00   4083.46   183         0.01        2471        
1     gr17        2991.00     3054.36   20.008    3028.00   3808.00   443         0.01        2519        
2     gr17        2991.00     3036.77   20.003    3000.00   3903.89   57          0.01        2496        
3     gr17        2991.00     3033.45   20.001    3035.00   3844.52   1985        0.01        2504        
4     gr17        2991.00     3070.17   20.001    3000.00   3947.71   819         0.01        2460        
5     gr17        2991.00     3063.27   20.008    3035.00   3717.88   17          0.01        2482        
6     gr17        2991.00     3056.11   20.006    3000.00   3670.30   43          0.01        2490        
7     gr17        2991.00     3054.31   20.001    3000.00   3780.53   61          0.01        2518        
8     gr17        3000.00     3055.15   20.001    3060.00   3996.79   4           0.01        2457        
9     gr17        2927.00     2982.89   20.007    2995.00   3795.21   233         0.01        2490        
0     gr21        8371.00     8956.22   20.008    9576.00   11415.65  38          0.01        2289        
1     gr21        8371.00     9045.31   20.005    9628.00   11464.41  29          0.01        2317        
2     gr21        8371.00     9151.27   20.002    9067.00   11433.54  23          0.01        2374        
3     gr21        8567.00     9069.36   20.007    9532.00   11686.08  22          0.01        2349        
4     gr21        8371.00     8994.87   20.003    9628.00   11318.06  28          0.01        2384        
5     gr21        8371.00     9114.41   20.000    9336.00   11330.50  24          0.01        2331        
6     gr21        8371.00     8965.71   20.006    9210.00   11297.19  21          0.01        2391        
7     gr21        8013.00     8929.41   20.007    9628.00   11265.65  77          0.01        2321        
8     gr21        8371.00     8862.88   20.004    9609.00   11415.48  40          0.01        2391        
9     gr21        8013.00     8754.60   20.004    9628.00   11361.01  77          0.01        2302        
0     gr24        1867.00     1903.68   20.001    1937.00   2575.54   12          0.02        2145        
1     gr24        1867.00     1920.51   20.000    1917.00   2433.87   6           0.02        2148        
2     gr24        1867.00     1926.52   20.009    1953.00   2615.55   9           0.01        2221        
3     gr24        1867.00     1905.96   20.006    1949.00   2631.00   2           0.01        2221        
4     gr24        1867.00     1903.16   20.002    1903.00   2505.69   10          0.02        2222        
5     gr24        1867.00     1905.62   20.004    1951.00   2454.68   7           0.02        2209        
6     gr24        1867.00     1925.66   20.008    1941.00   2663.60   20          0.01        2224        
7     gr24        1867.00     1920.03   20.001    1879.00   2471.13   2           0.02        2199        
8     gr24        1867.00     1892.08   20.006    1867.00   2627.98   0           0.02        2177        
9     gr24        1867.00     1894.69   20.002    1885.00   2529.23   2           0.01        2236        
0     fri26       1302.00     1327.04   20.008    1314.00   1844.31   5           0.02        2149        
1     fri26       1302.00     1326.89   20.007    1312.00   1863.85   2           0.02        2092        
2     fri26       1302.00     1326.77   20.001    1339.00   1866.94   4           0.02        2151        
3     fri26       1302.00     1329.50   20.006    1307.00   1792.67   3           0.02        2075        
4     fri26       1302.00     1329.28   20.007    1302.00   1816.24   0           0.02        2097        
5     fri26       1302.00     1323.24   20.009    1325.00   1686.11   2           0.02        2124        
6     fri26       1302.00     1329.32   20.009    1312.00   1898.00   2           0.02        2142        
7     fri26       1302.00     1329.00   20.000    1307.00   1775.14   2           0.02        2144        
8     fri26       1302.00     1316.67   20.007    1307.00   1871.52   2           0.02        2126        
9     fri26       1302.00     1327.59   20.007    1338.00   1924.96   7           0.02        2147        
0     bays29      2991.00     3052.84   20.008    3090.00   4302.05   16          0.03        2030        
1     bays29      2991.00     3053.25   20.004    3129.00   4696.26   17          0.02        2027        
2     bays29      2991.00     3094.27   20.009    3132.00   4412.00   12          0.02        2028        
3     bays29      2991.00     3060.34   20.001    3128.00   4427.10   18          0.02        2046        
4     bays29      2991.00     3070.71   20.000    3115.00   4326.91   19          0.02        2014        
5     bays29      2991.00     3063.33   20.001    3142.00   4418.68   9           0.02        2045        
6     bays29      2991.00     3055.60   20.003    3128.00   4328.35   17          0.02        2032        
7     bays29      2991.00     3074.35   20.009    3100.00   4234.54   4           0.02        1966        
8     bays29      2991.00     3071.76   20.000    3184.00   4307.39   38          0.03        2040        
9     bays29      2991.00     3052.15   20.001    3128.00   4222.57   18          0.03        2024        
0     gr48        7594.00     7754.09   20.002    8291.00   12164.25  41          0.06        1507        
1     gr48        7594.00     7776.81   20.010    8234.00   12814.88  130         0.06        1510        
2     gr48        7594.00     7678.59   20.009    8320.00   13117.43  41          0.06        1522        
3     gr48        7594.00     7699.75   20.006    8197.00   13381.07  28          0.07        1516        
4     gr48        7594.00     7682.82   20.003    8295.00   13336.58  167         0.07        1507        
5     gr48        7594.00     7721.08   20.007    8132.00   11957.47  570         0.06        1525        
6     gr48        7594.00     7668.42   20.008    8340.00   11072.71  48          0.06        1512        
7     gr48        7594.00     7757.93   20.000    8216.00   12342.37  41          0.06        1519        
8     gr48        7594.00     7713.61   20.008    8252.00   12583.47  80          0.07        1499        
9     gr48        7594.00     7741.01   20.011    8307.00   12999.49  32          0.06        1529        
0     eil51       639.78      649.54    20.004    697.38    986.52    31          0.07        1445        
1     eil51       639.78      654.31    20.004    680.57    1021.64   33          0.07        1439        
2     eil51       639.78      652.21    20.003    693.60    1045.40   36          0.07        1431        
3     eil51       639.78      653.75    20.010    693.38    1073.44   39          0.08        1417        
4     eil51       639.78      652.66    20.003    695.29    1038.18   35          0.08        1434        
5     eil51       639.78      651.40    20.007    687.78    1076.31   57          0.07        1415        
6     eil51       639.78      650.78    20.008    685.57    1040.66   29          0.07        1442        
7     eil51       639.78      651.76    20.004    689.38    972.56    36          0.07        1419        
8     eil51       639.78      653.55    20.000    693.38    1089.42   40          0.07        1427        
9     eil51       639.78      650.04    20.001    695.38    1042.82   37          0.07        1558        
0     berlin52    11259.14    11484.48  20.008    12642.90  17281.63  56          0.07        1584        
1     berlin52    11259.14    11480.86  20.009    12414.14  18926.68  31          0.06        1596        
2     berlin52    11259.14    11478.61  20.011    12133.14  18942.99  43          0.07        1544        
3     berlin52    11259.14    11548.13  20.003    12640.44  18501.70  35          0.07        1598        
4     berlin52    11259.14    11459.49  20.009    12267.90  17676.17  39          0.06        1581        
5     berlin52    11259.14    11407.01  20.006    12169.14  18765.39  23          0.06        1593        
6     berlin52    11259.14    11537.58  20.010    12643.87  18745.80  66          0.06        1591        
7     berlin52    11259.14    11472.84  20.006    12314.14  17469.76  45          0.06        1592        
8     berlin52    11259.14    11464.89  20.000    12791.14  18569.28  213         0.08        1583        
9     berlin52    11259.14    11509.40  20.012    12201.14  19022.12  182         0.07        1582        
0     eil76       818.94      827.82    20.009    885.94    1460.47   44          0.13        1213        
1     eil76       818.94      828.40    20.005    889.28    1445.29   45          0.14        1206        
2     eil76       818.94      829.07    20.015    905.94    1432.72   121         0.12        1200        
3     eil76       818.94      834.01    20.007    895.83    1575.16   34          0.14        1197        
4     eil76       816.93      826.08    20.010    888.88    1415.90   74          0.14        1206        
5     eil76       818.94      829.92    20.008    872.61    1410.81   29          0.13        1148        
6     eil76       818.94      831.27    20.017    901.94    1494.01   36          0.13        1180        
7     eil76       816.93      826.49    20.013    892.94    1345.00   99          0.14        1195        
8     eil76       816.93      823.57    20.009    906.88    1579.79   336         0.14        1199        
9     eil76       818.94      833.78    20.014    908.88    1420.38   58          0.15        1188        
0     eil101      950.74      961.58    20.008    1061.78   1891.33   173         0.26        939         
1     eil101      950.74      958.45    20.001    1061.78   1812.45   51          0.24        938         
2     eil101      950.74      964.02    20.012    1050.71   1913.83   59          0.25        948         
3     eil101      950.74      960.04    20.010    1030.99   1780.65   714         0.25        944         
4     eil101      950.74      972.07    20.021    1061.78   1674.05   106         0.27        935         
5     eil101      950.74      966.78    20.007    1046.46   1679.21   55          0.29        933         
6     eil101      951.56      960.07    20.007    1049.74   1827.79   240         0.28        949         
7     eil101      950.74      960.10    20.007    1036.94   1682.15   55          0.21        948         
8     eil101      953.74      961.67    20.011    1048.70   1936.50   49          0.22        930         
9     eil101      950.74      964.98    20.019    1058.46   1646.67   81          0.22        965         
seed  ins         mejor       pob       time      mejor_i   pob_i     mejor_iter  t_pob       
