0     gr17        2760.00     2917.19   20.004    3056.00   4083.46   11          0.01        1926        
1     gr17        2991.00     3102.57   20.004    3028.00   3808.00   2           0.01        1917        
2     gr17        2991.00     3190.15   20.003    3000.00   3903.89   195         0.01        1932        
3     gr17        2760.00     2865.14   20.010    3035.00   3844.52   8           0.01        1931        
4     gr17        2991.00     3123.89   20.010    3000.00   3947.71   219         0.01        1934        
5     gr17        2991.00     3099.52   20.008    3035.00   3717.88   180         0.01        1977        
6     gr17        2991.00     3126.31   20.007    3000.00   3670.30   120         0.01        1944        
7     gr17        2760.00     2857.05   20.003    3000.00   3780.53   10          0.01        1977        
8     gr17        2991.00     3069.91   20.008    3060.00   3996.79   233         0.01        1970        
9     gr17        2760.00     2899.25   20.008    2995.00   3795.21   5           0.01        1988        
0     gr21        7788.00     8426.34   20.006    9576.00   11415.65  138         0.01        1739        
1     gr21        7788.00     8489.25   20.010    9628.00   11464.41  44          0.01        1814        
2     gr21        8371.00     9238.55   20.004    9067.00   11433.54  13          0.01        1711        
3     gr21        8371.00     8979.79   20.010    9532.00   11686.08  20          0.01        1705        
4     gr21        7788.00     8647.90   20.006    9628.00   11318.06  37          0.01        1710        
5     gr21        8141.00     8799.63   20.000    9336.00   11330.50  285         0.01        1933        
6     gr21        8371.00     8907.52   20.004    9210.00   11297.19  17          0.01        1706        
7     gr21        8159.00     9108.07   20.001    9628.00   11265.65  670         0.01        1898        
8     gr21        8371.00     8848.64   20.001    9609.00   11415.48  17          0.01        1724        
9     gr21        7788.00     8483.24   20.010    9628.00   11361.01  25          0.01        1773        
0     gr24        1867.00     1929.11   20.008    1937.00   2575.54   8           0.02        1532        
1     gr24        1841.00     1951.17   20.004    1917.00   2433.87   850         0.02        1563        
2     gr24        1841.00     1910.76   20.010    1953.00   2615.55   1237        0.01        1563        
3     gr24        1841.00     1941.86   20.003    1949.00   2631.00   1143        0.02        1561        
4     gr24        1841.00     1938.93   20.007    1903.00   2505.69   594         0.02        1572        
5     gr24        1867.00     1959.87   20.006    1951.00   2454.68   5           0.02        1571        
6     gr24        1845.00     1901.64   20.007    1941.00   2663.60   755         0.02        1525        
7     gr24        1867.00     1994.46   20.001    1879.00   2471.13   1           0.02        1531        
8     gr24        1867.00     1925.77   20.011    1867.00   2627.98   0           0.02        1499        
9     gr24        1824.00     1890.32   20.006    1885.00   2529.23   528         0.02        1499        
0     fri26       1283.00     1338.94   20.013    1314.00   1844.31   468         0.02        1404        
1     fri26       1302.00     1359.08   20.009    1312.00   1863.85   4           0.02        1405        
2     fri26       1302.00     1347.97   20.005    1339.00   1866.94   3           0.02        1407        
3     fri26       1302.00     1362.74   20.011    1307.00   1792.67   2           0.02        1432        
4     fri26       1302.00     1345.10   20.015    1302.00   1816.24   0           0.02        1393        
5     fri26       1302.00     1355.99   20.007    1325.00   1686.11   2           0.02        1483        
6     fri26       1302.00     1363.92   20.007    1312.00   1898.00   2           0.02        1461        
7     fri26       1302.00     1349.65   20.013    1307.00   1775.14   2           0.02        1446        
8     fri26       1302.00     1385.04   20.006    1307.00   1871.52   3           0.02        1438        
9     fri26       1302.00     1357.26   20.006    1338.00   1924.96   3           0.02        1457        
0     bays29      2991.00     3117.10   20.007    3090.00   4302.05   11          0.03        1336        
1     bays29      2991.00     3097.43   20.007    3129.00   4696.26   11          0.03        1352        
2     bays29      2991.00     3084.52   20.003    3132.00   4412.00   11          0.02        1369        
3     bays29      2991.00     3134.86   20.008    3128.00   4427.10   4           0.02        1331        
4     bays29      2991.00     3113.93   20.011    3115.00   4326.91   12          0.02        1323        
5     bays29      2991.00     3162.65   20.011    3142.00   4418.68   10          0.02        1326        
6     bays29      2991.00     3132.09   20.012    3128.00   4328.35   4           0.02        1326        
7     bays29      2991.00     3141.44   20.008    3100.00   4234.54   8           0.02        1305        
8     bays29      2991.00     3108.66   20.007    3184.00   4307.39   5           0.03        1295        
9     bays29      2991.00     3122.98   20.001    3128.00   4222.57   7           0.03        1325        
0     gr48        7594.00     7873.57   20.027    8291.00   12164.25  15          0.06        775         
1     gr48        7594.00     7880.56   20.018    8234.00   12814.88  21          0.06        795         
2     gr48        7594.00     7917.35   20.015    8320.00   13117.43  24          0.06        770         
3     gr48        7594.00     7915.65   20.020    8197.00   13381.07  28          0.08        769         
4     gr48        7594.00     7906.51   20.009    8295.00   13336.58  26          0.07        755         
5     gr48        7583.00     8106.84   20.005    8132.00   11957.47  458         0.07        955         
6     gr48        7594.00     8064.02   20.009    8340.00   11072.71  18          0.06        779         
7     gr48        7594.00     7920.44   20.014    8216.00   12342.37  32          0.06        783         
8     gr48        7583.00     7854.86   20.014    8252.00   12583.47  51          0.07        1189        
9     gr48        7616.00     7986.09   20.001    8307.00   12999.49  18          0.06        753         
0     eil51       639.78      669.06    20.011    697.38    986.52    30          0.07        1141        
1     eil51       639.78      672.11    20.002    680.57    1021.64   22          0.07        1148        
2     eil51       639.78      668.99    20.004    693.60    1045.40   22          0.08        1151        
3     eil51       639.78      662.01    20.005    693.38    1073.44   26          0.08        1147        
4     eil51       639.78      658.16    20.007    695.29    1038.18   23          0.09        1138        
5     eil51       639.78      657.41    20.016    687.78    1076.31   21          0.08        1161        
6     eil51       639.78      676.24    20.007    685.57    1040.66   23          0.08        1175        
7     eil51       639.78      669.70    20.013    689.38    972.56    16          0.07        1179        
8     eil51       639.78      664.23    20.004    693.38    1089.42   22          0.07        1170        
9     eil51       639.78      679.87    20.016    695.38    1042.82   25          0.07        1172        
0     berlin52    11259.14    11698.30  20.002    12642.90  17281.63  14          0.08        917         
1     berlin52    11259.14    11639.19  20.008    12414.14  18926.68  23          0.07        924         
2     berlin52    11259.14    11963.28  20.010    12133.14  18942.99  30          0.08        930         
3     berlin52    11259.14    11921.29  20.002    12640.44  18501.70  19          0.08        919         
4     berlin52    11259.14    11619.63  20.010    12267.90  17676.17  13          0.07        938         
5     berlin52    11259.14    11823.46  20.006    12169.14  18765.39  19          0.08        927         
6     berlin52    11259.14    11768.52  20.017    12643.87  18745.80  17          0.07        930         
7     berlin52    11221.71    11530.17  20.016    12314.14  17469.76  35          0.07        1010        
8     berlin52    11259.14    11610.78  20.020    12791.14  18569.28  25          0.08        938         
9     berlin52    11259.14    11824.00  20.011    12201.14  19022.12  24          0.07        937         
0     eil76       818.94      849.08    20.016    885.94    1460.47   25          0.15        751         
1     eil76       818.94      853.43    20.010    889.28    1445.29   440         0.16        752         
2     eil76       818.94      838.82    20.015    905.94    1432.72   21          0.14        756         
3     eil76       818.94      837.06    20.001    895.83    1575.16   20          0.16        748         
4     eil76       818.94      844.39    20.019    888.88    1415.90   23          0.16        758         
5     eil76       818.94      834.27    20.007    872.61    1410.81   17          0.16        750         
6     eil76       818.94      847.40    20.014    901.94    1494.01   28          0.17        747         
7     eil76       818.94      841.25    20.007    892.94    1345.00   24          0.17        752         
8     eil76       818.94      854.20    20.011    906.88    1579.79   18          0.17        769         
9     eil76       818.94      845.12    20.021    908.88    1420.38   21          0.17        743         
0     eil101      950.74      974.81    20.019    1061.78   1891.33   36          0.32        598         
1     eil101      950.74      985.72    20.030    1061.78   1812.45   46          0.28        607         
2     eil101      950.74      978.75    20.023    1050.71   1913.83   24          0.31        601         
3     eil101      950.74      974.02    20.001    1030.99   1780.65   82          0.29        593         
4     eil101      950.74      1000.86   20.015    1061.78   1674.05   34          0.33        603         
5     eil101      950.74      978.09    20.015    1046.46   1679.21   50          0.35        601         
6     eil101      950.74      973.87    20.024    1049.74   1827.79   34          0.3         611         
7     eil101      950.74      973.16    20.028    1036.94   1682.15   34          0.24        605         
8     eil101      950.74      988.91    20.017    1048.70   1936.50   36          0.26        599         
9     eil101      950.74      979.65    20.021    1058.46   1646.67   48          0.27        602         
seed  ins         mejor       pob       time      mejor_i   pob_i     mejor_iter  t_pob       
