1 13464.0 13530.8 400.23 15963.0 71426.46 1045.7 72.42
2 13989.0 14021.9 400.18 16565.0 72333.38 1076.4 73.01
3 12876.0 12897.5 400.19 15098.0 62636.83 957.0 62.75
4 13194.0 13219.1 400.17 15602.0 63276.78 1046.8 67.89
5 13419.0 13439.8 400.21 15967.0 70113.71 1048.6 71.89
6 13765.0 13817.7 400.24 16296.0 69342.66 1021.6 76.94
7 13277.0 13300.0 400.17 15615.0 67778.6 1052.7 73.15
8 13343.0 13355.8 400.16 15850.0 65418.46 1066.5 61.8
9 13595.0 13661.0 400.16 16010.0 70902.83 1033.6 73.04
10 13249.0 13264.4 400.12 15678.0 66461.55 997.5 63.23
11 12741.0 12763.8 400.13 15132.0 60469.99 957.4 57.33
12 13130.0 13174.5 400.14 15559.0 68761.57 1041.1 75.75
13 12749.0 12769.2 400.14 14997.0 58572.39 1014.5 57.12
14 13532.0 13637.4 400.18 16144.0 64448.57 1024.9 80.58
15 13186.0 13200.0 400.16 15709.0 62989.83 1064.9 60.98
16 12904.0 12927.3 400.15 15256.0 58930.1 912.6 58.95
17 12862.0 12877.4 400.14 15279.0 64236.94 1046.0 58.22
18 13297.0 13320.2 400.16 15809.0 63247.99 1112.8 65.46
19 13660.0 13712.3 400.13 16164.0 69513.87 1017.4 78.08
20 13646.0 13721.2 400.27 16220.0 68472.55 1025.6 76.4
21 13041.0 13058.4 400.13 15440.0 65174.01 1006.3 65.63
22 13499.0 13528.8 400.11 16086.0 65860.26 1088.3 66.88
23 12924.0 12941.7 400.13 15396.0 63870.14 1038.1 61.9
24 13596.0 13629.0 400.17 16185.0 62228.46 1108.8 69.68
25 13842.0 13929.2 400.14 16380.0 68551.23 1016.1 76.88
26 13671.0 13710.1 400.17 16157.0 72021.65 1041.3 74.42
27 12847.0 12868.5 400.19 15260.0 58924.72 1038.4 57.84
28 13215.0 13226.8 400.16 15643.0 64958.87 1082.3 60.28
29 13019.0 13033.8 400.15 15437.0 64689.09 1029.9 59.78
30 13179.0 13195.3 400.11 15672.0 65602.34 1042.3 65.94
31 13270.0 13284.1 400.18 15658.0 64961.08 986.0 65.04
32 13292.0 13319.3 400.14 15734.0 64343.08 988.5 69.9
33 13333.0 13364.6 400.15 15767.0 67577.86 1040.3 74.21
34 13882.0 13952.7 400.11 16398.0 67396.95 1008.1 78.22
35 12372.0 12391.3 400.11 14654.0 64983.82 1043.0 56.98
36 13432.0 13456.9 400.14 15965.0 64596.62 1032.4 69.23
37 13267.0 13302.1 400.2 15652.0 65889.03 1055.8 69.84
38 13216.0 13247.0 400.19 15690.0 70450.04 1071.7 72.14
39 13778.0 13842.9 400.16 16338.0 72043.88 986.0 82.95
40 13503.0 13542.4 400.16 16021.0 73584.88 1048.4 77.64
41 13087.0 13128.0 400.14 15597.0 67726.79 1077.8 70.78
42 13484.0 13511.6 400.18 16068.0 69658.76 1057.1 71.79
43 13253.0 13273.1 400.16 15813.0 64141.67 1041.1 59.86
44 12510.0 12521.3 400.13 14926.0 59720.94 1066.6 60.32
45 12826.0 12847.0 400.16 15088.0 60350.19 1018.2 60.82
46 13384.0 13449.9 400.12 15976.0 66580.85 1068.8 71.83
47 14178.0 14276.2 400.2 16837.0 74355.33 1033.2 76.31
48 13701.0 13755.9 400.12 16279.0 73690.91 1005.4 84.25
49 13828.0 13908.8 400.16 16435.0 67052.57 1017.0 78.36
50 13469.0 13522.8 400.16 16027.0 75693.84 1040.2 73.57
51 13667.0 13716.1 400.19 16190.0 70508.19 1011.3 78.19
52 13437.0 13495.9 400.19 15968.0 69018.92 1010.1 74.11
53 13514.0 13555.1 400.16 16030.0 69150.01 1062.4 73.55
54 13359.0 13375.3 400.13 15936.0 63686.54 1064.3 66.31
55 13307.0 13330.9 400.14 15726.0 63858.82 1079.7 70.73
56 13341.0 13369.1 400.19 15920.0 68327.38 1072.3 65.6
57 13389.0 13408.9 400.13 15893.0 63249.67 999.5 64.55
58 13888.0 13956.5 400.15 16544.0 73448.96 1021.6 78.79
59 13185.0 13211.4 400.17 15668.0 64758.1 1059.9 60.14
60 13278.0 13302.7 400.15 15763.0 67626.48 1062.9 69.24
61 13141.0 13155.8 400.15 15565.0 64395.81 1019.8 60.27
62 13166.0 13193.1 400.17 15681.0 61898.52 1079.8 55.56
63 13458.0 13484.6 400.11 15881.0 69824.21 1017.7 71.73
64 12768.0 12788.3 400.2 15132.0 59135.1 933.3 59.89
65 13261.0 13282.0 400.16 15762.0 61253.86 1040.7 69.92
66 13959.0 14076.7 400.17 16601.0 76510.15 1010.2 77.38
67 13219.0 13247.2 400.19 15662.0 69209.95 1082.4 68.09
68 12963.0 12989.3 400.08 15292.0 67423.23 969.3 63.3
69 13264.0 13295.8 400.15 15776.0 68086.64 1093.4 67.4
70 13286.0 13324.5 400.18 15773.0 69183.09 1019.8 78.22
71 13072.0 13091.4 400.18 15487.0 66456.5 1006.0 61.76
72 13400.0 13450.0 400.14 15916.0 68318.76 1053.1 73.61
73 13690.0 13719.6 400.15 16348.0 67900.73 1108.3 69.05
74 13749.0 13806.6 400.16 16338.0 73163.24 1080.1 71.68
75 13204.0 13228.2 400.19 15611.0 62242.07 1016.1 66.81
76 13537.0 13571.9 400.14 16125.0 70941.27 1037.6 77.2
77 12870.0 12890.5 400.14 15254.0 60462.93 999.0 58.58
78 13723.0 13795.9 400.15 16283.0 70366.68 1000.6 81.39
79 13214.0 13238.3 400.2 15674.0 66366.56 996.9 69.0
80 13183.0 13198.8 400.22 15510.0 65196.62 995.6 65.79
81 12692.0 12705.6 400.12 15153.0 60743.62 1087.6 61.03
82 13495.0 13549.2 400.19 16039.0 71486.85 1015.0 77.68
83 12758.0 12778.4 400.13 15128.0 62087.86 989.5 57.94
84 13285.0 13305.5 400.18 15715.0 67237.33 1005.2 66.22
85 12742.0 12764.6 400.19 15035.0 63666.69 1033.3 60.59
86 13947.0 14013.8 400.2 16381.0 65964.73 1008.2 82.6
87 12677.0 12691.7 400.14 15029.0 66426.7 999.4 57.02
88 13079.0 13088.7 400.16 15557.0 63159.29 1001.0 61.89
89 12989.0 13008.8 400.14 15339.0 63226.65 1108.4 59.88
90 13594.0 13623.3 400.17 16204.0 65203.41 1036.5 67.96
91 13641.0 13682.4 400.21 16189.0 69196.23 1026.9 79.04
92 13189.0 13216.5 400.14 15643.0 58749.68 1041.9 68.54
93 13288.0 13307.3 400.13 15713.0 63218.13 1016.1 60.19
94 13324.0 13355.5 400.16 15871.0 70092.23 1080.3 71.08
95 13448.0 13475.6 400.13 16041.0 68007.51 1069.9 66.47
96 13077.0 13099.6 400.16 15516.0 59107.59 975.0 57.83
97 12797.0 12818.9 400.11 15212.0 66358.31 1025.5 60.03
98 13150.0 13166.9 400.09 15585.0 58651.32 1036.1 55.94
99 14474.0 14495.1 400.12 17218.0 78024.38 1125.1 69.49
100 12801.0 12819.8 400.07 15216.0 69191.12 1099.2 52.93
