1 15315.0 15494.8 405.7 15963.0 71426.46 33.5 76.75
2 15848.0 15972.8 406.15 16565.0 72333.38 40.8 73.9
3 14448.0 14582.4 405.6 15098.0 62636.83 41.8 62.37
4 14947.0 15011.3 405.26 15602.0 63276.78 41.5 64.41
5 15196.0 15357.7 406.46 15967.0 70113.71 36.2 74.34
6 15649.0 15821.1 405.4 16296.0 69342.66 35.2 75.54
7 14901.0 15109.9 406.89 15615.0 67778.6 39.2 70.93
8 14952.0 15182.4 405.01 15850.0 65418.46 41.9 60.89
9 15415.0 15591.6 405.38 16010.0 70902.83 36.9 72.98
10 14909.0 15020.9 406.33 15678.0 66461.55 43.2 64.32
11 14254.0 14402.7 404.25 15132.0 60469.99 48.5 58.7
12 14880.0 14985.3 404.43 15559.0 68761.57 37.6 76.52
13 14236.0 14374.8 405.16 14997.0 58572.39 49.5 59.15
14 15428.0 15552.4 407.18 16144.0 64448.57 33.6 77.52
15 14827.0 15045.3 405.78 15709.0 62989.83 43.8 60.42
16 14356.0 14528.3 404.21 15256.0 58930.1 50.1 59.11
17 14276.0 14468.7 404.87 15279.0 64236.94 51.6 59.38
18 15101.0 15193.4 405.08 15809.0 63247.99 39.4 64.51
19 15579.0 15635.6 406.22 16164.0 69513.87 31.8 79.53
20 15638.0 15686.1 405.88 16220.0 68472.55 34.3 72.7
21 14701.0 14786.3 404.77 15440.0 65174.01 42.2 68.4
22 15339.0 15463.5 405.43 16086.0 65860.26 40.7 66.12
23 14451.0 14646.7 403.48 15396.0 63870.14 44.0 59.97
24 15456.0 15534.0 403.06 16185.0 62228.46 39.8 70.48
25 15714.0 15858.3 405.19 16380.0 68551.23 32.3 79.38
26 15532.0 15637.2 405.29 16157.0 72021.65 35.0 79.94
27 14446.0 14537.8 404.15 15260.0 58924.72 49.8 57.0
28 14925.0 15064.8 405.41 15643.0 64958.87 45.1 61.17
29 14536.0 14727.9 404.69 15437.0 64689.09 46.4 59.26
30 14736.0 14931.5 404.42 15672.0 65602.34 47.5 66.04
31 14935.0 15034.9 404.36 15658.0 64961.08 42.1 63.17
32 14965.0 15109.5 404.83 15734.0 64343.08 38.2 71.16
33 15159.0 15209.8 407.12 15767.0 67577.86 36.4 73.88
34 15661.0 15914.8 404.49 16398.0 67396.95 33.1 79.69
35 13689.0 13952.6 403.6 14654.0 64983.82 51.9 55.42
36 15032.0 15252.0 405.4 15965.0 64596.62 41.7 68.45
37 15038.0 15145.8 405.49 15652.0 65889.03 37.8 69.64
38 14977.0 15100.0 406.38 15690.0 70450.04 34.4 76.94
39 15639.0 15764.3 406.15 16338.0 72043.88 31.8 82.35
40 15331.0 15450.8 404.91 16021.0 73584.88 33.9 79.22
41 14699.0 14891.7 406.45 15597.0 67726.79 39.7 66.44
42 15271.0 15447.8 405.71 16068.0 69658.76 38.0 72.38
43 14971.0 15120.2 404.35 15813.0 64141.67 42.3 61.33
44 14076.0 14194.4 404.71 14926.0 59720.94 47.0 59.99
45 14235.0 14382.9 405.55 15088.0 60350.19 50.3 61.47
46 15238.0 15352.1 407.15 15976.0 66580.85 36.4 72.38
47 16145.0 16342.1 404.44 16837.0 74355.33 32.9 75.39
48 15683.0 15764.7 404.74 16279.0 73690.92 32.6 82.48
49 15677.0 15864.4 405.64 16435.0 67052.57 32.7 79.74
50 15280.0 15426.9 405.36 16027.0 75693.84 36.9 72.1
51 15509.0 15594.5 408.09 16190.0 70508.19 32.5 80.72
52 15291.0 15373.7 404.19 15968.0 69018.92 33.8 76.67
53 15298.0 15410.0 406.6 16030.0 69150.01 36.8 73.69
54 15170.0 15258.3 403.95 15936.0 63686.54 41.3 68.13
55 15018.0 15182.1 406.17 15726.0 63858.82 37.0 68.81
56 15094.0 15196.5 405.65 15920.0 68327.38 42.5 66.02
57 14899.0 15210.9 406.52 15893.0 63249.67 37.9 64.31
58 15806.0 15930.7 406.76 16544.0 73448.96 33.7 77.57
59 14703.0 14929.1 404.96 15668.0 64758.1 43.1 63.04
60 14976.0 15155.3 404.57 15763.0 67626.48 40.5 66.56
61 14613.0 14824.4 403.15 15565.0 64395.81 43.2 60.91
62 14741.0 14956.1 405.23 15681.0 61898.52 45.9 56.45
63 15266.0 15396.1 405.78 15881.0 69824.21 35.5 75.52
64 14218.0 14317.8 404.02 15132.0 59135.1 50.1 60.13
65 14949.0 15088.2 403.28 15762.0 61253.86 37.6 72.87
66 15879.0 16020.6 404.36 16601.0 76510.15 33.6 75.29
67 14935.0 15059.5 403.51 15662.0 69209.95 41.7 66.96
68 14289.0 14562.0 403.22 15292.0 67423.23 46.7 63.6
69 15040.0 15169.2 405.85 15776.0 68086.64 39.1 67.94
70 15063.0 15183.5 405.35 15773.0 69183.09 35.1 78.01
71 14620.0 14815.9 402.69 15487.0 66456.5 41.9 61.1
72 15155.0 15335.8 404.61 15916.0 68318.76 37.0 72.61
73 15524.0 15724.7 404.49 16348.0 67900.73 41.0 66.68
74 15634.0 15766.8 405.96 16338.0 73163.24 35.9 72.22
75 14874.0 15038.5 404.29 15611.0 62242.07 38.8 69.64
76 15438.0 15526.0 406.38 16125.0 70941.27 35.1 80.47
77 14494.0 14558.7 403.84 15254.0 60462.93 47.0 60.29
78 15598.0 15745.0 405.72 16283.0 70366.68 32.0 82.0
79 14881.0 15029.1 402.89 15674.0 66366.56 41.6 66.44
80 14746.0 14897.8 404.16 15510.0 65196.62 41.8 66.12
81 14225.0 14340.9 403.46 15153.0 60743.62 50.5 60.52
82 15222.0 15460.6 403.9 16039.0 71486.85 34.0 74.44
83 14292.0 14429.8 406.31 15128.0 62087.86 47.0 58.7
84 15055.0 15163.7 405.95 15715.0 67237.33 37.8 69.14
85 14286.0 14442.1 404.27 15035.0 63666.69 48.0 61.48
86 15741.0 15952.8 407.93 16381.0 65964.73 33.3 79.58
87 14247.0 14398.0 403.91 15029.0 66426.7 46.3 59.66
88 14701.0 14776.6 403.81 15557.0 63159.29 45.2 61.7
89 14674.0 14822.0 402.83 15339.0 63226.65 42.4 63.13
90 15365.0 15523.4 404.39 16204.0 65203.41 39.3 68.48
91 15459.0 15580.0 406.28 16189.0 69196.23 34.0 77.55
92 14825.0 14961.9 406.8 15643.0 58749.68 41.2 69.39
93 14932.0 15165.5 403.45 15713.0 63218.13 41.5 62.16
94 15197.0 15279.5 406.98 15871.0 70092.23 38.1 70.39
95 15078.0 15326.4 404.19 16041.0 68007.51 44.5 65.09
96 14700.0 14811.5 403.62 15516.0 59107.59 48.6 60.53
97 14389.0 14524.5 405.82 15212.0 66358.31 46.9 61.05
98 14766.0 14871.5 403.56 15585.0 58651.32 46.0 57.92
99 16290.0 16545.5 403.69 17218.0 78024.38 37.5 69.51
100 14358.0 14514.3 404.1 15216.0 69191.12 55.4 52.69
