1 13460.0 13472.0 400.23 15963.0 71426.46 637.7 72.29
2 13988.0 14002.1 400.27 16565.0 72333.39 658.6 76.2
3 12874.0 12881.4 400.18 15098.0 62636.83 585.9 59.87
4 13194.0 13204.5 400.28 15602.0 63276.78 673.5 67.71
5 13419.0 13430.7 400.17 15967.0 70113.71 620.2 73.33
6 13753.0 13762.0 400.25 16296.0 69342.66 642.9 75.13
7 13255.0 13262.1 400.36 15615.0 67778.61 642.9 70.31
8 13320.0 13332.0 400.2 15850.0 65418.46 658.1 63.03
9 13571.0 13580.6 400.26 16010.0 70902.83 630.9 73.04
10 13241.0 13251.8 400.24 15678.0 66461.55 615.0 65.02
11 12744.0 12755.7 400.21 15132.0 60470.0 611.8 61.39
12 13125.0 13133.0 400.18 15559.0 68761.57 629.3 72.65
13 12749.0 12762.5 400.19 14997.0 58572.39 561.3 58.61
14 13505.0 13524.2 400.28 16144.0 64448.57 654.0 81.08
15 13178.0 13187.6 400.26 15709.0 62989.83 636.5 60.12
16 12903.0 12915.9 400.15 15256.0 58930.1 510.5 60.77
17 12864.0 12875.5 400.2 15279.0 64236.94 583.2 58.95
18 13288.0 13297.0 400.25 15809.0 63247.99 625.6 65.03
19 13566.0 13582.6 400.29 16164.0 69513.87 691.1 76.92
20 13628.0 13638.8 400.37 16220.0 68472.55 637.1 73.29
21 13042.0 13056.6 400.16 15440.0 65174.01 563.0 69.13
22 13494.0 13512.4 400.19 16086.0 65860.26 645.0 67.23
23 12924.0 12932.4 400.22 15396.0 63870.14 579.8 59.03
24 13588.0 13599.7 400.2 16185.0 62228.46 641.0 74.11
25 13794.0 13810.6 400.22 16380.0 68551.23 665.1 76.58
26 13673.0 13687.9 400.29 16157.0 72021.65 554.3 76.53
27 12846.0 12859.9 400.21 15260.0 58924.72 592.0 56.8
28 13210.0 13222.8 400.27 15643.0 64958.87 635.8 62.48
29 13013.0 13023.3 400.29 15437.0 64689.09 590.5 59.99
30 13166.0 13174.5 400.18 15672.0 65602.34 691.9 64.24
31 13261.0 13274.4 400.23 15658.0 64961.08 554.4 66.5
32 13287.0 13304.6 400.19 15734.0 64343.08 563.9 72.99
33 13327.0 13343.2 400.23 15767.0 67577.86 599.7 71.52
34 13846.0 13854.1 400.29 16398.0 67396.95 655.6 77.57
35 12368.0 12380.9 400.18 14654.0 64983.82 589.3 60.18
36 13431.0 13442.2 400.15 15965.0 64596.62 589.5 69.59
37 13263.0 13276.4 400.27 15652.0 65889.03 625.5 71.0
38 13218.0 13229.3 400.25 15690.0 70450.04 630.6 73.68
39 13747.0 13770.6 400.25 16338.0 72043.88 651.6 81.08
40 13488.0 13508.5 400.21 16021.0 73584.88 604.6 80.8
41 13081.0 13091.4 400.19 15597.0 67726.79 640.1 69.76
42 13482.0 13494.4 400.37 16068.0 69658.76 652.4 71.52
43 13250.0 13269.2 400.2 15813.0 64141.67 568.6 60.9
44 12510.0 12524.2 400.25 14926.0 59720.94 631.8 61.82
45 12826.0 12842.8 400.27 15088.0 60350.19 593.7 61.79
46 13376.0 13395.9 400.26 15976.0 66580.85 636.5 72.42
47 14166.0 14182.0 400.25 16837.0 74355.33 656.3 74.73
48 13660.0 13670.5 400.28 16279.0 73690.92 645.5 83.85
49 13813.0 13833.4 400.23 16435.0 67052.57 631.0 82.03
50 13468.0 13486.1 400.26 16027.0 75693.84 658.4 72.45
51 13665.0 13672.7 400.24 16190.0 70508.19 579.3 81.0
52 13440.0 13452.0 400.24 15968.0 69018.92 631.1 73.95
53 13504.0 13514.8 400.23 16030.0 69150.01 630.7 75.16
54 13352.0 13363.1 400.23 15936.0 63686.54 627.0 69.57
55 13306.0 13310.1 400.21 15726.0 63858.82 591.4 72.59
56 13341.0 13356.6 400.24 15920.0 68327.38 637.6 64.46
57 13391.0 13417.8 400.33 15893.0 63249.67 557.7 66.88
58 13885.0 13896.8 400.16 16544.0 73448.96 597.4 74.79
59 13181.0 13187.5 400.22 15668.0 64758.1 609.4 62.68
60 13281.0 13292.0 400.29 15763.0 67626.48 609.5 66.48
61 13135.0 13150.3 400.2 15565.0 64395.81 534.0 61.43
62 13159.0 13173.9 400.26 15681.0 61898.52 606.9 57.53
63 13458.0 13466.6 400.19 15881.0 69824.21 594.4 74.45
64 12763.0 12771.7 400.19 15132.0 59135.1 584.8 61.33
65 13258.0 13271.7 400.19 15762.0 61253.86 568.7 73.06
66 13936.0 13950.9 400.26 16601.0 76510.15 644.2 74.58
67 13218.0 13228.2 400.16 15662.0 69209.95 607.7 67.64
68 12963.0 12975.4 400.23 15292.0 67423.23 572.2 65.6
69 13259.0 13265.6 400.2 15776.0 68086.64 699.2 67.38
70 13269.0 13281.9 400.24 15773.0 69183.09 564.1 77.67
71 13075.0 13091.0 400.23 15487.0 66456.5 589.5 59.64
72 13383.0 13396.3 400.24 15916.0 68318.76 658.3 73.56
73 13679.0 13690.8 400.21 16348.0 67900.73 613.9 71.06
74 13732.0 13742.2 400.2 16338.0 73163.24 657.8 70.76
75 13204.0 13213.8 400.18 15611.0 62242.07 574.0 68.12
76 13529.0 13541.5 400.23 16125.0 70941.27 605.6 81.2
77 12868.0 12879.2 400.16 15254.0 60462.93 572.9 59.28
78 13706.0 13723.1 400.2 16283.0 70366.68 666.0 82.97
79 13210.0 13223.2 400.25 15674.0 66366.56 614.3 66.66
80 13186.0 13200.4 400.21 15510.0 65196.62 576.7 65.6
81 12686.0 12702.2 400.13 15153.0 60743.62 540.2 61.44
82 13495.0 13510.0 400.23 16039.0 71486.85 592.8 77.19
83 12755.0 12767.3 400.17 15128.0 62087.86 618.5 57.23
84 13278.0 13290.6 400.26 15715.0 67237.33 551.2 68.85
85 12740.0 12754.4 400.21 15035.0 63666.69 593.9 60.11
86 13943.0 13953.8 400.2 16381.0 65964.73 612.7 79.28
87 12671.0 12682.4 400.25 15029.0 66426.7 601.8 58.96
88 13066.0 13072.7 400.17 15557.0 63159.29 540.8 62.82
89 12988.0 13001.0 400.15 15339.0 63226.65 674.6 60.97
90 13594.0 13602.4 400.29 16204.0 65203.41 580.4 67.96
91 13628.0 13641.0 400.26 16189.0 69196.23 598.7 79.26
92 13172.0 13189.5 400.24 15643.0 58749.68 546.7 67.6
93 13288.0 13299.7 400.25 15713.0 63218.13 627.0 61.92
94 13321.0 13329.8 400.25 15871.0 70092.23 650.6 72.61
95 13451.0 13466.0 400.22 16041.0 68007.51 628.6 67.72
96 13069.0 13085.5 400.22 15516.0 59107.59 589.2 58.05
97 12795.0 12804.7 400.15 15212.0 66358.31 636.7 60.71
98 13149.0 13155.3 400.18 15585.0 58651.32 579.9 56.72
99 14453.0 14462.9 400.16 17218.0 78024.38 646.7 69.59
100 12800.0 12812.7 400.09 15216.0 69191.12 728.1 52.8
