1 13467.0 13512.5 400.22 15963.0 71426.46 989.6 71.93
2 13996.0 14040.1 400.27 16565.0 72333.39 958.1 76.16
3 12881.0 12897.5 400.23 15098.0 62636.83 899.6 61.13
4 13194.0 13207.9 400.14 15602.0 63276.78 981.5 68.28
5 13421.0 13436.8 400.21 15967.0 70113.71 995.9 71.99
6 13784.0 13843.6 400.25 16296.0 69342.66 951.4 76.16
7 13262.0 13281.7 400.22 15615.0 67778.6 985.9 70.64
8 13324.0 13344.4 400.18 15850.0 65418.46 1009.2 63.52
9 13573.0 13645.1 400.14 16010.0 70902.83 975.1 70.59
10 13241.0 13256.7 400.25 15678.0 66461.55 904.8 63.21
11 12739.0 12765.8 400.15 15132.0 60469.99 888.1 61.61
12 13126.0 13155.1 400.22 15559.0 68761.57 983.1 74.68
13 12751.0 12768.9 400.14 14997.0 58572.39 920.6 56.88
14 13573.0 13651.7 400.19 16144.0 64448.57 950.5 80.75
15 13179.0 13191.5 400.14 15709.0 62989.83 1016.0 61.96
16 12906.0 12924.2 400.14 15256.0 58930.1 850.2 59.28
17 12865.0 12877.1 400.14 15279.0 64236.94 959.0 58.13
18 13293.0 13317.4 400.16 15809.0 63247.99 1041.4 63.55
19 13643.0 13719.6 400.14 16164.0 69513.87 938.2 76.92
20 13638.0 13693.0 400.15 16220.0 68472.55 972.0 74.27
21 13041.0 13082.4 400.24 15440.0 65174.01 918.3 71.44
22 13497.0 13531.2 400.16 16086.0 65860.26 1026.0 68.18
23 12922.0 12941.7 400.19 15396.0 63870.14 954.9 63.34
24 13592.0 13625.0 400.19 16185.0 62228.46 1024.8 70.42
25 13859.0 13932.0 400.19 16380.0 68551.23 944.0 76.71
26 13676.0 13715.2 400.19 16157.0 72021.65 959.4 76.17
27 12841.0 12864.0 400.1 15260.0 58924.72 975.9 55.77
28 13213.0 13228.5 400.16 15643.0 64958.87 984.4 64.68
29 13016.0 13027.7 400.09 15437.0 64689.09 944.5 59.95
30 13166.0 13184.2 400.17 15672.0 65602.34 997.0 63.88
31 13261.0 13279.2 400.19 15658.0 64961.08 886.7 65.59
32 13290.0 13311.9 400.14 15734.0 64343.08 931.7 72.43
33 13327.0 13356.2 400.15 15767.0 67577.86 925.0 74.77
34 13858.0 13901.2 400.15 16398.0 67396.95 965.2 77.03
35 12368.0 12381.4 400.14 14654.0 64983.82 945.1 56.93
36 13429.0 13452.4 400.14 15965.0 64596.62 924.1 68.81
37 13264.0 13312.9 400.16 15652.0 65889.03 951.9 74.79
38 13222.0 13280.9 400.13 15690.0 70450.04 970.0 72.69
39 13794.0 13850.3 400.22 16338.0 72043.88 931.0 84.64
40 13497.0 13555.5 400.27 16021.0 73584.88 959.2 80.94
41 13093.0 13122.5 400.18 15597.0 67726.79 979.1 68.43
42 13488.0 13514.5 400.22 16068.0 69658.76 1017.4 70.82
43 13250.0 13265.0 400.2 15813.0 64141.67 984.7 61.85
44 12514.0 12522.0 400.17 14926.0 59720.94 940.3 58.15
45 12827.0 12840.4 400.14 15088.0 60350.19 951.6 60.3
46 13401.0 13460.7 400.18 15976.0 66580.85 1013.8 74.27
47 14191.0 14317.6 400.16 16837.0 74355.33 944.6 77.82
48 13718.0 13756.7 400.18 16279.0 73690.91 955.5 83.9
49 13825.0 13934.5 400.12 16435.0 67052.57 924.5 80.47
50 13482.0 13519.5 400.2 16027.0 75693.84 969.8 72.8
51 13687.0 13740.5 400.22 16190.0 70508.19 939.0 77.54
52 13448.0 13482.3 400.24 15968.0 69018.92 918.8 74.77
53 13501.0 13550.1 400.16 16030.0 69150.01 977.2 74.05
54 13350.0 13380.1 400.14 15936.0 63686.54 995.1 68.59
55 13308.0 13340.4 400.14 15726.0 63858.82 965.7 70.98
56 13339.0 13377.1 400.15 15920.0 68327.38 1019.5 67.33
57 13389.0 13413.8 400.23 15893.0 63249.67 917.1 63.57
58 13891.0 13920.2 400.19 16544.0 73448.96 989.8 76.72
59 13181.0 13202.4 400.18 15668.0 64758.1 952.5 63.79
60 13273.0 13302.8 400.1 15763.0 67626.48 1001.3 68.16
61 13134.0 13153.8 400.15 15565.0 64395.81 931.6 61.22
62 13161.0 13179.3 400.14 15681.0 61898.52 1018.0 57.82
63 13472.0 13499.0 400.22 15881.0 69824.21 949.4 73.73
64 12763.0 12776.4 400.16 15132.0 59135.1 849.1 61.82
65 13262.0 13277.4 400.17 15762.0 61253.86 1006.3 70.6
66 13991.0 14086.4 400.22 16601.0 76510.15 930.0 76.07
67 13222.0 13238.7 400.17 15662.0 69209.95 959.4 68.41
68 12967.0 12986.8 400.14 15292.0 67423.23 906.4 65.37
69 13269.0 13306.7 400.19 15776.0 68086.64 1042.6 68.13
70 13270.0 13302.4 400.22 15773.0 69183.09 951.6 77.18
71 13072.0 13083.8 400.13 15487.0 66456.5 899.0 59.37
72 13407.0 13450.9 400.14 15916.0 68318.76 984.5 73.24
73 13686.0 13732.1 400.19 16348.0 67900.73 1032.0 67.32
74 13732.0 13810.7 400.19 16338.0 73163.24 996.8 73.77
75 13204.0 13222.7 400.16 15611.0 62242.07 936.7 67.25
76 13537.0 13584.6 400.18 16125.0 70941.27 963.7 79.43
77 12872.0 12887.8 400.16 15254.0 60462.93 937.0 58.46
78 13743.0 13819.7 400.15 16283.0 70366.68 920.2 83.58
79 13210.0 13225.0 400.14 15674.0 66366.56 966.1 66.05
80 13184.0 13196.9 400.16 15510.0 65196.62 891.5 64.5
81 12688.0 12703.4 400.15 15153.0 60743.62 944.6 61.87
82 13503.0 13561.4 400.17 16039.0 71486.85 957.6 79.67
83 12755.0 12781.1 400.12 15128.0 62087.86 931.0 56.86
84 13278.0 13295.5 400.2 15715.0 67237.33 970.7 68.22
85 12740.0 12763.4 400.23 15035.0 63666.7 994.5 61.94
86 13948.0 14023.8 400.16 16381.0 65964.73 918.6 80.88
87 12671.0 12692.9 400.17 15029.0 66426.7 911.4 58.73
88 13066.0 13079.0 400.17 15557.0 63159.29 947.1 60.25
89 12989.0 13019.1 400.17 15339.0 63226.65 1014.3 62.62
90 13594.0 13605.9 400.17 16204.0 65203.41 947.8 67.87
91 13636.0 13681.7 400.23 16189.0 69196.23 938.4 79.53
92 13180.0 13203.8 400.18 15643.0 58749.68 970.4 70.53
93 13289.0 13310.3 400.16 15713.0 63218.13 948.8 61.46
94 13323.0 13371.1 400.16 15871.0 70092.23 1003.3 72.89
95 13447.0 13466.3 400.22 16041.0 68007.51 1004.8 66.81
96 13077.0 13092.5 400.19 15516.0 59107.59 933.3 59.9
97 12795.0 12813.5 400.12 15212.0 66358.31 960.6 62.21
98 13152.0 13173.6 400.1 15585.0 58651.32 977.9 56.55
99 14455.0 14482.2 400.11 17218.0 78024.38 1049.4 69.38
100 12800.0 12813.9 400.14 15216.0 69191.12 1011.5 52.66
