1 15663.0 15733.0 424.84 15963.0 71426.46 8.2 72.36
2 16265.0 16336.7 427.98 16565.0 72333.39 9.6 80.99
3 14850.0 14958.2 416.76 15098.0 62636.83 9.7 58.73
4 15285.0 15367.7 418.94 15602.0 63276.78 9.4 67.91
5 15631.0 15724.9 426.12 15967.0 70113.71 8.5 76.4
6 16058.0 16125.2 421.12 16296.0 69342.66 7.5 77.76
7 15251.0 15478.4 416.21 15615.0 67778.6 8.3 70.92
8 15428.0 15540.0 417.99 15850.0 65418.46 9.4 61.93
9 15830.0 15936.5 421.45 16010.0 70902.83 8.3 71.62
10 15217.0 15382.0 420.8 15678.0 66461.55 9.8 64.99
11 14584.0 14785.9 415.67 15132.0 60470.0 10.5 59.7
12 15221.0 15341.8 422.95 15559.0 68761.57 8.5 73.2
13 14636.0 14782.6 412.92 14997.0 58572.39 10.9 60.3
14 15790.0 15877.5 420.54 16144.0 64448.57 7.1 83.16
15 15373.0 15430.4 420.05 15709.0 62989.83 10.3 60.33
16 14865.0 14950.4 420.18 15256.0 58930.1 11.4 61.49
17 14864.0 14953.4 421.51 15279.0 64236.94 11.2 60.18
18 15457.0 15538.5 427.3 15809.0 63247.99 9.0 65.98
19 15854.0 15921.2 427.2 16164.0 69513.87 7.7 75.52
20 15823.0 15967.9 427.05 16220.0 68472.55 7.8 75.11
21 15085.0 15167.7 421.18 15440.0 65174.01 9.5 67.33
22 15657.0 15808.1 420.32 16086.0 65860.26 8.9 68.94
23 14938.0 15010.4 417.79 15396.0 63870.14 10.1 60.96
24 15890.0 15952.0 415.85 16185.0 62228.46 8.5 71.13
25 16140.0 16193.4 416.87 16380.0 68551.23 7.8 79.14
26 15843.0 15973.5 417.75 16157.0 72021.65 7.5 74.47
27 14892.0 14957.1 416.11 15260.0 58924.72 10.6 58.35
28 15263.0 15400.0 413.71 15643.0 64958.87 10.1 60.95
29 14998.0 15125.4 412.91 15437.0 64689.09 9.5 62.01
30 15179.0 15299.5 418.45 15672.0 65602.34 10.6 63.79
31 15348.0 15395.0 423.32 15658.0 64961.08 9.9 66.18
32 15317.0 15452.3 423.57 15734.0 64343.08 8.8 71.32
33 15325.0 15548.1 421.65 15767.0 67577.86 8.3 76.13
34 16138.0 16286.2 424.38 16398.0 67396.95 7.7 78.52
35 14339.0 14383.3 414.26 14654.0 64983.82 11.1 57.18
36 15501.0 15608.3 416.61 15965.0 64596.62 9.6 67.66
37 15281.0 15451.8 417.31 15652.0 65889.03 8.5 72.16
38 15329.0 15453.8 430.15 15690.0 70450.04 7.2 75.85
39 15987.0 16059.8 423.23 16338.0 72043.88 7.6 85.47
40 15692.0 15762.2 418.65 16021.0 73584.88 8.2 78.2
41 15160.0 15260.5 423.45 15597.0 67726.79 8.7 68.4
42 15733.0 15798.3 415.5 16068.0 69658.76 8.1 74.07
43 15273.0 15455.8 418.36 15813.0 64141.67 10.1 61.86
44 14439.0 14575.3 417.84 14926.0 59720.94 10.5 60.39
45 14744.0 14847.3 419.31 15088.0 60350.19 11.0 60.46
46 15424.0 15636.5 424.55 15976.0 66580.85 8.3 74.06
47 16597.0 16664.6 424.54 16837.0 74355.33 7.8 77.48
48 15962.0 16068.3 432.11 16279.0 73690.92 7.4 83.64
49 16037.0 16198.7 423.02 16435.0 67052.57 7.3 85.09
50 15628.0 15748.0 413.8 16027.0 75693.84 7.8 78.12
51 15849.0 15889.7 424.33 16190.0 70508.19 7.6 81.14
52 15601.0 15704.7 423.83 15968.0 69018.92 7.5 77.21
53 15560.0 15764.6 431.95 16030.0 69150.01 8.3 74.2
54 15524.0 15624.3 415.35 15936.0 63686.54 8.5 68.3
55 15351.0 15536.6 416.86 15726.0 63858.82 8.9 71.22
56 15527.0 15601.3 420.83 15920.0 68327.38 9.4 68.63
57 15509.0 15610.4 417.2 15893.0 63249.67 8.9 64.78
58 16112.0 16257.8 418.97 16544.0 73448.96 7.5 77.16
59 15324.0 15365.1 416.34 15668.0 64758.1 10.0 67.05
60 15361.0 15495.5 419.0 15763.0 67626.48 9.1 69.0
61 15200.0 15264.2 415.02 15565.0 64395.81 9.9 63.03
62 15168.0 15349.8 420.11 15681.0 61898.52 10.3 56.61
63 15536.0 15697.5 419.64 15881.0 69824.21 8.0 77.35
64 14647.0 14738.3 416.24 15132.0 59135.1 10.5 61.61
65 15352.0 15432.7 413.81 15762.0 61253.86 8.5 73.41
66 16281.0 16365.6 417.45 16601.0 76510.15 7.6 74.0
67 15359.0 15424.9 418.16 15662.0 69209.95 8.8 69.95
68 14751.0 15001.1 416.22 15292.0 67423.23 10.4 65.56
69 15336.0 15483.2 421.01 15776.0 68086.64 8.9 67.81
70 15365.0 15504.4 420.19 15773.0 69183.09 7.6 75.91
71 15026.0 15166.7 422.89 15487.0 66456.5 9.8 60.62
72 15572.0 15684.6 419.61 15916.0 68318.76 8.4 74.92
73 15926.0 16034.5 428.03 16348.0 67900.73 9.1 68.69
74 16012.0 16034.0 420.71 16338.0 73163.24 8.4 73.11
75 15314.0 15395.3 410.21 15611.0 62242.07 8.5 69.98
76 15744.0 15852.9 417.91 16125.0 70941.27 8.0 80.71
77 14860.0 14956.1 412.29 15254.0 60462.93 10.8 60.39
78 15948.0 16052.7 427.97 16283.0 70366.68 7.7 83.09
79 15269.0 15412.9 417.62 15674.0 66366.56 9.6 67.85
80 15226.0 15312.6 414.62 15510.0 65196.62 9.2 67.53
81 14689.0 14754.1 418.31 15153.0 60743.62 11.5 61.33
82 15670.0 15753.2 425.99 16039.0 71486.85 8.1 76.9
83 14725.0 14823.1 416.88 15128.0 62087.86 10.2 58.21
84 15427.0 15525.0 417.67 15715.0 67237.33 8.6 70.2
85 14745.0 14860.7 414.24 15035.0 63666.69 9.7 62.93
86 16217.0 16259.7 424.1 16381.0 65964.73 7.4 83.55
87 14647.0 14756.2 418.25 15029.0 66426.7 11.3 57.31
88 15061.0 15187.1 418.77 15557.0 63159.29 10.3 61.8
89 15040.0 15145.4 421.81 15339.0 63226.65 10.0 63.11
90 15774.0 15894.9 424.47 16204.0 65203.41 8.7 70.53
91 15832.0 15915.0 418.74 16189.0 69196.23 7.6 78.43
92 15296.0 15370.3 415.08 15643.0 58749.68 8.6 72.51
93 15432.0 15502.7 420.21 15713.0 63218.13 9.8 62.1
94 15533.0 15670.9 423.06 15871.0 70092.23 8.5 71.45
95 15705.0 15776.8 417.55 16041.0 68007.52 9.0 66.32
96 14925.0 15139.7 418.84 15516.0 59107.59 11.1 59.79
97 14791.0 14877.5 420.15 15212.0 66358.31 10.5 62.88
98 15155.0 15297.8 413.87 15585.0 58651.32 10.6 61.0
99 16744.0 16923.8 422.54 17218.0 78024.38 8.8 72.25
100 14826.0 14915.5 413.79 15216.0 69191.12 13.1 53.46
