1 13457.0 13457.0 400.44 15963.0 71426.46 442.4 73.62
2 13988.0 13989.4 400.34 16565.0 72333.39 436.6 75.2
3 12874.0 12875.0 400.31 15098.0 62636.83 368.9 62.77
4 13194.0 13196.0 400.59 15602.0 63276.78 404.1 66.78
5 13419.0 13420.3 400.5 15967.0 70113.71 413.9 74.09
6 13753.0 13753.2 400.94 16296.0 69342.66 443.4 73.28
7 13255.0 13255.3 400.73 15615.0 67778.61 417.9 73.59
8 13320.0 13320.0 400.69 15850.0 65418.46 426.0 59.84
9 13571.0 13571.4 400.75 16010.0 70902.83 445.4 72.44
10 13241.0 13241.8 400.6 15678.0 66461.55 375.1 63.25
11 12739.0 12739.0 400.35 15132.0 60469.99 373.1 59.4
12 13125.0 13126.5 400.31 15559.0 68761.57 412.3 75.18
13 12747.0 12749.3 400.23 14997.0 58572.39 372.8 57.58
14 13504.0 13509.7 400.33 16144.0 64448.57 475.6 84.57
15 13177.0 13177.7 400.34 15709.0 62989.83 420.4 60.29
16 12903.0 12903.0 400.38 15256.0 58930.1 366.5 58.3
17 12862.0 12862.0 400.32 15279.0 64236.94 383.0 56.81
18 13288.0 13288.0 400.52 15809.0 63247.99 432.1 62.13
19 13566.0 13566.7 400.33 16164.0 69513.87 481.7 74.26
20 13627.0 13627.0 400.28 16220.0 68472.55 440.0 78.47
21 13041.0 13042.4 400.46 15440.0 65174.01 378.1 68.76
22 13494.0 13496.7 400.59 16086.0 65860.26 430.4 68.94
23 12922.0 12922.0 400.57 15396.0 63870.14 374.8 60.85
24 13588.0 13588.0 400.67 16185.0 62228.46 462.5 70.18
25 13794.0 13794.0 400.23 16380.0 68551.23 464.1 75.69
26 13671.0 13671.8 400.57 16157.0 72021.65 426.8 73.23
27 12846.0 12848.4 400.31 15260.0 58924.72 388.0 57.72
28 13210.0 13210.1 400.56 15643.0 64958.87 401.1 62.71
29 13013.0 13015.0 400.32 15437.0 64689.09 399.4 60.56
30 13166.0 13166.1 400.24 15672.0 65602.34 429.8 64.94
31 13261.0 13262.0 400.28 15658.0 64961.08 356.9 66.89
32 13287.0 13288.3 400.64 15734.0 64343.08 386.5 71.24
33 13327.0 13327.4 400.61 15767.0 67577.86 389.5 71.0
34 13846.0 13848.0 400.4 16398.0 67396.95 441.6 81.1
35 12368.0 12368.8 400.41 14654.0 64983.82 381.2 55.23
36 13428.0 13429.5 400.46 15965.0 64596.62 382.7 68.7
37 13263.0 13263.4 400.58 15652.0 65889.03 402.6 70.13
38 13213.0 13215.3 400.52 15690.0 70450.04 426.5 75.47
39 13746.0 13746.0 400.48 16338.0 72043.88 451.0 82.95
40 13483.0 13483.3 400.66 16021.0 73584.88 435.8 78.25
41 13081.0 13081.0 400.22 15597.0 67726.79 421.3 67.21
42 13482.0 13482.4 400.41 16068.0 69658.76 416.9 72.2
43 13250.0 13250.8 400.76 15813.0 64141.67 394.3 62.7
44 12510.0 12510.0 400.31 14926.0 59720.94 390.3 59.18
45 12826.0 12826.0 400.29 15088.0 60350.19 382.2 61.77
46 13374.0 13378.1 400.23 15976.0 66580.85 448.6 71.92
47 14166.0 14167.1 400.66 16837.0 74355.33 457.4 75.47
48 13655.0 13657.2 400.36 16279.0 73690.91 452.0 84.01
49 13813.0 13813.0 400.49 16435.0 67052.57 436.9 77.25
50 13468.0 13471.4 400.27 16027.0 75693.84 427.1 74.89
51 13665.0 13666.2 400.54 16190.0 70508.19 409.4 79.09
52 13437.0 13437.0 400.51 15968.0 69018.92 420.7 75.85
53 13500.0 13502.1 400.77 16030.0 69150.01 425.1 74.96
54 13350.0 13350.0 400.31 15936.0 63686.54 416.6 67.36
55 13306.0 13306.9 400.34 15726.0 63858.82 413.0 69.64
56 13339.0 13339.2 400.58 15920.0 68327.38 424.4 64.81
57 13389.0 13389.0 400.62 15893.0 63249.67 362.3 66.2
58 13884.0 13885.4 400.46 16544.0 73448.96 425.2 76.73
59 13181.0 13181.9 400.3 15668.0 64758.1 395.1 60.62
60 13273.0 13274.9 400.46 15763.0 67626.48 421.8 65.92
61 13134.0 13134.6 400.43 15565.0 64395.81 387.5 62.14
62 13159.0 13160.7 400.69 15681.0 61898.52 421.3 58.14
63 13458.0 13458.7 400.59 15881.0 69824.21 409.9 73.98
64 12763.0 12763.0 400.3 15132.0 59135.1 351.7 59.47
65 13255.0 13257.2 400.43 15762.0 61253.86 420.4 69.88
66 13936.0 13936.5 400.49 16601.0 76510.15 459.2 75.44
67 13218.0 13218.0 400.15 15662.0 69209.95 401.3 69.88
68 12963.0 12965.0 400.32 15292.0 67423.23 366.1 64.41
69 13256.0 13257.3 400.3 15776.0 68086.64 452.9 67.08
70 13269.0 13269.0 400.3 15773.0 69183.09 413.5 77.06
71 13072.0 13075.8 400.64 15487.0 66456.5 374.2 59.76
72 13383.0 13383.0 400.61 15916.0 68318.76 438.6 75.43
73 13679.0 13679.0 400.4 16348.0 67900.73 452.7 67.4
74 13732.0 13732.9 400.38 16338.0 73163.24 460.3 70.11
75 13204.0 13204.0 400.37 15611.0 62242.07 375.1 69.29
76 13524.0 13524.0 400.53 16125.0 70941.27 420.8 78.52
77 12868.0 12870.3 400.32 15254.0 60462.93 384.9 58.74
78 13706.0 13714.0 401.18 16283.0 70366.68 444.0 79.16
79 13210.0 13210.0 400.43 15674.0 66366.56 384.8 67.78
80 13183.0 13191.9 400.4 15510.0 65196.62 370.4 65.41
81 12686.0 12689.0 400.2 15153.0 60743.63 396.6 60.2
82 13495.0 13495.1 400.5 16039.0 71486.85 407.4 77.07
83 12755.0 12757.1 400.43 15128.0 62087.86 396.9 56.45
84 13278.0 13278.7 400.4 15715.0 67237.33 403.4 70.18
85 12740.0 12743.7 400.16 15035.0 63666.69 407.3 60.21
86 13941.0 13941.0 400.21 16381.0 65964.73 429.7 78.53
87 12671.0 12671.4 400.56 15029.0 66426.7 380.8 57.44
88 13066.0 13066.0 400.54 15557.0 63159.29 383.8 58.71
89 12988.0 12990.5 400.45 15339.0 63226.65 457.5 62.08
90 13594.0 13595.3 400.28 16204.0 65203.41 402.4 66.18
91 13628.0 13628.0 400.27 16189.0 69196.23 399.8 80.83
92 13172.0 13172.0 400.43 15643.0 58749.68 397.6 66.2
93 13288.0 13288.0 400.25 15713.0 63218.13 401.7 60.3
94 13321.0 13321.0 400.55 15871.0 70092.23 431.3 69.12
95 13447.0 13447.3 400.35 16041.0 68007.51 413.8 67.3
96 13069.0 13069.4 400.34 15516.0 59107.59 356.1 58.01
97 12795.0 12795.0 400.2 15212.0 66358.31 392.2 60.42
98 13145.0 13145.5 400.39 15585.0 58651.32 397.6 56.31
99 14453.0 14453.4 400.25 17218.0 78024.38 443.2 69.79
100 12800.0 12800.9 400.28 15216.0 69191.12 404.2 52.82
