1 13457.0 13457.0 400.42 15963.0 71426.46 408.1 74.7
2 13989.0 13989.0 400.24 16565.0 72333.39 412.2 75.3
3 12874.0 12874.0 400.23 15098.0 62636.83 346.9 59.44
4 13194.0 13194.0 400.23 15602.0 63276.78 379.0 66.36
5 13419.0 13419.0 400.38 15967.0 70113.71 400.8 71.96
6 13753.0 13753.0 400.36 16296.0 69342.66 411.9 73.66
7 13255.0 13255.0 400.46 15615.0 67778.61 383.1 71.72
8 13320.0 13320.0 400.41 15850.0 65418.46 385.4 62.7
9 13571.0 13571.0 400.31 16010.0 70902.83 410.1 71.78
10 13241.0 13241.0 400.24 15678.0 66461.55 352.3 62.92
11 12739.0 12739.0 400.16 15132.0 60469.99 353.6 59.93
12 13125.0 13125.0 400.29 15559.0 68761.57 394.1 75.13
13 12747.0 12747.0 400.22 14997.0 58572.39 352.0 58.14
14 13504.0 13504.0 400.4 16144.0 64448.57 438.1 84.06
15 13177.0 13177.0 400.26 15709.0 62989.83 386.4 60.34
16 12903.0 12903.0 400.3 15256.0 58930.1 338.4 59.22
17 12862.0 12862.0 400.27 15279.0 64236.94 354.9 58.58
18 13288.0 13288.0 400.26 15809.0 63247.99 401.5 65.13
19 13566.0 13566.0 400.41 16164.0 69513.87 441.1 77.82
20 13627.0 13627.0 400.34 16220.0 68472.55 418.1 72.48
21 13041.0 13041.0 400.26 15440.0 65174.01 355.8 67.69
22 13494.0 13494.0 400.32 16086.0 65860.26 415.5 68.37
23 12922.0 12922.0 400.25 15396.0 63870.14 346.6 60.5
24 13588.0 13588.0 400.35 16185.0 62228.46 415.0 72.38
25 13794.0 13794.0 400.29 16380.0 68551.23 438.9 79.22
26 13671.0 13671.0 400.2 16157.0 72021.65 387.9 74.26
27 12846.0 12846.0 400.29 15260.0 58924.72 360.2 55.56
28 13210.0 13210.0 400.19 15643.0 64958.87 377.3 63.15
29 13013.0 13013.0 400.19 15437.0 64689.09 376.9 61.2
30 13166.0 13166.0 400.23 15672.0 65602.34 377.7 61.72
31 13261.0 13261.0 400.24 15658.0 64961.08 334.6 66.68
32 13287.0 13287.0 400.24 15734.0 64343.08 368.1 71.03
33 13327.0 13327.0 400.23 15767.0 67577.86 368.6 73.0
34 13846.0 13846.0 400.28 16398.0 67396.95 410.1 78.12
35 12368.0 12368.0 400.3 14654.0 64983.82 361.6 56.68
36 13428.0 13428.0 400.28 15965.0 64596.62 371.1 70.22
37 13263.0 13263.0 400.22 15652.0 65889.03 371.9 69.81
38 13213.0 13213.0 400.26 15690.0 70450.04 396.7 73.23
39 13746.0 13746.0 400.3 16338.0 72043.88 415.2 83.27
40 13483.0 13483.0 400.35 16021.0 73584.88 402.0 75.41
41 13081.0 13081.0 400.28 15597.0 67726.79 389.5 69.16
42 13482.0 13482.0 400.34 16068.0 69658.76 399.6 74.49
43 13250.0 13250.0 400.25 15813.0 64141.66 376.2 61.34
44 12510.0 12510.0 400.3 14926.0 59720.94 367.0 58.4
45 12826.0 12826.0 400.21 15088.0 60350.19 351.0 62.87
46 13374.0 13374.0 400.26 15976.0 66580.85 432.7 74.92
47 14166.0 14166.0 400.32 16837.0 74355.33 425.2 74.92
48 13655.0 13655.0 400.28 16279.0 73690.92 427.9 82.68
49 13813.0 13813.0 400.26 16435.0 67052.57 402.8 83.61
50 13468.0 13468.0 400.22 16027.0 75693.84 394.1 71.43
51 13665.0 13665.0 400.39 16190.0 70508.19 373.0 77.11
52 13437.0 13437.0 400.24 15968.0 69018.92 380.1 75.25
53 13500.0 13500.0 400.37 16030.0 69150.01 394.3 75.59
54 13350.0 13350.0 400.26 15936.0 63686.54 403.5 65.43
55 13306.0 13306.0 400.27 15726.0 63858.82 384.6 69.81
56 13339.0 13339.0 400.24 15920.0 68327.38 401.9 64.07
57 13389.0 13389.0 400.27 15893.0 63249.67 349.0 64.64
58 13885.0 13885.0 400.32 16544.0 73448.96 390.6 78.01
59 13181.0 13181.0 400.23 15668.0 64758.1 361.0 61.76
60 13273.0 13273.0 400.28 15763.0 67626.48 393.4 66.25
61 13134.0 13134.0 400.26 15565.0 64395.81 368.9 61.83
62 13159.0 13159.0 400.29 15681.0 61898.52 386.4 56.98
63 13458.0 13458.0 400.26 15881.0 69824.21 376.8 73.76
64 12763.0 12763.0 400.28 15132.0 59135.1 320.0 59.51
65 13255.0 13255.0 400.22 15762.0 61253.86 377.4 70.67
66 13936.0 13936.0 400.27 16601.0 76510.15 429.2 75.22
67 13218.0 13218.0 400.28 15662.0 69209.95 378.5 68.52
68 12963.0 12963.0 400.22 15292.0 67423.23 334.8 63.73
69 13256.0 13256.0 400.32 15776.0 68086.64 410.6 68.83
70 13269.0 13269.0 400.37 15773.0 69183.09 386.1 77.84
71 13072.0 13072.0 400.26 15487.0 66456.5 350.1 58.08
72 13383.0 13383.0 400.25 15916.0 68318.76 420.1 71.83
73 13679.0 13679.0 400.2 16348.0 67900.73 424.2 68.49
74 13732.0 13732.0 400.27 16338.0 73163.24 434.6 70.69
75 13204.0 13204.0 400.21 15611.0 62242.07 355.1 67.04
76 13524.0 13524.0 400.3 16125.0 70941.27 406.9 81.14
77 12868.0 12868.0 400.28 15254.0 60462.93 351.5 60.98
78 13706.0 13706.0 400.3 16283.0 70366.68 409.9 79.85
79 13210.0 13210.0 400.21 15674.0 66366.56 364.5 67.88
80 13183.0 13183.0 400.2 15510.0 65196.62 341.0 64.42
81 12686.0 12686.0 400.22 15153.0 60743.62 368.4 62.36
82 13495.0 13495.0 400.31 16039.0 71486.85 389.4 74.1
83 12755.0 12755.0 400.28 15128.0 62087.86 378.3 56.51
84 13278.0 13278.0 400.14 15715.0 67237.33 369.2 67.47
85 12740.0 12740.0 400.26 15035.0 63666.7 387.5 61.95
86 13941.0 13941.0 400.26 16381.0 65964.73 412.3 80.48
87 12671.0 12671.0 400.25 15029.0 66426.7 348.2 60.04
88 13066.0 13066.0 400.15 15557.0 63159.29 358.6 58.63
89 12988.0 12988.0 400.3 15339.0 63226.65 400.1 60.31
90 13594.0 13594.0 400.27 16204.0 65203.41 365.3 69.15
91 13628.0 13628.0 400.22 16189.0 69196.23 375.1 77.71
92 13172.0 13172.0 400.24 15643.0 58749.68 368.8 69.42
93 13288.0 13288.0 400.23 15713.0 63218.13 374.1 59.04
94 13321.0 13321.0 400.43 15871.0 70092.23 401.7 71.06
95 13447.0 13447.0 400.35 16041.0 68007.51 386.6 65.08
96 13069.0 13069.0 400.3 15516.0 59107.59 349.2 57.2
97 12795.0 12795.0 400.17 15212.0 66358.31 370.0 60.54
98 13145.0 13145.0 400.26 15585.0 58651.32 372.3 55.77
99 14453.0 14453.0 400.13 17218.0 78024.38 424.0 69.42
100 12800.0 12800.0 400.19 15216.0 69191.12 387.0 52.95
