1 3138.0 3138.0 150.1 3650.0 11036.44 143.1 8.37
2 3370.0 3370.0 150.07 3925.0 11457.88 146.4 7.63
3 3370.0 3370.0 150.23 3914.0 12411.82 150.6 9.74
4 3370.0 3370.0 150.15 3942.0 11520.38 144.1 10.16
5 3550.0 3550.0 150.19 4173.0 12927.96 191.8 12.85
6 3179.0 3179.0 150.1 3682.0 10680.83 125.7 7.37
7 3430.0 3430.0 150.18 3996.0 12015.83 168.7 11.14
8 3479.0 3479.0 150.17 4096.0 12502.25 202.5 12.79
9 3245.0 3245.0 150.08 3808.0 11962.47 143.7 8.92
10 3439.0 3439.0 150.21 4019.0 12767.97 174.8 11.9
11 3283.0 3283.0 150.1 3775.0 11305.04 140.2 9.37
12 3392.0 3392.0 150.11 3956.0 11501.35 139.6 9.12
13 3422.0 3422.0 150.16 3994.0 13126.41 169.4 11.36
14 3362.0 3362.0 150.1 3932.0 11922.78 144.8 9.92
15 3368.0 3368.0 150.18 3936.0 11755.83 162.7 9.91
16 3585.0 3585.0 150.19 4185.0 13191.29 168.9 11.61
17 3456.0 3456.0 150.15 4034.0 12337.99 157.2 12.52
18 3502.0 3502.0 150.18 4060.0 12291.89 139.3 10.67
19 3394.0 3394.0 150.13 3906.0 12007.84 134.7 8.4
20 3376.0 3376.0 150.14 3930.0 11979.8 163.9 10.4
21 3481.0 3481.0 150.12 4081.0 12821.03 148.5 10.08
22 3581.0 3581.0 150.18 4208.0 13515.18 172.9 11.43
23 3286.0 3286.0 150.09 3834.0 10832.06 142.0 7.47
24 3352.0 3352.0 150.08 3940.0 12007.06 157.2 11.16
25 3552.0 3552.0 150.15 4132.0 13215.07 169.7 11.98
26 3367.0 3367.0 150.1 3917.0 11890.46 141.4 9.54
27 3458.0 3458.0 150.23 4029.0 12683.37 151.6 10.01
28 3391.0 3391.0 150.12 3944.0 11395.75 141.3 10.86
29 3207.0 3207.0 150.09 3748.0 10939.28 150.9 7.72
30 3138.0 3138.0 150.13 3669.0 11521.68 135.7 8.96
31 3189.0 3189.0 150.08 3713.0 10487.24 136.6 7.51
32 3466.0 3466.0 150.15 4039.0 12218.9 148.8 12.26
33 3548.0 3548.0 150.18 4123.0 13011.9 143.9 12.08
34 3377.0 3377.0 150.14 3956.0 11377.21 152.5 9.52
35 3389.0 3389.0 150.14 3952.0 11963.06 148.0 9.37
36 3389.0 3389.0 150.18 3914.0 11802.3 144.7 8.61
37 3567.0 3567.0 150.09 4145.0 12709.4 147.5 14.31
38 3521.0 3521.0 150.12 4106.0 13155.4 144.4 10.84
39 3313.0 3313.0 150.19 3886.0 12355.11 141.5 10.39
40 3173.0 3173.0 150.1 3712.0 10758.11 133.6 7.61
41 3345.0 3345.0 150.21 3886.0 12164.19 141.2 9.85
42 3386.0 3386.0 150.14 3915.0 11772.22 157.7 11.41
43 3306.0 3306.0 150.11 3898.0 12064.79 156.0 9.57
44 3496.0 3496.0 150.17 4092.0 12256.23 152.0 10.4
45 3471.0 3471.0 150.19 4007.0 12619.47 155.2 9.94
46 3285.0 3285.0 150.12 3826.0 12090.74 138.0 7.95
47 3219.0 3219.0 150.11 3693.0 11359.03 137.5 8.89
48 3478.0 3478.0 150.18 4049.0 12161.24 151.6 9.7
49 3487.0 3487.0 150.13 4073.0 12358.79 138.9 9.63
50 3464.0 3464.0 150.23 4061.0 11813.05 159.4 11.24
51 3271.0 3271.0 150.06 3805.0 11039.24 132.1 7.83
52 3227.0 3227.0 150.16 3707.0 11675.16 136.4 9.53
53 3410.0 3410.0 150.13 3972.0 11509.08 145.9 10.05
54 3263.0 3263.0 150.1 3813.0 11437.41 161.2 9.32
55 3600.0 3600.0 150.09 4240.0 12930.14 170.5 11.05
56 3580.0 3580.0 150.15 4201.0 12415.8 165.8 10.74
57 3591.0 3591.0 150.16 4162.0 12705.18 160.7 12.09
58 3518.0 3518.0 150.16 4079.0 12201.25 160.6 11.79
59 3194.0 3194.0 150.1 3754.0 11434.3 149.5 8.94
60 3295.0 3295.0 150.12 3825.0 11650.21 144.1 8.44
61 3310.0 3310.0 150.18 3853.0 11420.5 152.7 10.56
62 3511.0 3511.0 150.19 4130.0 12334.53 158.0 10.25
63 3450.0 3450.0 150.11 4015.0 13043.17 151.9 11.65
64 3373.0 3373.0 150.21 3960.0 11332.69 153.6 9.47
65 3586.0 3586.0 150.22 4199.0 13315.27 158.2 13.69
66 3515.0 3515.0 150.15 4119.0 12094.32 162.9 11.54
67 3326.0 3326.0 150.08 3874.0 11258.04 134.6 7.77
68 3234.0 3234.0 150.09 3770.0 10878.14 144.0 10.05
69 3509.0 3509.0 150.07 4134.0 12932.06 173.2 11.03
70 3414.0 3414.0 150.19 4013.0 12392.68 159.4 10.63
71 3472.0 3472.0 150.18 4050.0 11828.89 162.6 8.95
72 3517.0 3517.0 150.15 4074.0 13044.12 167.5 11.34
73 3304.0 3304.0 150.09 3875.0 11500.87 160.9 9.31
74 3178.0 3178.0 150.09 3664.0 11374.69 128.6 7.07
75 3303.0 3303.0 150.15 3819.0 12590.9 133.4 8.57
76 3511.0 3511.0 150.15 4098.0 12790.07 159.7 11.96
77 3359.0 3359.0 150.09 3920.0 12381.96 160.8 10.96
78 3338.0 3338.0 150.09 3881.0 11215.25 133.0 7.13
79 3538.0 3538.0 150.19 4156.0 13089.12 158.7 12.89
80 3430.0 3430.0 150.09 3992.0 11331.74 143.6 11.05
81 3323.0 3323.0 150.07 3860.0 10951.3 139.4 7.28
82 3367.0 3367.0 150.13 3877.0 11837.25 125.2 9.34
83 3308.0 3308.0 150.17 3865.0 12270.98 127.2 9.07
84 3431.0 3431.0 150.08 4003.0 12271.21 170.8 10.22
85 3397.0 3397.0 150.15 3945.0 11750.86 148.8 9.66
86 3450.0 3450.0 150.13 4039.0 11478.67 171.2 9.78
87 3427.0 3427.0 150.22 4015.0 11790.04 162.1 11.22
88 3276.0 3276.0 150.13 3802.0 11026.17 147.2 8.77
89 3309.0 3309.0 150.09 3822.0 10814.39 120.8 8.83
90 3719.0 3719.0 150.14 4371.0 14011.38 180.1 13.0
91 3340.0 3340.0 150.16 3888.0 11566.6 143.2 8.06
92 3444.0 3444.0 150.07 4040.0 11918.13 148.5 11.25
93 3205.0 3205.0 150.12 3713.0 12144.64 134.8 9.05
94 3344.0 3344.0 150.1 3884.0 11376.55 133.0 7.43
95 3510.0 3510.0 150.08 4125.0 12509.53 164.9 11.15
96 3378.0 3378.0 150.13 3921.0 11413.44 143.6 8.55
97 3523.0 3523.0 150.1 4130.0 12609.42 164.2 12.28
98 3185.0 3185.0 150.06 3693.0 11377.02 163.5 8.19
99 3644.0 3644.0 150.05 4244.0 12180.68 165.2 10.6
100 3395.0 3395.0 150.06 3945.0 12962.93 173.5 11.17
