1 3242.0 3268.8 150.93 3650.0 11036.44 115.3 8.59
2 3458.0 3492.5 151.0 3925.0 11457.88 132.3 7.11
3 3516.0 3564.0 151.04 3914.0 12411.82 96.9 10.03
4 3466.0 3505.5 151.37 3942.0 11520.38 118.1 8.72
5 3765.0 3821.1 151.1 4173.0 12927.96 81.2 11.93
6 3216.0 3262.5 150.78 3682.0 10680.83 123.8 7.19
7 3601.0 3653.8 151.21 3996.0 12015.83 92.7 12.28
8 3735.0 3764.4 151.18 4096.0 12502.25 82.0 13.44
9 3341.0 3394.1 150.63 3808.0 11962.47 117.7 8.5
10 3627.0 3674.3 151.7 4019.0 12767.97 90.4 11.52
11 3390.0 3416.2 150.86 3775.0 11305.04 113.7 9.79
12 3488.0 3522.7 151.0 3956.0 11501.35 116.4 9.06
13 3623.0 3675.6 150.89 3994.0 13126.41 82.1 12.18
14 3469.0 3502.0 150.95 3932.0 11922.78 111.4 9.4
15 3539.0 3576.3 150.97 3936.0 11755.83 94.2 10.08
16 3767.0 3819.2 151.07 4185.0 13191.29 85.4 11.93
17 3584.0 3629.2 151.27 4034.0 12337.99 98.3 10.37
18 3643.0 3688.3 151.3 4060.0 12291.9 95.2 11.2
19 3453.0 3489.9 150.75 3906.0 12007.84 120.0 8.52
20 3494.0 3534.8 151.07 3930.0 11979.8 109.6 9.25
21 3589.0 3660.2 150.87 4081.0 12821.03 97.5 10.65
22 3797.0 3836.3 151.14 4208.0 13515.18 83.7 11.39
23 3379.0 3399.3 150.75 3834.0 10832.06 129.0 7.04
24 3506.0 3555.5 151.08 3940.0 12007.06 94.6 10.65
25 3728.0 3795.8 151.51 4132.0 13215.07 83.2 13.0
26 3473.0 3495.7 150.67 3917.0 11890.46 114.9 9.17
27 3603.0 3650.4 151.12 4029.0 12683.37 98.8 10.53
28 3516.0 3559.2 151.42 3944.0 11395.75 103.7 9.53
29 3274.0 3322.7 150.75 3748.0 10939.28 127.9 7.91
30 3239.0 3254.4 150.8 3669.0 11521.68 115.7 9.13
31 3238.0 3286.0 150.57 3713.0 10487.24 131.9 7.28
32 3582.0 3635.9 151.27 4039.0 12218.9 97.5 10.6
33 3713.0 3766.6 151.6 4123.0 13011.9 86.6 12.0
34 3500.0 3556.3 151.11 3956.0 11377.21 100.2 10.58
35 3500.0 3555.4 150.98 3952.0 11963.06 102.1 10.12
36 3455.0 3495.8 150.86 3914.0 11802.3 120.4 8.89
37 3729.0 3805.3 150.88 4145.0 12709.4 82.4 12.84
38 3663.0 3721.1 151.09 4106.0 13155.4 91.2 11.33
39 3435.0 3467.5 150.9 3886.0 12355.11 99.8 10.66
40 3236.0 3260.5 150.76 3712.0 10758.11 127.5 7.12
41 3464.0 3489.8 151.21 3886.0 12164.19 99.6 10.02
42 3545.0 3579.9 150.8 3915.0 11772.22 96.7 10.82
43 3445.0 3474.4 150.94 3898.0 12064.79 107.2 9.17
44 3638.0 3678.5 150.92 4092.0 12256.23 96.0 10.36
45 3604.0 3645.8 150.74 4007.0 12619.47 105.2 9.32
46 3359.0 3402.4 150.86 3826.0 12090.73 124.7 7.87
47 3300.0 3330.4 150.64 3693.0 11359.03 115.4 9.87
48 3641.0 3664.9 150.79 4049.0 12161.24 104.2 9.64
49 3590.0 3636.3 150.81 4073.0 12358.79 101.5 9.91
50 3579.0 3672.1 151.38 4061.0 11813.05 92.4 11.2
51 3325.0 3360.5 150.46 3805.0 11039.24 129.9 7.62
52 3316.0 3365.9 151.4 3707.0 11675.16 105.1 9.26
53 3526.0 3553.9 150.75 3972.0 11509.08 112.3 9.54
54 3418.0 3445.9 150.78 3813.0 11437.41 104.8 8.98
55 3797.0 3845.0 151.38 4240.0 12930.14 88.7 12.73
56 3734.0 3799.8 150.92 4201.0 12415.79 94.3 10.87
57 3768.0 3838.0 152.23 4162.0 12705.18 88.3 11.97
58 3680.0 3744.5 151.42 4079.0 12201.25 84.5 11.91
59 3276.0 3319.6 150.66 3754.0 11434.29 124.9 8.45
60 3391.0 3412.3 150.78 3825.0 11650.21 117.7 8.97
61 3435.0 3463.1 151.26 3853.0 11420.5 108.9 9.42
62 3621.0 3669.9 150.61 4130.0 12334.53 107.1 9.22
63 3630.0 3667.3 150.6 4015.0 13043.17 84.5 12.75
64 3501.0 3542.3 150.32 3960.0 11332.69 104.6 9.51
65 3755.0 3796.4 150.59 4199.0 13315.27 78.6 12.06
66 3659.0 3699.8 150.82 4119.0 12094.32 94.7 10.76
67 3393.0 3434.0 150.95 3874.0 11258.04 122.2 7.86
68 3356.0 3385.9 150.79 3770.0 10878.14 107.1 10.2
69 3654.0 3721.4 150.86 4134.0 12932.06 97.1 10.28
70 3575.0 3607.0 151.23 4013.0 12392.68 96.7 10.28
71 3608.0 3638.1 150.9 4050.0 11828.89 106.7 8.89
72 3732.0 3789.8 151.08 4074.0 13044.12 80.6 11.8
73 3427.0 3484.4 151.15 3875.0 11500.87 106.8 9.46
74 3228.0 3252.2 151.26 3664.0 11374.69 126.7 7.12
75 3370.0 3411.7 151.17 3819.0 12590.9 122.0 8.51
76 3673.0 3721.4 150.98 4098.0 12790.07 94.6 11.38
77 3494.0 3544.3 151.11 3920.0 12381.96 95.9 10.47
78 3417.0 3448.5 150.81 3881.0 11215.25 129.6 7.25
79 3700.0 3747.1 150.99 4156.0 13089.12 83.7 12.98
80 3539.0 3584.9 150.97 3992.0 11331.74 102.3 10.01
81 3373.0 3418.5 150.59 3860.0 10951.3 131.6 7.13
82 3450.0 3491.6 150.79 3877.0 11837.25 108.0 9.56
83 3375.0 3419.7 151.03 3865.0 12270.98 116.6 9.11
84 3576.0 3625.1 150.53 4003.0 12271.21 106.9 9.51
85 3538.0 3574.9 151.14 3945.0 11750.86 100.0 9.77
86 3563.0 3599.0 150.91 4039.0 11478.67 116.5 9.07
87 3613.0 3648.3 151.52 4015.0 11790.04 83.6 12.27
88 3349.0 3402.0 151.08 3802.0 11026.17 116.2 8.85
89 3346.0 3379.9 150.51 3822.0 10814.39 125.7 7.64
90 3947.0 4003.1 151.04 4371.0 14011.38 81.1 12.47
91 3420.0 3453.8 150.67 3888.0 11566.6 121.9 8.65
92 3573.0 3639.4 150.97 4040.0 11918.13 94.7 11.47
93 3284.0 3312.3 150.82 3713.0 12144.64 120.2 8.8
94 3398.0 3427.7 150.61 3884.0 11376.55 132.8 7.29
95 3681.0 3731.2 151.31 4125.0 12509.53 88.1 11.56
96 3456.0 3507.3 150.81 3921.0 11413.44 117.5 8.88
97 3705.0 3745.9 150.58 4130.0 12609.42 90.0 11.74
98 3255.0 3317.8 150.48 3693.0 11377.02 128.6 8.17
99 3813.0 3856.3 150.51 4244.0 12180.68 102.1 10.5
100 3554.0 3589.1 150.62 3945.0 12962.93 95.2 10.82
