1 3138.0 3143.2 150.08 3650.0 11036.44 366.7 8.63
2 3370.0 3375.3 150.07 3925.0 11457.88 381.6 7.04
3 3370.0 3372.1 150.11 3914.0 12411.82 417.8 10.43
4 3370.0 3376.1 150.12 3942.0 11520.38 433.4 9.1
5 3550.0 3555.7 150.15 4173.0 12927.96 478.9 12.33
6 3179.0 3180.9 150.05 3682.0 10680.83 336.5 7.6
7 3430.0 3437.0 150.15 3996.0 12015.83 463.9 11.43
8 3480.0 3487.7 150.12 4096.0 12502.25 507.3 13.88
9 3245.0 3249.8 150.07 3808.0 11962.47 374.2 8.53
10 3439.0 3442.5 150.09 4019.0 12767.97 454.0 11.87
11 3283.0 3291.6 150.09 3775.0 11305.04 434.1 10.3
12 3392.0 3396.0 150.09 3956.0 11501.35 400.9 8.56
13 3422.0 3426.0 150.08 3994.0 13126.41 495.9 11.98
14 3362.0 3367.8 150.09 3932.0 11922.78 441.3 9.56
15 3368.0 3373.0 150.09 3936.0 11755.83 408.3 10.42
16 3585.0 3593.2 150.12 4185.0 13191.29 409.1 11.92
17 3456.0 3459.5 150.08 4034.0 12337.99 397.2 10.36
18 3502.0 3506.4 150.07 4060.0 12291.9 363.7 10.58
19 3394.0 3398.7 150.07 3906.0 12007.84 326.3 8.62
20 3376.0 3379.7 150.17 3930.0 11979.8 420.1 9.82
21 3481.0 3487.3 150.1 4081.0 12821.03 376.3 10.7
22 3581.0 3586.4 150.13 4208.0 13515.18 461.0 12.05
23 3286.0 3290.0 150.07 3834.0 10832.06 366.6 7.66
24 3352.0 3355.9 150.1 3940.0 12007.06 440.1 11.72
25 3552.0 3556.7 150.09 4132.0 13215.07 457.5 11.86
26 3367.0 3371.3 150.04 3917.0 11890.46 353.8 8.92
27 3458.0 3465.4 150.13 4029.0 12683.37 397.2 10.37
28 3391.0 3395.9 150.11 3944.0 11395.75 370.1 9.83
29 3207.0 3209.3 150.11 3748.0 10939.28 384.4 7.61
30 3138.0 3143.9 150.09 3669.0 11521.68 399.5 8.69
31 3189.0 3194.7 150.07 3713.0 10487.24 388.8 7.25
32 3466.0 3471.0 150.06 4039.0 12218.9 375.1 10.83
33 3548.0 3554.3 150.11 4123.0 13011.9 379.7 11.86
34 3377.0 3383.0 150.11 3956.0 11377.21 398.8 9.93
35 3389.0 3393.5 150.11 3952.0 11963.06 416.8 9.9
36 3389.0 3393.4 150.03 3914.0 11802.3 415.0 9.79
37 3567.0 3573.5 150.14 4145.0 12709.4 397.4 12.55
38 3521.0 3527.7 150.13 4106.0 13155.4 434.4 11.11
39 3313.0 3313.6 150.12 3886.0 12355.11 387.3 10.47
40 3173.0 3178.3 150.07 3712.0 10758.11 424.0 7.14
41 3345.0 3350.7 150.09 3886.0 12164.19 370.7 9.49
42 3386.0 3389.8 150.08 3915.0 11772.22 462.0 11.73
43 3306.0 3307.9 150.11 3898.0 12064.79 430.4 9.32
44 3496.0 3502.6 150.14 4092.0 12256.23 450.5 10.72
45 3471.0 3476.9 150.09 4007.0 12619.47 460.3 10.04
46 3285.0 3296.1 150.09 3826.0 12090.74 398.0 7.69
47 3221.0 3227.8 150.09 3693.0 11359.03 426.4 8.5
48 3478.0 3482.5 150.07 4049.0 12161.24 399.6 9.89
49 3487.0 3491.9 150.14 4073.0 12358.79 422.3 9.95
50 3464.0 3468.4 150.17 4061.0 11813.05 499.1 11.24
51 3271.0 3279.6 150.08 3805.0 11039.24 357.7 8.15
52 3227.0 3233.9 150.1 3707.0 11675.16 365.5 9.08
53 3410.0 3414.6 150.09 3972.0 11509.08 354.9 9.87
54 3263.0 3267.8 150.16 3813.0 11437.41 402.8 9.46
55 3600.0 3604.3 150.11 4240.0 12930.14 504.8 11.79
56 3580.0 3582.8 150.11 4201.0 12415.8 474.2 10.28
57 3591.0 3593.9 150.1 4162.0 12705.18 433.7 11.89
58 3517.0 3520.7 150.13 4079.0 12201.24 437.1 12.18
59 3194.0 3200.6 150.1 3754.0 11434.29 394.8 8.88
60 3295.0 3300.9 150.07 3825.0 11650.21 371.5 8.63
61 3310.0 3313.8 150.14 3853.0 11420.5 408.9 9.17
62 3511.0 3516.1 150.07 4130.0 12334.53 389.2 9.18
63 3450.0 3454.5 150.12 4015.0 13043.17 393.0 12.0
64 3373.0 3382.5 150.14 3960.0 11332.69 418.5 9.54
65 3586.0 3591.6 150.09 4199.0 13315.27 419.8 13.47
66 3515.0 3523.3 150.11 4119.0 12094.32 445.4 10.48
67 3326.0 3329.6 150.07 3874.0 11258.04 350.1 8.44
68 3234.0 3236.3 150.07 3770.0 10878.14 422.4 9.92
69 3509.0 3518.4 150.15 4134.0 12932.06 438.4 10.11
70 3414.0 3416.4 150.19 4013.0 12392.68 426.1 10.18
71 3472.0 3477.6 150.09 4050.0 11828.89 419.0 10.02
72 3517.0 3521.7 150.11 4074.0 13044.12 522.8 14.55
73 3304.0 3307.7 150.14 3875.0 11500.87 453.4 10.06
74 3178.0 3181.0 150.08 3664.0 11374.69 346.6 7.1
75 3303.0 3310.7 150.11 3819.0 12590.9 334.9 8.74
76 3511.0 3514.6 150.11 4098.0 12790.07 476.1 10.81
77 3359.0 3363.6 150.09 3920.0 12381.96 445.8 10.8
78 3338.0 3345.3 150.05 3881.0 11215.25 351.0 7.15
79 3538.0 3545.0 150.12 4156.0 13089.12 493.1 13.2
80 3430.0 3434.9 150.12 3992.0 11331.74 348.3 11.51
81 3323.0 3327.2 150.05 3860.0 10951.3 401.9 7.31
82 3367.0 3376.4 150.1 3877.0 11837.25 404.4 9.42
83 3308.0 3312.2 150.07 3865.0 12270.98 345.8 8.67
84 3431.0 3439.5 150.08 4003.0 12271.21 435.3 9.88
85 3397.0 3404.2 150.13 3945.0 11750.86 443.3 9.6
86 3450.0 3454.7 150.07 4039.0 11478.67 432.1 8.81
87 3427.0 3432.0 150.09 4015.0 11790.04 477.2 12.88
88 3276.0 3282.0 150.1 3802.0 11026.17 384.8 8.77
89 3309.0 3314.2 150.08 3822.0 10814.39 298.8 8.61
90 3719.0 3725.3 150.1 4371.0 14011.38 457.4 12.4
91 3340.0 3345.3 150.08 3888.0 11566.6 400.2 8.21
92 3444.0 3447.5 150.07 4040.0 11918.13 460.4 11.48
93 3205.0 3209.4 150.05 3713.0 12144.64 365.9 9.15
94 3344.0 3346.8 150.08 3884.0 11376.55 343.9 7.28
95 3510.0 3514.8 150.09 4125.0 12509.53 435.9 12.35
96 3378.0 3382.9 150.07 3921.0 11413.44 346.6 8.23
97 3523.0 3526.8 150.06 4130.0 12609.42 494.9 10.86
98 3185.0 3190.5 150.05 3693.0 11377.02 443.4 8.24
99 3644.0 3648.6 150.05 4244.0 12180.68 428.2 10.55
100 3395.0 3397.7 150.03 3945.0 12962.93 431.7 10.96
