1 3395.0 3444.3 153.85 3650.0 11036.44 28.7 8.32
2 3624.0 3680.3 153.42 3925.0 11457.88 32.6 6.98
3 3676.0 3719.5 154.41 3914.0 12411.82 23.8 11.14
4 3662.0 3699.6 153.41 3942.0 11520.38 28.4 8.61
5 3943.0 3973.5 152.52 4173.0 12927.96 19.3 12.27
6 3391.0 3442.0 153.07 3682.0 10680.83 30.3 7.36
7 3818.0 3838.6 153.68 3996.0 12015.83 22.1 10.86
8 3869.0 3932.5 154.73 4096.0 12502.25 19.3 12.88
9 3549.0 3589.3 152.28 3808.0 11962.47 29.4 8.9
10 3805.0 3853.0 153.94 4019.0 12767.97 22.0 10.94
11 3566.0 3594.9 153.11 3775.0 11305.04 27.4 9.61
12 3680.0 3720.5 152.75 3956.0 11501.35 27.3 9.38
13 3810.0 3844.5 154.12 3994.0 13126.41 20.1 11.39
14 3638.0 3693.0 152.78 3932.0 11922.78 28.0 9.3
15 3711.0 3732.1 152.87 3936.0 11755.83 24.3 10.11
16 3946.0 3996.2 154.98 4185.0 13191.29 20.8 12.02
17 3809.0 3849.2 153.24 4034.0 12337.99 23.2 11.16
18 3820.0 3854.9 155.22 4060.0 12291.9 23.1 11.23
19 3660.0 3695.2 152.6 3906.0 12007.84 27.7 8.97
20 3693.0 3733.3 153.35 3930.0 11979.8 25.7 9.49
21 3785.0 3848.2 152.57 4081.0 12821.03 24.1 10.39
22 3977.0 4010.5 154.02 4208.0 13515.18 20.4 11.96
23 3530.0 3584.7 152.18 3834.0 10832.06 31.3 7.39
24 3692.0 3734.5 153.22 3940.0 12007.06 21.6 10.74
25 3910.0 3981.0 154.75 4132.0 13215.07 20.3 11.98
26 3631.0 3687.5 152.87 3917.0 11890.46 27.1 9.59
27 3813.0 3837.3 154.34 4029.0 12683.37 24.4 10.71
28 3703.0 3738.1 152.63 3944.0 11395.75 25.1 9.96
29 3433.0 3499.7 153.42 3748.0 10939.28 31.5 7.69
30 3403.0 3443.5 152.41 3669.0 11521.68 28.0 8.99
31 3418.0 3468.3 151.82 3713.0 10487.24 32.0 7.75
32 3787.0 3825.0 153.28 4039.0 12218.9 23.2 10.93
33 3902.0 3943.6 153.51 4123.0 13011.9 21.3 11.79
34 3715.0 3745.8 153.71 3956.0 11377.21 24.7 10.63
35 3680.0 3723.6 153.0 3952.0 11963.06 24.3 10.46
36 3658.0 3691.4 152.87 3914.0 11802.3 29.0 9.6
37 3909.0 3966.1 153.42 4145.0 12709.4 19.5 12.67
38 3853.0 3908.3 152.51 4106.0 13155.4 22.5 11.27
39 3630.0 3657.9 153.56 3886.0 12355.11 24.3 11.62
40 3426.0 3463.8 151.8 3712.0 10758.11 32.0 7.54
41 3684.0 3697.0 154.5 3886.0 12164.19 24.8 9.51
42 3739.0 3766.0 153.13 3915.0 11772.22 22.5 11.03
43 3656.0 3677.6 153.79 3898.0 12064.79 25.6 9.79
44 3812.0 3874.1 153.32 4092.0 12256.23 23.2 11.19
45 3811.0 3831.7 153.21 4007.0 12619.47 25.7 9.31
46 3551.0 3586.2 152.8 3826.0 12090.74 30.5 7.7
47 3523.0 3546.4 153.45 3693.0 11359.03 28.1 10.04
48 3782.0 3861.2 153.36 4049.0 12161.24 25.3 10.24
49 3772.0 3825.4 153.52 4073.0 12358.79 24.7 9.63
50 3814.0 3846.5 152.59 4061.0 11813.05 22.0 10.85
51 3532.0 3563.7 151.88 3805.0 11039.24 32.0 7.95
52 3510.0 3546.4 152.37 3707.0 11675.16 24.5 9.83
53 3718.0 3755.3 152.23 3972.0 11509.08 27.0 9.83
54 3580.0 3624.3 151.99 3813.0 11437.41 26.9 9.28
55 3969.0 4038.7 152.68 4240.0 12930.14 20.4 11.57
56 3912.0 3982.9 153.17 4201.0 12415.79 22.9 11.03
57 3984.0 4028.4 154.22 4162.0 12705.18 20.1 12.38
58 3869.0 3921.3 153.02 4079.0 12201.24 20.8 12.04
59 3477.0 3504.4 152.1 3754.0 11434.3 30.7 9.24
60 3584.0 3613.6 153.0 3825.0 11650.21 28.3 9.42
61 3623.0 3663.4 153.76 3853.0 11420.5 25.2 9.4
62 3825.0 3894.0 154.24 4130.0 12334.53 25.9 9.62
63 3774.0 3820.0 153.05 4015.0 13043.17 21.5 12.43
64 3698.0 3725.5 152.41 3960.0 11332.69 25.3 10.34
65 3923.0 3987.5 154.09 4199.0 13315.27 19.4 12.79
66 3870.0 3889.6 153.29 4119.0 12094.32 23.0 10.61
67 3602.0 3640.6 152.45 3874.0 11258.04 31.0 8.39
68 3542.0 3572.1 152.4 3770.0 10878.14 26.1 10.49
69 3867.0 3900.8 153.17 4134.0 12932.06 23.2 10.66
70 3774.0 3795.5 153.5 4013.0 12392.68 22.5 10.26
71 3813.0 3852.3 152.29 4050.0 11828.89 25.7 10.02
72 3922.0 3947.2 152.81 4074.0 13044.12 19.5 13.93
73 3598.0 3662.2 152.94 3875.0 11500.87 26.5 9.87
74 3414.0 3453.8 152.93 3664.0 11374.69 31.0 7.17
75 3544.0 3611.7 154.24 3819.0 12590.9 29.8 8.44
76 3856.0 3896.9 153.65 4098.0 12790.07 23.5 11.21
77 3693.0 3727.6 154.02 3920.0 12381.96 22.7 11.21
78 3613.0 3647.4 152.85 3881.0 11215.25 32.7 7.36
79 3917.0 3941.3 154.48 4156.0 13089.12 19.7 12.15
80 3715.0 3779.8 154.24 3992.0 11331.74 25.1 12.38
81 3561.0 3604.4 151.38 3860.0 10951.3 32.6 7.63
82 3660.0 3679.7 154.31 3877.0 11837.25 25.8 10.15
83 3590.0 3621.0 152.8 3865.0 12270.98 28.4 8.43
84 3799.0 3841.6 152.33 4003.0 12271.21 25.2 9.94
85 3720.0 3770.7 152.99 3945.0 11750.86 23.5 10.95
86 3796.0 3813.4 153.61 4039.0 11478.67 28.8 8.97
87 3798.0 3832.3 153.83 4015.0 11790.04 20.8 11.37
88 3574.0 3591.8 152.96 3802.0 11026.17 28.2 9.58
89 3536.0 3589.2 153.05 3822.0 10814.39 30.9 8.56
90 4142.0 4185.3 153.68 4371.0 14011.38 20.0 13.01
91 3588.0 3648.6 152.52 3888.0 11566.6 30.1 8.37
92 3774.0 3811.5 153.47 4040.0 11918.13 23.1 11.43
93 3484.0 3510.6 152.95 3713.0 12144.64 28.3 9.99
94 3602.0 3636.5 152.92 3884.0 11376.55 32.2 7.74
95 3879.0 3910.9 152.59 4125.0 12509.53 21.8 11.54
96 3605.0 3700.0 152.18 3921.0 11413.44 27.6 8.68
97 3884.0 3935.5 152.97 4130.0 12609.42 22.2 11.69
98 3498.0 3529.8 152.58 3693.0 11377.02 30.9 9.12
99 4017.0 4035.4 152.37 4244.0 12180.68 24.3 10.68
100 3729.0 3762.6 152.3 3945.0 12962.93 23.7 10.82
