1 3138.0 3139.5 150.13 3650.0 11036.44 211.5 8.13
2 3370.0 3373.8 150.08 3925.0 11457.88 298.4 7.1
3 3370.0 3373.1 150.17 3914.0 12411.82 270.6 10.67
4 3370.0 3376.4 150.13 3942.0 11520.38 216.0 8.62
5 3551.0 3555.5 150.17 4173.0 12927.96 294.7 14.05
6 3179.0 3180.1 150.08 3682.0 10680.83 191.4 7.61
7 3430.0 3433.7 150.1 3996.0 12015.83 301.0 10.9
8 3480.0 3486.5 150.16 4096.0 12502.25 337.4 13.13
9 3245.0 3250.6 150.08 3808.0 11962.47 244.9 8.5
10 3439.0 3445.4 150.13 4019.0 12767.97 269.5 10.79
11 3283.0 3285.8 150.1 3775.0 11305.04 206.2 9.73
12 3392.0 3397.8 150.16 3956.0 11501.35 276.9 8.82
13 3422.0 3424.0 150.11 3994.0 13126.41 249.9 13.26
14 3362.0 3369.3 150.11 3932.0 11922.78 364.1 9.43
15 3368.0 3371.9 150.08 3936.0 11755.83 243.4 9.9
16 3585.0 3587.0 150.18 4185.0 13191.29 285.4 12.05
17 3456.0 3459.6 150.11 4034.0 12337.99 237.2 11.14
18 3502.0 3507.4 150.13 4060.0 12291.89 205.5 11.55
19 3394.0 3399.8 150.07 3906.0 12007.84 303.8 8.48
20 3376.0 3376.9 150.1 3930.0 11979.8 261.7 9.21
21 3481.0 3485.8 150.12 4081.0 12821.03 228.6 10.94
22 3581.0 3587.5 150.1 4208.0 13515.18 304.6 11.71
23 3286.0 3291.6 150.08 3834.0 10832.06 261.7 7.37
24 3352.0 3355.6 150.07 3940.0 12007.06 413.5 10.82
25 3552.0 3556.0 150.09 4132.0 13215.07 308.4 11.61
26 3367.0 3369.3 150.11 3917.0 11890.46 199.5 9.6
27 3458.0 3462.0 150.15 4029.0 12683.37 239.2 11.51
28 3391.0 3393.8 150.15 3944.0 11395.75 253.6 10.01
29 3207.0 3210.9 150.12 3748.0 10939.28 303.3 7.16
30 3138.0 3139.7 150.08 3669.0 11521.68 307.3 8.59
31 3189.0 3194.7 150.05 3713.0 10487.24 214.7 7.2
32 3466.0 3472.4 150.12 4039.0 12218.9 305.4 11.45
33 3548.0 3551.3 150.21 4123.0 13011.9 319.9 11.85
34 3377.0 3385.3 150.11 3956.0 11377.21 338.4 10.67
35 3389.0 3392.9 150.12 3952.0 11963.06 237.3 9.46
36 3389.0 3393.3 150.08 3914.0 11802.3 235.6 9.04
37 3567.0 3568.6 150.1 4145.0 12709.4 267.3 13.2
38 3521.0 3524.3 150.12 4106.0 13155.4 274.1 10.82
39 3313.0 3315.8 150.11 3886.0 12355.12 225.4 12.11
40 3173.0 3175.3 150.07 3712.0 10758.11 355.9 7.07
41 3344.0 3348.6 150.1 3886.0 12164.19 220.8 9.5
42 3386.0 3393.7 150.09 3915.0 11772.22 257.7 12.07
43 3306.0 3308.7 150.1 3898.0 12064.79 238.3 9.34
44 3496.0 3499.6 150.17 4092.0 12256.23 269.1 10.16
45 3471.0 3473.3 150.14 4007.0 12619.47 254.7 9.16
46 3285.0 3286.5 150.07 3826.0 12090.74 263.2 8.27
47 3219.0 3220.3 150.08 3693.0 11359.03 200.8 9.3
48 3478.0 3479.6 150.12 4049.0 12161.24 379.8 9.27
49 3487.0 3491.4 150.12 4073.0 12358.79 323.2 9.44
50 3464.0 3468.4 150.12 4061.0 11813.05 331.4 12.75
51 3271.0 3279.8 150.07 3805.0 11039.24 284.3 7.88
52 3227.0 3232.9 150.1 3707.0 11675.16 200.7 9.61
53 3410.0 3414.0 150.13 3972.0 11509.08 216.2 9.97
54 3263.0 3265.8 150.13 3813.0 11437.41 253.9 9.92
55 3600.0 3601.6 150.13 4240.0 12930.14 275.5 10.94
56 3580.0 3584.0 150.1 4201.0 12415.8 244.2 10.71
57 3591.0 3592.7 150.16 4162.0 12705.18 284.5 13.12
58 3517.0 3520.3 150.12 4079.0 12201.24 235.9 11.46
59 3194.0 3197.1 150.08 3754.0 11434.29 343.3 8.56
60 3295.0 3299.0 150.08 3825.0 11650.21 228.3 8.4
61 3310.0 3315.4 150.07 3853.0 11420.5 247.4 9.63
62 3511.0 3515.2 150.13 4130.0 12334.53 317.5 10.42
63 3450.0 3450.8 150.12 4015.0 13043.17 244.7 11.98
64 3372.0 3374.5 150.09 3960.0 11332.69 299.1 9.95
65 3586.0 3587.9 150.19 4199.0 13315.27 276.8 13.48
66 3515.0 3517.3 150.18 4119.0 12094.32 273.9 10.33
67 3326.0 3328.9 150.15 3874.0 11258.04 231.4 8.04
68 3234.0 3239.2 150.1 3770.0 10878.14 380.7 10.08
69 3509.0 3510.3 150.07 4134.0 12932.06 316.4 10.58
70 3414.0 3417.1 150.18 4013.0 12392.68 243.0 11.6
71 3472.0 3476.7 150.09 4050.0 11828.89 233.3 9.13
72 3517.0 3520.9 150.06 4074.0 13044.12 268.4 13.72
73 3304.0 3307.0 150.18 3875.0 11500.87 309.3 9.71
74 3178.0 3182.6 150.1 3664.0 11374.69 224.6 7.25
75 3303.0 3307.6 150.09 3819.0 12590.9 212.6 8.82
76 3511.0 3517.0 150.09 4098.0 12790.07 408.4 10.45
77 3359.0 3363.3 150.09 3920.0 12381.96 312.4 11.15
78 3338.0 3340.0 150.07 3881.0 11215.25 228.4 7.64
79 3538.0 3541.5 150.13 4156.0 13089.12 238.3 12.34
80 3430.0 3432.3 150.14 3992.0 11331.74 203.4 10.93
81 3322.0 3324.4 150.11 3860.0 10951.3 211.3 7.4
82 3367.0 3372.8 150.14 3877.0 11837.25 271.5 9.31
83 3308.0 3312.0 150.1 3865.0 12270.98 289.0 8.69
84 3431.0 3437.3 150.09 4003.0 12271.21 294.6 10.32
85 3397.0 3401.3 150.12 3945.0 11750.86 345.2 9.85
86 3450.0 3452.2 150.09 4039.0 11478.67 418.4 8.81
87 3427.0 3432.2 150.13 4015.0 11790.04 237.8 12.16
88 3276.0 3278.0 150.12 3802.0 11026.17 248.9 8.97
89 3309.0 3311.0 150.05 3822.0 10814.39 275.1 7.83
90 3719.0 3720.7 150.1 4371.0 14011.38 313.9 12.41
91 3340.0 3347.8 150.07 3888.0 11566.6 347.3 8.03
92 3444.0 3447.2 150.09 4040.0 11918.13 345.3 11.38
93 3205.0 3205.9 150.14 3713.0 12144.64 264.1 9.66
94 3344.0 3346.1 150.08 3884.0 11376.55 306.7 7.62
95 3510.0 3513.6 150.14 4125.0 12509.53 286.9 11.88
96 3378.0 3380.9 150.11 3921.0 11413.44 291.2 8.88
97 3523.0 3525.2 150.09 4130.0 12609.42 277.0 10.6
98 3185.0 3187.9 150.06 3693.0 11377.02 377.9 8.07
99 3644.0 3647.7 150.08 4244.0 12180.68 295.5 10.49
100 3395.0 3399.4 150.06 3945.0 12962.93 233.7 11.06
