1 3138.0 3138.0 150.14 3650.0 11036.44 163.2 8.25
2 3370.0 3370.0 150.11 3925.0 11457.88 209.5 7.48
3 3370.0 3370.0 150.25 3914.0 12411.82 172.2 9.99
4 3370.0 3370.0 150.14 3942.0 11520.38 159.9 8.77
5 3550.0 3550.8 150.21 4173.0 12927.96 232.1 12.57
6 3179.0 3179.2 150.11 3682.0 10680.83 138.8 7.51
7 3430.0 3431.8 150.11 3996.0 12015.83 189.8 12.3
8 3479.0 3480.8 150.16 4096.0 12502.25 225.2 12.76
9 3245.0 3245.0 150.14 3808.0 11962.47 168.0 8.52
10 3439.0 3439.0 150.18 4019.0 12767.97 195.8 12.04
11 3283.0 3283.0 150.21 3775.0 11305.04 142.1 9.77
12 3392.0 3392.0 150.25 3956.0 11501.35 151.5 8.54
13 3422.0 3422.0 150.21 3994.0 13126.41 178.5 12.87
14 3362.0 3363.5 150.12 3932.0 11922.78 147.2 9.42
15 3368.0 3368.0 150.17 3936.0 11755.83 175.6 10.57
16 3585.0 3585.3 150.16 4185.0 13191.29 192.5 11.89
17 3456.0 3456.0 150.12 4034.0 12337.99 170.7 11.06
18 3502.0 3502.1 150.18 4060.0 12291.9 148.7 11.19
19 3394.0 3394.0 150.16 3906.0 12007.84 139.5 8.91
20 3376.0 3376.4 150.15 3930.0 11979.8 174.3 9.32
21 3481.0 3481.0 150.19 4081.0 12821.03 159.0 11.23
22 3581.0 3581.0 150.11 4208.0 13515.18 194.6 11.54
23 3286.0 3286.3 150.09 3834.0 10832.06 165.1 7.84
24 3352.0 3352.3 150.17 3940.0 12007.06 174.1 11.26
25 3552.0 3552.3 150.17 4132.0 13215.07 193.7 11.83
26 3367.0 3367.0 150.15 3917.0 11890.46 155.5 9.06
27 3458.0 3458.0 150.19 4029.0 12683.37 189.9 10.48
28 3391.0 3391.0 150.16 3944.0 11395.75 158.3 10.34
29 3207.0 3207.0 150.14 3748.0 10939.28 159.8 7.13
30 3138.0 3138.0 150.15 3669.0 11521.68 179.7 10.58
31 3189.0 3189.0 150.13 3713.0 10487.24 192.3 7.19
32 3466.0 3466.2 150.16 4039.0 12218.9 165.9 11.25
33 3548.0 3548.0 150.22 4123.0 13011.9 163.5 12.56
34 3377.0 3379.5 150.2 3956.0 11377.21 170.9 9.5
35 3387.0 3388.8 150.18 3952.0 11963.06 162.9 9.56
36 3389.0 3389.0 150.15 3914.0 11802.3 146.6 8.54
37 3567.0 3567.0 150.16 4145.0 12709.4 163.1 13.31
38 3521.0 3521.0 150.1 4106.0 13155.4 157.6 11.52
39 3313.0 3313.0 150.15 3886.0 12355.11 146.2 11.05
40 3173.0 3173.4 150.12 3712.0 10758.11 149.8 7.35
41 3345.0 3345.0 150.12 3886.0 12164.19 158.1 9.89
42 3386.0 3386.0 150.17 3915.0 11772.22 160.5 10.53
43 3306.0 3306.1 150.16 3898.0 12064.79 187.7 9.58
44 3496.0 3496.0 150.16 4092.0 12256.23 159.2 10.1
45 3471.0 3472.9 150.23 4007.0 12619.47 165.8 9.87
46 3285.0 3286.0 150.14 3826.0 12090.73 154.5 7.51
47 3219.0 3219.0 150.12 3693.0 11359.03 148.5 8.72
48 3478.0 3478.3 150.13 4049.0 12161.24 165.6 9.53
49 3487.0 3487.7 150.13 4073.0 12358.79 152.8 9.5
50 3464.0 3464.2 150.17 4061.0 11813.05 176.6 12.64
51 3271.0 3271.1 150.11 3805.0 11039.24 142.6 7.73
52 3227.0 3227.0 150.25 3707.0 11675.16 180.9 9.96
53 3410.0 3410.2 150.15 3972.0 11509.08 155.7 10.34
54 3263.0 3263.4 150.18 3813.0 11437.41 169.4 9.55
55 3600.0 3600.1 150.18 4240.0 12930.14 188.4 10.92
56 3580.0 3580.0 150.17 4201.0 12415.8 186.1 10.01
57 3591.0 3591.0 150.28 4162.0 12705.18 176.0 12.25
58 3518.0 3518.9 150.19 4079.0 12201.24 176.3 13.36
59 3194.0 3194.0 150.16 3754.0 11434.3 171.5 8.32
60 3295.0 3295.0 150.12 3825.0 11650.21 150.7 8.56
61 3310.0 3310.0 150.15 3853.0 11420.5 182.3 9.46
62 3511.0 3512.4 150.22 4130.0 12334.53 166.6 9.45
63 3450.0 3450.1 150.16 4015.0 13043.17 163.6 12.38
64 3373.0 3373.1 150.1 3960.0 11332.69 165.1 9.93
65 3586.0 3586.0 150.22 4199.0 13315.27 175.2 12.47
66 3515.0 3515.0 150.11 4119.0 12094.32 176.8 10.66
67 3326.0 3326.9 150.11 3874.0 11258.04 165.6 8.04
68 3234.0 3234.0 150.12 3770.0 10878.14 156.9 10.21
69 3509.0 3510.1 150.14 4134.0 12932.06 189.1 10.53
70 3414.0 3414.0 150.12 4013.0 12392.68 179.2 10.44
71 3472.0 3472.6 150.16 4050.0 11828.89 184.0 9.24
72 3517.0 3517.0 150.14 4074.0 13044.12 178.6 12.35
73 3304.0 3304.0 150.14 3875.0 11500.87 181.3 9.92
74 3178.0 3178.0 150.1 3664.0 11374.69 128.3 7.07
75 3303.0 3304.5 150.17 3819.0 12590.9 165.7 9.03
76 3511.0 3511.1 150.18 4098.0 12790.07 194.1 11.88
77 3359.0 3359.0 150.11 3920.0 12381.96 163.5 10.45
78 3338.0 3338.0 150.11 3881.0 11215.25 145.5 7.53
79 3538.0 3538.0 150.11 4156.0 13089.12 173.0 12.92
80 3430.0 3431.0 150.15 3992.0 11331.74 209.9 9.93
81 3322.0 3323.8 150.11 3860.0 10951.3 179.4 7.18
82 3367.0 3367.0 150.13 3877.0 11837.25 140.9 10.44
83 3308.0 3308.0 150.13 3865.0 12270.98 143.5 8.82
84 3431.0 3431.0 150.15 4003.0 12271.21 204.6 9.56
85 3397.0 3397.0 150.13 3945.0 11750.86 172.0 10.25
86 3450.0 3450.0 150.1 4039.0 11478.67 175.3 8.71
87 3427.0 3427.0 150.13 4015.0 11790.04 180.9 11.36
88 3276.0 3276.1 150.13 3802.0 11026.17 156.4 9.3
89 3309.0 3309.0 150.1 3822.0 10814.39 126.4 8.47
90 3719.0 3720.6 150.1 4371.0 14011.38 182.5 12.93
91 3340.0 3340.0 150.11 3888.0 11566.6 173.6 8.38
92 3444.0 3444.0 150.16 4040.0 11918.13 174.2 11.09
93 3205.0 3205.0 150.13 3713.0 12144.64 147.5 9.61
94 3344.0 3344.0 150.12 3884.0 11376.55 138.8 7.62
95 3510.0 3510.0 150.13 4125.0 12509.53 183.4 11.25
96 3378.0 3378.0 150.12 3921.0 11413.44 151.9 8.82
97 3523.0 3523.0 150.14 4130.0 12609.42 180.0 12.82
98 3185.0 3185.0 150.1 3693.0 11377.02 183.4 8.13
99 3644.0 3644.0 150.09 4244.0 12180.68 185.5 10.68
100 3395.0 3395.0 150.08 3945.0 12962.93 178.2 10.78
