1 308.0 308.0 20.01 333.0 525.96 51.3 0.07
2 277.0 277.0 20.01 291.0 477.67 27.7 0.05
3 285.0 285.0 20.01 303.0 496.77 21.3 0.06
4 288.0 288.0 20.01 310.0 518.2 61.0 0.1
5 282.0 282.6 20.01 306.0 509.97 58.4 0.08
6 305.0 305.0 20.01 317.0 500.65 22.4 0.06
7 288.0 288.1 20.01 305.0 519.49 52.3 0.08
8 256.0 256.0 20.01 264.0 451.45 32.2 0.06
9 277.0 277.0 20.01 286.0 466.87 35.5 0.04
10 316.0 316.0 20.01 337.0 553.73 53.4 0.05
11 304.0 304.0 20.02 325.0 531.28 34.7 0.07
12 286.0 286.0 20.03 309.0 482.83 39.1 0.07
13 266.0 266.0 20.02 281.0 483.84 29.2 0.07
14 269.0 269.0 20.02 278.0 477.62 27.3 0.05
15 275.0 275.0 20.02 289.0 490.93 36.9 0.06
16 295.0 295.0 20.02 318.0 533.9 59.1 0.07
17 262.0 262.0 20.02 284.0 465.28 50.4 0.07
18 253.0 253.0 20.01 273.0 439.25 37.9 0.05
19 244.0 244.0 20.01 265.0 442.61 50.4 0.05
20 286.0 286.0 20.01 308.0 504.12 58.1 0.07
21 292.0 292.0 20.02 306.0 517.88 32.2 0.08
22 237.0 237.0 20.01 250.0 404.94 30.6 0.07
23 276.0 276.4 20.03 286.0 454.92 43.8 0.05
24 294.0 294.0 20.03 302.0 530.81 17.1 0.07
25 238.0 238.0 20.02 248.0 417.52 22.5 0.06
26 295.0 295.0 20.01 315.0 493.81 26.7 0.06
27 302.0 302.0 20.01 317.0 565.11 35.7 0.07
28 288.0 288.2 20.02 317.0 519.51 33.7 0.07
29 298.0 298.0 20.02 322.0 548.62 31.4 0.07
30 299.0 300.8 20.02 331.0 527.46 141.8 0.06
31 265.0 265.0 20.02 285.0 460.8 53.1 0.07
32 329.0 329.0 20.01 335.0 510.85 20.2 0.06
33 309.0 309.0 20.04 335.0 550.65 65.6 0.07
34 312.0 312.2 20.03 334.0 567.2 35.8 0.07
35 285.0 285.1 20.02 306.0 511.67 79.9 0.07
36 265.0 265.0 20.02 281.0 461.33 26.3 0.05
37 276.0 276.4 20.03 294.0 500.16 92.2 0.08
38 249.0 249.0 20.02 263.0 421.1 19.0 0.07
39 276.0 276.7 20.01 306.0 491.28 223.6 0.06
40 260.0 260.6 20.01 279.0 470.56 208.5 0.09
41 289.0 289.0 20.02 305.0 469.27 68.7 0.06
42 297.0 297.0 20.02 321.0 517.62 30.9 0.09
43 297.0 297.0 20.01 318.0 552.83 30.2 0.08
44 270.0 270.0 20.01 281.0 491.92 15.1 0.06
45 322.0 322.0 20.01 345.0 572.65 38.1 0.07
46 243.0 243.0 20.02 250.0 438.66 23.5 0.06
47 323.0 323.0 20.01 345.0 534.86 28.4 0.07
48 297.0 301.2 20.01 329.0 547.32 121.6 0.07
49 268.0 268.0 20.01 288.0 479.24 44.5 0.05
50 295.0 295.1 20.01 319.0 500.25 73.5 0.06
51 280.0 280.1 20.01 306.0 496.38 95.5 0.08
52 344.0 344.0 20.02 360.0 591.65 53.4 0.08
53 282.0 282.0 20.01 307.0 529.94 93.0 0.06
54 272.0 272.0 20.02 291.0 445.05 46.5 0.05
55 304.0 304.2 20.02 316.0 493.62 39.9 0.04
56 288.0 288.0 20.01 305.0 497.94 26.7 0.04
57 259.0 259.0 20.02 277.0 484.05 36.0 0.06
58 336.0 336.1 20.03 359.0 576.1 46.0 0.06
59 284.0 284.0 20.02 294.0 483.06 22.0 0.07
60 256.0 256.0 20.02 265.0 473.9 25.7 0.07
61 308.0 308.0 20.01 333.0 528.77 49.9 0.06
62 300.0 300.0 20.02 316.0 528.87 49.0 0.08
63 279.0 279.5 20.03 298.0 496.79 102.5 0.07
64 290.0 290.0 20.01 308.0 495.63 51.9 0.06
65 277.0 277.0 20.01 297.0 473.67 29.2 0.05
66 290.0 290.0 20.02 305.0 522.69 62.2 0.07
67 329.0 332.6 20.02 353.0 575.34 107.1 0.07
68 298.0 298.3 20.01 314.0 528.42 36.7 0.1
69 307.0 307.0 20.02 323.0 557.02 100.5 0.08
70 277.0 277.0 20.02 286.0 470.86 17.0 0.06
71 299.0 299.0 20.03 319.0 523.12 66.8 0.07
72 262.0 262.0 20.01 268.0 438.34 15.3 0.07
73 277.0 277.0 20.02 294.0 452.45 35.9 0.05
74 281.0 281.0 20.04 294.0 526.54 29.4 0.06
75 219.0 219.0 20.02 235.0 405.24 46.6 0.05
76 296.0 298.3 20.02 320.0 508.78 65.5 0.06
77 288.0 288.0 20.02 293.0 480.29 90.2 0.05
78 257.0 257.0 20.02 275.0 476.69 35.7 0.07
79 281.0 281.0 20.02 303.0 482.88 32.6 0.06
80 279.0 279.0 20.01 291.0 494.2 25.8 0.06
81 270.0 270.0 20.01 278.0 452.43 24.6 0.05
82 347.0 347.0 20.03 368.0 611.92 119.3 0.08
83 265.0 265.0 20.02 278.0 503.24 20.6 0.06
84 272.0 272.2 20.04 287.0 459.0 53.4 0.06
85 304.0 304.7 20.01 321.0 513.23 53.2 0.06
86 336.0 336.0 20.02 359.0 571.26 24.7 0.06
87 267.0 267.0 20.02 279.0 466.81 63.5 0.05
88 305.0 305.4 20.02 322.0 510.98 55.3 0.06
89 289.0 289.2 20.01 300.0 495.85 38.5 0.08
90 311.0 311.2 20.01 337.0 544.37 34.5 0.07
91 280.0 280.0 20.02 296.0 486.86 38.2 0.06
92 298.0 298.0 20.02 318.0 514.4 49.1 0.05
93 304.0 304.2 20.01 327.0 541.8 43.2 0.09
94 308.0 308.1 20.03 322.0 537.94 32.4 0.06
95 263.0 263.1 20.02 273.0 447.02 35.1 0.06
96 267.0 267.0 20.03 291.0 488.14 181.4 0.07
97 263.0 263.9 20.01 273.0 449.38 116.8 0.07
98 296.0 296.0 20.01 306.0 517.17 23.4 0.05
99 273.0 273.0 20.01 284.0 511.94 39.0 0.06
100 262.0 262.1 20.01 273.0 435.23 175.3 0.05
