1 308.0 308.0 20.01 333.0 525.96 15.2 0.06
2 277.0 277.0 20.01 291.0 477.67 8.4 0.05
3 285.0 285.0 20.01 303.0 496.77 7.8 0.07
4 288.0 288.0 20.01 310.0 518.2 9.7 0.1
5 282.0 282.9 20.01 306.0 509.97 13.8 0.08
6 305.0 305.0 20.01 317.0 500.65 9.3 0.05
7 288.0 288.0 20.03 305.0 519.49 7.1 0.07
8 256.0 256.0 20.02 264.0 451.45 4.0 0.06
9 277.0 277.0 20.02 286.0 466.87 6.5 0.05
10 316.0 316.0 20.01 337.0 553.73 12.3 0.07
11 304.0 304.0 20.01 325.0 531.28 12.4 0.07
12 286.0 286.0 20.01 309.0 482.83 11.8 0.06
13 266.0 266.0 20.02 281.0 483.84 11.5 0.09
14 269.0 269.0 20.01 278.0 477.62 8.6 0.06
15 275.0 275.0 20.02 289.0 490.93 8.9 0.05
16 295.0 295.0 20.02 318.0 533.9 15.7 0.07
17 262.0 262.0 20.03 284.0 465.28 16.4 0.07
18 253.0 253.0 20.02 273.0 439.25 10.2 0.05
19 244.0 244.0 20.01 265.0 442.61 12.3 0.06
20 286.0 286.0 20.05 308.0 504.12 12.4 0.07
21 292.0 292.0 20.02 306.0 517.88 8.1 0.07
22 237.0 237.0 20.02 250.0 404.94 6.0 0.05
23 276.0 276.0 20.04 286.0 454.92 5.2 0.06
24 294.0 294.0 20.04 302.0 530.81 6.2 0.07
25 238.0 238.0 20.03 248.0 417.52 8.9 0.06
26 295.0 295.0 20.03 315.0 493.81 9.2 0.06
27 302.0 302.0 20.02 317.0 565.11 8.2 0.08
28 288.0 288.0 20.01 317.0 519.51 13.8 0.07
29 298.0 298.0 20.02 322.0 548.62 11.4 0.07
30 299.0 299.0 20.02 331.0 527.46 20.0 0.07
31 265.0 265.0 20.02 285.0 460.8 16.8 0.07
32 329.0 329.0 20.01 335.0 510.85 6.9 0.05
33 309.0 309.0 20.03 335.0 550.65 15.5 0.09
34 312.0 312.0 20.02 334.0 567.2 11.2 0.09
35 285.0 285.0 20.03 306.0 511.67 12.6 0.07
36 265.0 265.0 20.02 281.0 461.33 8.0 0.05
37 276.0 276.0 20.02 294.0 500.16 15.6 0.06
38 249.0 249.0 20.02 263.0 421.1 6.4 0.06
39 277.0 277.0 20.02 306.0 491.28 10.1 0.05
40 260.0 260.7 20.02 279.0 470.56 222.4 0.07
41 289.0 289.0 20.03 305.0 469.27 10.0 0.05
42 297.0 297.0 20.04 321.0 517.62 9.3 0.06
43 297.0 297.0 20.02 318.0 552.83 10.4 0.07
44 270.0 270.0 20.02 281.0 491.92 6.3 0.07
45 322.0 322.0 20.01 345.0 572.65 12.6 0.08
46 243.0 243.0 20.03 250.0 438.66 8.2 0.06
47 323.0 323.0 20.03 345.0 534.86 11.3 0.06
48 297.0 301.1 20.04 329.0 547.32 318.1 0.07
49 268.0 268.0 20.03 288.0 479.24 10.2 0.06
50 295.0 295.0 20.03 319.0 500.25 12.1 0.06
51 280.0 280.0 20.02 306.0 496.38 14.9 0.06
52 344.0 344.0 20.01 360.0 591.65 9.7 0.1
53 282.0 282.0 20.01 307.0 529.94 15.1 0.07
54 272.0 272.0 20.01 291.0 445.05 8.6 0.05
55 304.0 304.0 20.01 316.0 493.62 13.0 0.06
56 288.0 288.0 20.01 305.0 497.94 9.4 0.05
57 259.0 259.0 20.02 277.0 484.05 10.4 0.08
58 336.0 336.0 20.01 359.0 576.1 12.1 0.06
59 284.0 284.0 20.01 294.0 483.06 6.3 0.07
60 256.0 256.0 20.02 265.0 473.9 10.9 0.06
61 308.0 308.0 20.02 333.0 528.77 13.3 0.07
62 300.0 300.0 20.04 316.0 528.87 10.5 0.07
63 279.0 279.0 20.03 298.0 496.79 9.4 0.06
64 290.0 290.0 20.02 308.0 495.63 8.4 0.06
65 277.0 277.0 20.01 297.0 473.67 10.2 0.05
66 290.0 290.0 20.03 305.0 522.69 12.3 0.07
67 325.0 331.2 20.03 353.0 575.34 33.7 0.08
68 298.0 298.0 20.01 314.0 528.42 11.0 0.07
69 307.0 307.0 20.02 323.0 557.02 12.1 0.07
70 277.0 277.0 20.03 286.0 470.86 7.3 0.06
71 298.0 298.8 20.04 319.0 523.12 128.5 0.06
72 257.0 260.9 20.02 268.0 438.34 210.6 0.05
73 277.0 277.0 20.02 294.0 452.45 8.3 0.04
74 281.0 281.0 20.02 294.0 526.54 8.6 0.07
75 219.0 219.0 20.02 235.0 405.25 7.3 0.05
76 296.0 296.0 20.01 320.0 508.78 9.3 0.06
77 288.0 288.0 20.01 293.0 480.29 5.8 0.06
78 257.0 257.0 20.03 275.0 476.69 10.7 0.07
79 281.0 281.0 20.03 303.0 482.88 9.8 0.06
80 279.0 279.0 20.02 291.0 494.2 8.2 0.07
81 270.0 270.0 20.02 278.0 452.43 5.9 0.06
82 347.0 347.0 20.02 368.0 611.92 11.1 0.09
83 265.0 265.0 20.01 278.0 503.24 6.1 0.06
84 272.0 272.0 20.03 287.0 459.0 9.8 0.08
85 304.0 304.0 20.01 321.0 513.23 14.6 0.05
86 336.0 336.0 20.02 359.0 571.26 8.5 0.06
87 267.0 267.0 20.01 279.0 466.81 7.5 0.06
88 305.0 305.0 20.02 322.0 510.98 10.1 0.06
89 289.0 289.0 20.01 300.0 495.85 8.7 0.07
90 311.0 311.0 20.03 337.0 544.37 12.2 0.07
91 280.0 280.0 20.03 296.0 486.86 8.1 0.07
92 298.0 298.0 20.02 318.0 514.4 8.5 0.05
93 304.0 304.0 20.01 327.0 541.8 10.4 0.07
94 308.0 308.0 20.02 322.0 537.95 7.1 0.06
95 263.0 263.0 20.02 273.0 447.02 9.5 0.06
96 267.0 267.0 20.02 291.0 488.14 15.3 0.09
97 264.0 264.0 20.01 273.0 449.38 5.8 0.06
98 296.0 296.0 20.01 306.0 517.17 7.9 0.05
99 273.0 273.0 20.01 284.0 511.94 13.4 0.06
100 262.0 262.0 20.0 273.0 435.23 5.4 0.05
