1 308.0 308.0 20.01 333.0 525.96 21.3 0.06
2 277.0 277.0 20.01 291.0 477.67 12.1 0.05
3 285.0 285.0 20.01 303.0 496.77 11.7 0.06
4 288.0 288.0 20.01 310.0 518.2 13.2 0.08
5 282.0 282.6 20.01 306.0 509.97 261.4 0.08
6 305.0 305.0 20.01 317.0 500.65 14.3 0.05
7 288.0 288.0 20.02 305.0 519.49 13.1 0.08
8 256.0 256.0 20.02 264.0 451.45 5.7 0.06
9 277.0 277.0 20.01 286.0 466.87 8.6 0.04
10 316.0 316.0 20.01 337.0 553.73 15.6 0.06
11 304.0 304.2 20.02 325.0 531.28 15.7 0.07
12 286.0 286.7 20.01 309.0 482.83 37.2 0.06
13 266.0 266.0 20.03 281.0 483.84 15.1 0.08
14 269.0 269.0 20.01 278.0 477.62 12.5 0.05
15 275.0 275.0 20.01 289.0 490.93 13.3 0.05
16 295.0 295.0 20.04 318.0 533.9 22.1 0.07
17 262.0 262.3 20.02 284.0 465.28 23.4 0.07
18 253.0 253.0 20.01 273.0 439.25 17.1 0.05
19 244.0 244.0 20.03 265.0 442.6 133.4 0.07
20 286.0 286.0 20.02 308.0 504.12 20.4 0.09
21 292.0 292.0 20.03 306.0 517.88 14.1 0.07
22 237.0 237.0 20.01 250.0 404.94 9.9 0.05
23 276.0 276.0 20.02 286.0 454.92 8.0 0.05
24 294.0 294.0 20.03 302.0 530.81 9.1 0.08
25 238.0 238.0 20.03 248.0 417.52 11.3 0.07
26 295.0 295.0 20.02 315.0 493.81 11.4 0.05
27 302.0 302.0 20.01 317.0 565.11 12.5 0.09
28 288.0 288.0 20.02 317.0 519.51 28.9 0.07
29 298.0 298.0 20.03 322.0 548.62 17.9 0.07
30 299.0 299.5 20.01 331.0 527.46 38.5 0.07
31 265.0 265.1 20.01 285.0 460.8 25.0 0.05
32 329.0 329.0 20.02 335.0 510.85 8.5 0.05
33 309.0 309.0 20.04 335.0 550.65 23.0 0.07
34 312.0 312.0 20.02 334.0 567.2 18.7 0.08
35 285.0 285.4 20.01 306.0 511.67 21.4 0.08
36 265.0 265.0 20.01 281.0 461.33 12.0 0.05
37 276.0 276.0 20.01 294.0 500.16 23.3 0.06
38 249.0 249.0 20.01 263.0 421.1 9.1 0.05
39 276.0 276.4 20.01 306.0 491.28 377.4 0.05
40 260.0 260.9 20.01 279.0 470.56 88.0 0.07
41 289.0 289.0 20.04 305.0 469.27 17.9 0.04
42 297.0 297.0 20.03 321.0 517.62 13.8 0.07
43 297.0 297.0 20.02 318.0 552.83 16.7 0.07
44 270.0 270.0 20.01 281.0 491.92 8.7 0.06
45 322.0 322.0 20.02 345.0 572.65 14.7 0.07
46 243.0 243.0 20.03 250.0 438.66 10.5 0.06
47 323.0 323.0 20.01 345.0 534.86 17.1 0.06
48 297.0 301.1 20.01 329.0 547.32 220.3 0.08
49 268.0 268.0 20.01 288.0 479.24 68.4 0.05
50 295.0 295.1 20.01 319.0 500.25 22.0 0.06
51 280.0 280.0 20.01 306.0 496.38 21.3 0.06
52 344.0 344.0 20.02 360.0 591.65 12.8 0.08
53 282.0 282.0 20.02 307.0 529.94 53.8 0.07
54 272.0 272.0 20.04 291.0 445.05 13.5 0.05
55 304.0 304.1 20.02 316.0 493.62 17.1 0.05
56 288.0 288.2 20.02 305.0 497.94 12.8 0.04
57 259.0 259.2 20.03 277.0 484.05 78.2 0.08
58 336.0 336.2 20.01 359.0 576.1 17.5 0.06
59 284.0 284.0 20.01 294.0 483.06 9.9 0.08
60 256.0 256.0 20.01 265.0 473.9 16.5 0.07
61 308.0 308.0 20.02 333.0 528.77 23.5 0.06
62 300.0 300.0 20.02 316.0 528.87 16.1 0.07
63 279.0 279.0 20.04 298.0 496.79 80.0 0.07
64 290.0 290.0 20.01 308.0 495.63 13.1 0.07
65 277.0 277.0 20.02 297.0 473.67 16.7 0.06
66 290.0 290.0 20.01 305.0 522.69 21.9 0.08
67 329.0 332.1 20.03 353.0 575.34 20.1 0.09
68 298.0 298.0 20.01 314.0 528.42 16.7 0.07
69 307.0 307.1 20.02 323.0 557.01 15.5 0.08
70 277.0 277.0 20.01 286.0 470.86 11.4 0.05
71 299.0 299.0 20.02 319.0 523.12 18.0 0.07
72 262.0 262.0 20.01 268.0 438.34 7.6 0.08
73 277.0 277.0 20.01 294.0 452.45 13.5 0.05
74 281.0 281.0 20.03 294.0 526.54 14.5 0.07
75 219.0 219.0 20.03 235.0 405.25 13.5 0.06
76 296.0 296.0 20.01 320.0 508.78 27.3 0.07
77 288.0 288.0 20.02 293.0 480.29 9.9 0.05
78 257.0 257.0 20.01 275.0 476.69 17.8 0.09
79 281.0 281.0 20.03 303.0 482.88 15.2 0.07
80 279.0 279.2 20.02 291.0 494.2 11.4 0.08
81 270.0 270.0 20.01 278.0 452.43 9.8 0.06
82 347.0 347.0 20.02 368.0 611.92 19.6 0.09
83 265.0 265.0 20.03 278.0 503.24 12.5 0.06
84 272.0 272.0 20.02 287.0 459.0 14.9 0.06
85 304.0 304.0 20.01 321.0 513.23 71.8 0.05
86 336.0 336.0 20.02 359.0 571.26 13.1 0.06
87 267.0 267.0 20.02 279.0 466.81 10.1 0.08
88 305.0 305.0 20.03 322.0 510.98 72.8 0.09
89 289.0 289.0 20.01 300.0 495.85 14.4 0.07
90 311.0 311.2 20.01 337.0 544.37 19.5 0.06
91 280.0 280.0 20.01 296.0 486.86 10.9 0.07
92 298.0 298.0 20.01 318.0 514.4 49.5 0.05
93 304.0 304.2 20.01 327.0 541.8 12.5 0.08
94 308.0 308.0 20.02 322.0 537.95 12.2 0.07
95 263.0 263.0 20.02 273.0 447.02 15.2 0.05
96 267.0 267.4 20.02 291.0 488.14 32.8 0.08
97 264.0 264.0 20.01 273.0 449.38 9.0 0.05
98 296.0 296.0 20.01 306.0 517.17 13.0 0.05
99 273.0 273.0 20.01 284.0 511.94 20.0 0.07
100 262.0 262.0 20.01 273.0 435.23 7.8 0.05
