1 308.0 308.0 20.01 333.0 525.96 12.3 0.06
2 277.0 277.0 20.01 291.0 477.67 7.9 0.05
3 285.0 285.0 20.01 303.0 496.77 8.3 0.07
4 288.0 288.0 20.01 310.0 518.2 8.1 0.09
5 283.0 283.0 20.02 306.0 509.97 8.9 0.08
6 305.0 305.0 20.01 317.0 500.65 9.0 0.05
7 288.0 288.0 20.02 305.0 519.49 6.8 0.08
8 256.0 256.0 20.02 264.0 451.45 3.5 0.06
9 277.0 277.0 20.01 286.0 466.87 6.3 0.04
10 316.0 316.0 20.04 337.0 553.73 10.3 0.06
11 304.0 304.0 20.03 325.0 531.28 11.4 0.08
12 286.0 286.0 20.03 309.0 482.83 11.5 0.08
13 266.0 266.0 20.02 281.0 483.84 11.1 0.1
14 269.0 269.0 20.01 278.0 477.62 7.6 0.05
15 275.0 275.0 20.03 289.0 490.93 7.9 0.05
16 295.0 295.0 20.01 318.0 533.9 14.0 0.08
17 262.0 262.0 20.01 284.0 465.28 14.7 0.07
18 253.0 253.0 20.02 273.0 439.25 10.3 0.08
19 244.0 244.0 20.02 265.0 442.61 10.1 0.05
20 286.0 286.0 20.02 308.0 504.12 11.6 0.09
21 292.0 292.0 20.02 306.0 517.88 8.2 0.1
22 237.0 237.0 20.01 250.0 404.94 6.1 0.04
23 276.0 276.0 20.01 286.0 454.92 5.2 0.06
24 294.0 294.0 20.02 302.0 530.81 6.3 0.1
25 238.0 238.0 20.02 248.0 417.52 7.4 0.07
26 295.0 295.0 20.01 315.0 493.81 8.9 0.06
27 302.0 302.0 20.01 317.0 565.11 8.4 0.08
28 288.0 288.0 20.02 317.0 519.51 12.3 0.08
29 298.0 298.0 20.03 322.0 548.62 9.8 0.08
30 299.0 299.0 20.01 331.0 527.46 16.4 0.1
31 265.0 265.0 20.02 285.0 460.8 15.3 0.05
32 329.0 329.0 20.04 335.0 510.85 6.3 0.04
33 309.0 309.0 20.02 335.0 550.65 14.8 0.08
34 312.0 312.0 20.02 334.0 567.2 10.0 0.07
35 285.0 285.0 20.03 306.0 511.67 11.6 0.07
36 265.0 265.0 20.02 281.0 461.33 7.2 0.05
37 276.0 276.0 20.03 294.0 500.16 14.0 0.07
38 249.0 249.0 20.01 263.0 421.1 5.6 0.06
39 277.0 277.0 20.01 306.0 491.28 10.6 0.07
40 261.0 261.0 20.02 279.0 470.56 15.4 0.1
41 289.0 289.0 20.01 305.0 469.27 10.3 0.06
42 297.0 297.0 20.02 321.0 517.62 8.9 0.09
43 297.0 297.0 20.01 318.0 552.83 9.5 0.13
44 270.0 270.0 20.02 281.0 491.92 5.4 0.09
45 322.0 322.0 20.03 345.0 572.65 10.3 0.1
46 243.0 243.0 20.02 250.0 438.66 7.3 0.06
47 323.0 323.0 20.02 345.0 534.86 10.5 0.09
48 303.0 303.0 20.02 329.0 547.32 9.0 0.07
49 268.0 268.0 20.03 288.0 479.24 8.9 0.06
50 295.0 295.0 20.02 319.0 500.25 11.1 0.07
51 280.0 280.0 20.02 306.0 496.38 15.5 0.08
52 344.0 344.0 20.02 360.0 591.65 8.7 0.07
53 282.0 282.0 20.01 307.0 529.94 13.7 0.07
54 272.0 272.0 20.03 291.0 445.05 7.7 0.04
55 304.0 304.0 20.03 316.0 493.62 12.3 0.08
56 288.0 288.0 20.01 305.0 497.94 8.2 0.04
57 259.0 259.0 20.03 277.0 484.05 10.4 0.08
58 336.0 336.0 20.03 359.0 576.1 10.1 0.08
59 284.0 284.0 20.02 294.0 483.06 6.3 0.09
60 256.0 256.0 20.01 265.0 473.9 9.5 0.07
61 308.0 308.0 20.02 333.0 528.77 12.5 0.08
62 300.0 300.0 20.03 316.0 528.87 9.4 0.08
63 279.0 279.0 20.02 298.0 496.79 8.8 0.09
64 290.0 290.0 20.01 308.0 495.63 7.7 0.08
65 277.0 277.0 20.01 297.0 473.67 10.1 0.05
66 290.0 290.0 20.03 305.0 522.69 12.0 0.07
67 331.0 332.6 20.02 353.0 575.34 12.2 0.08
68 298.0 298.0 20.01 314.0 528.42 10.5 0.09
69 307.0 307.0 20.01 323.0 557.01 11.0 0.07
70 277.0 277.0 20.01 286.0 470.86 7.2 0.06
71 299.0 299.0 20.01 319.0 523.12 9.8 0.07
72 262.0 262.0 20.01 268.0 438.34 4.3 0.08
73 277.0 277.0 20.01 294.0 452.45 9.7 0.04
74 281.0 281.0 20.02 294.0 526.54 8.7 0.08
75 219.0 219.0 20.02 235.0 405.25 7.5 0.06
76 296.0 296.0 20.01 320.0 508.78 8.2 0.06
77 288.0 288.0 20.01 293.0 480.29 5.7 0.07
78 257.0 257.0 20.02 275.0 476.69 10.5 0.07
79 281.0 281.0 20.04 303.0 482.88 9.1 0.07
80 279.0 279.0 20.03 291.0 494.2 7.3 0.06
81 270.0 270.0 20.01 278.0 452.43 5.3 0.06
82 347.0 347.0 20.02 368.0 611.92 10.3 0.07
83 265.0 265.0 20.02 278.0 503.24 5.8 0.06
84 272.0 272.0 20.01 287.0 459.0 9.8 0.06
85 304.0 304.0 20.01 321.0 513.23 12.3 0.07
86 336.0 336.0 20.03 359.0 571.26 7.6 0.06
87 267.0 267.0 20.02 279.0 466.81 6.3 0.07
88 305.0 305.0 20.02 322.0 510.98 9.7 0.07
89 289.0 289.0 20.01 300.0 495.85 8.2 0.08
90 311.0 311.0 20.02 337.0 544.37 11.1 0.06
91 280.0 280.0 20.02 296.0 486.86 7.0 0.07
92 298.0 298.0 20.03 318.0 514.4 7.3 0.06
93 304.0 304.0 20.01 327.0 541.8 9.2 0.1
94 308.0 308.0 20.01 322.0 537.95 6.6 0.07
95 263.0 263.0 20.01 273.0 447.02 8.6 0.05
96 267.0 267.0 20.02 291.0 488.14 11.9 0.08
97 264.0 264.0 20.02 273.0 449.38 6.2 0.07
98 296.0 296.0 20.01 306.0 517.17 6.5 0.06
99 273.0 273.0 20.01 284.0 511.94 12.5 0.06
100 262.0 262.0 20.01 273.0 435.23 5.3 0.05
