1 308.0 308.0 20.01 333.0 525.96 22.8 0.06
2 277.0 277.0 20.01 291.0 477.67 13.3 0.06
3 285.0 285.0 20.01 303.0 496.77 14.3 0.07
4 288.0 288.0 20.02 310.0 518.2 15.5 0.09
5 282.0 282.8 20.01 306.0 509.97 95.3 0.08
6 305.0 305.0 20.02 317.0 500.65 19.1 0.05
7 288.0 288.0 20.01 305.0 519.49 9.8 0.07
8 256.0 256.0 20.01 264.0 451.45 6.9 0.06
9 277.0 277.0 20.02 286.0 466.87 10.5 0.05
10 316.0 316.1 20.01 337.0 553.73 18.6 0.06
11 304.0 304.0 20.03 325.0 531.28 22.3 0.07
12 286.0 286.0 20.02 309.0 482.83 24.2 0.07
13 266.0 266.0 20.04 281.0 483.84 23.3 0.1
14 269.0 269.0 20.01 278.0 477.62 14.1 0.05
15 275.0 275.0 20.01 289.0 490.93 14.0 0.05
16 295.0 295.0 20.01 318.0 533.9 25.5 0.09
17 262.0 262.0 20.01 284.0 465.28 28.5 0.06
18 253.0 253.0 20.03 273.0 439.25 24.7 0.05
19 244.0 244.0 20.03 265.0 442.61 21.7 0.06
20 286.0 286.0 20.03 308.0 504.12 22.3 0.06
21 292.0 292.0 20.02 306.0 517.88 14.2 0.07
22 237.0 237.0 20.01 250.0 404.94 10.8 0.05
23 276.0 276.0 20.02 286.0 454.92 9.1 0.04
24 294.0 294.0 20.02 302.0 530.81 9.1 0.07
25 238.0 238.0 20.05 248.0 417.52 14.1 0.06
26 295.0 295.0 20.03 315.0 493.81 12.4 0.04
27 302.0 302.0 20.03 317.0 565.11 14.8 0.07
28 288.0 288.3 20.04 317.0 519.51 22.3 0.07
29 298.0 298.0 20.02 322.0 548.62 18.1 0.07
30 299.0 299.0 20.02 331.0 527.46 30.4 0.07
31 265.0 265.2 20.02 285.0 460.8 32.5 0.06
32 329.0 329.0 20.03 335.0 510.85 11.8 0.05
33 309.0 309.0 20.05 335.0 550.65 27.4 0.08
34 312.0 312.0 20.03 334.0 567.2 19.5 0.11
35 285.0 285.0 20.02 306.0 511.67 21.7 0.08
36 265.0 265.0 20.01 281.0 461.33 12.7 0.05
37 276.0 276.0 20.01 294.0 500.16 23.0 0.06
38 249.0 249.0 20.02 263.0 421.1 10.1 0.05
39 277.0 277.0 20.02 306.0 491.28 17.0 0.05
40 261.0 261.0 20.02 279.0 470.56 26.0 0.07
41 289.0 289.0 20.04 305.0 469.27 18.6 0.04
42 297.0 297.0 20.04 321.0 517.62 16.9 0.07
43 297.0 297.0 20.01 318.0 552.83 16.6 0.07
44 270.0 270.0 20.03 281.0 491.92 9.8 0.07
45 322.0 322.0 20.05 345.0 572.65 20.4 0.07
46 243.0 243.0 20.04 250.0 438.66 14.9 0.05
47 323.0 323.0 20.01 345.0 534.86 19.2 0.06
48 297.0 302.4 20.02 329.0 547.32 44.0 0.06
49 268.0 268.0 20.02 288.0 479.24 19.2 0.06
50 295.0 295.0 20.03 319.0 500.25 19.9 0.06
51 280.0 280.0 20.02 306.0 496.38 27.2 0.06
52 344.0 344.0 20.05 360.0 591.65 23.9 0.07
53 282.0 283.0 20.03 307.0 529.94 96.8 0.07
54 272.0 272.0 20.03 291.0 445.05 15.2 0.05
55 304.0 304.0 20.03 316.0 493.62 23.3 0.06
56 288.0 288.0 20.02 305.0 497.94 16.5 0.05
57 259.0 259.0 20.03 277.0 484.05 15.2 0.08
58 336.0 336.0 20.04 359.0 576.1 19.5 0.07
59 284.0 284.0 20.03 294.0 483.06 11.2 0.07
60 256.0 256.0 20.02 265.0 473.9 17.9 0.06
61 308.0 308.0 20.03 333.0 528.77 24.2 0.06
62 300.0 300.0 20.03 316.0 528.87 20.7 0.06
63 279.0 279.0 20.04 298.0 496.79 16.3 0.08
64 290.0 290.0 20.02 308.0 495.63 13.3 0.06
65 277.0 277.0 20.02 297.0 473.67 20.8 0.05
66 290.0 290.0 20.04 305.0 522.69 18.5 0.07
67 319.0 329.6 20.04 353.0 575.34 101.4 0.08
68 298.0 298.0 20.01 314.0 528.42 20.5 0.07
69 307.0 307.0 20.05 323.0 557.01 18.1 0.09
70 277.0 277.0 20.05 286.0 470.86 12.6 0.07
71 298.0 298.8 20.03 319.0 523.12 99.8 0.07
72 262.0 262.0 20.02 268.0 438.34 10.8 0.06
73 277.0 277.0 20.02 294.0 452.45 16.5 0.05
74 271.0 279.0 20.03 294.0 526.55 28.5 0.09
75 219.0 219.0 20.03 235.0 405.25 12.3 0.06
76 296.0 296.0 20.02 320.0 508.78 14.5 0.08
77 288.0 288.0 20.03 293.0 480.29 8.4 0.06
78 257.0 257.0 20.02 275.0 476.69 18.9 0.07
79 281.0 281.0 20.05 303.0 482.88 15.7 0.07
80 279.0 279.0 20.04 291.0 494.2 14.1 0.07
81 270.0 270.0 20.01 278.0 452.43 11.5 0.05
82 347.0 347.0 20.04 368.0 611.92 20.4 0.07
83 265.0 265.0 20.05 278.0 503.24 12.0 0.06
84 272.0 272.0 20.03 287.0 459.0 18.0 0.06
85 304.0 304.0 20.01 321.0 513.23 25.6 0.08
86 336.0 336.0 20.02 359.0 571.26 13.0 0.07
87 267.0 267.0 20.06 279.0 466.81 12.1 0.05
88 305.0 305.0 20.02 322.0 510.98 17.5 0.06
89 289.0 289.0 20.02 300.0 495.85 15.6 0.08
90 311.0 311.0 20.01 337.0 544.37 17.7 0.1
91 280.0 280.0 20.01 296.0 486.86 12.3 0.08
92 298.0 298.0 20.03 318.0 514.4 16.0 0.07
93 304.0 304.0 20.03 327.0 541.8 14.8 0.07
94 308.0 308.0 20.04 322.0 537.94 12.5 0.06
95 263.0 263.0 20.03 273.0 447.02 14.5 0.05
96 267.0 267.0 20.04 291.0 488.14 22.6 0.07
97 264.0 264.0 20.01 273.0 449.38 9.7 0.05
98 296.0 296.0 20.01 306.0 517.17 11.8 0.05
99 273.0 273.0 20.01 284.0 511.94 25.1 0.06
100 262.0 262.0 20.01 273.0 435.23 10.0 0.05
