gr17 2835.0 3051.18 20.0 2995.0 3854.83 150.8 0.01
gr21 8013.0 9139.83 20.0 9067.0 11398.76 43.4 0.01
gr24 1867.0 1929.15 20.01 1867.0 2550.83 7.1 0.02
fri26 1302.0 1332.08 20.01 1302.0 1833.97 3.9 0.02
bays29 2991.0 3075.87 20.01 3090.0 4367.59 42.4 0.02
gr48 7594.0 7777.77 20.01 8132.0 12576.97 78.8 0.06
eil51 639.78 656.02 20.01 680.57 1038.69 57.5 0.07
berlin52 11259.14 11526.91 20.01 12133.14 18390.15 114.7 0.07
eil76 815.95 832.23 20.01 872.61 1457.95 120.2 0.15
eil101 950.74 967.69 20.01 1030.99 1784.46 93.7 0.27
