gr17 2894.0 3046.66 20.0 2995.0 3854.83 384.5 0.01
gr21 8013.0 8952.07 20.0 9067.0 11398.76 37.9 0.01
gr24 1867.0 1916.01 20.0 1867.0 2550.83 7.0 0.02
fri26 1302.0 1322.96 20.01 1302.0 1833.97 2.9 0.02
bays29 2991.0 3061.2 20.0 3090.0 4367.59 16.8 0.02
gr48 7594.0 7734.8 20.0 8132.0 12576.97 117.8 0.06
eil51 639.78 652.72 20.01 680.57 1038.69 37.3 0.07
berlin52 11259.14 11459.68 20.0 12133.14 18390.15 73.3 0.07
eil76 816.93 828.02 20.01 872.61 1457.95 87.6 0.15
eil101 950.74 963.82 20.01 1030.99 1784.46 158.3 0.27
