gr17 2760.0 3025.52 20.0 2995.0 3854.83 61.6 0.01
gr21 8013.0 8658.81 20.01 9067.0 11398.76 20.7 0.01
gr24 1867.0 1912.57 20.01 1867.0 2550.83 3.9 0.02
fri26 1283.0 1325.29 20.01 1302.0 1833.97 16.1 0.02
bays29 2991.0 3063.53 20.01 3090.0 4367.59 7.1 0.02
gr48 7594.0 7756.99 20.01 8132.0 12576.97 23.9 0.07
eil51 639.78 652.46 20.01 680.57 1038.69 18.7 0.07
berlin52 11259.14 11492.46 20.01 12133.14 18390.15 29.0 0.07
eil76 818.94 829.1 20.02 872.61 1457.95 18.8 0.15
eil101 950.74 962.48 20.01 1030.99 1784.46 40.9 0.27
