Instancias:  tsplib , Sin subtour
gr17      2760.0    2760.0    0.0       0.15      
gr21      7788.0    7788.0    0.0       0.3       
gr24      1806.0    1806.0    0.0       0.34      
fri26     1283.0    1283.0    0.0       0.43      
bays29    2916.0    2916.0    0.0       4.23      
gr48      7282.0    7282.0    0.0       14.64     
eil51     628.51    628.51    0.0       3.45      
berlin52  11087.21  11087.21  0.0       9.53      
eil76     801.91    801.91    0.0       11.9      
eil101    945.3184  945.3184  0.0       83.97     
Instancias:  tsplib GG
gr17      2760.0    2760.0    0.0       0.1       
gr21      7788.0    7788.0    0.0       0.13      
gr24      1806.0    1806.0    0.0       0.37      
fri26     1283.0    1283.0    0.0       0.39      
bays29    2916.0    2916.0    0.0       1.37      
gr48      7282.0    7282.0    0.0       6.79      
eil51     628.51    628.51    0.0       2.45      
berlin52  11087.21  11087.21  0.0       4.55      
eil76     801.91    801.91    0.0       17.47     
eil101    945.3184  945.3184  -0.0      104.85    
Instancias:  tsplib MTZ
gr17      2760.0    2760.0    0.0       0.16      
gr21      7788.0    7788.0    0.0       0.31      
gr24      1806.0    1806.0    0.0       0.72      
fri26     1283.0    1283.0    0.0       0.55      
bays29    2916.0    2916.0    0.0       6.59      
gr48      7282.0    7282.0    -0.0      32.37     
eil51     628.51    628.51    0.0       2.68      
berlin52  11087.21  11087.21  0.0       7.24      
eil76     801.91    801.91    0.0       53.04     
eil101    945.3184  945.3184  0.0       252.84    
Instancias:  tsplib DL
gr17      2760.0    2760.0    0.0       0.14      
gr21      7788.0    7788.0    0.0       0.13      
gr24      1806.0    1806.0    0.0       0.21      
fri26     1283.0    1283.0    0.0       0.48      
bays29    2916.0    2916.0    0.0       1.11      
gr48      7282.0    7282.0    0.0       19.0      
eil51     628.51    628.51    0.0       3.58      
berlin52  11087.21  11087.21  0.0       9.32      
eil76     801.91    801.91    0.0       30.39     
eil101    945.3184  945.3184  0.0       115.26    
