1 13457.0 13458.4 358.0 15963.0 71426.46 450.0 76.03
2 13988.0 13988.7 347.26 16565.0 72333.39 442.6 73.93
3 12874.0 12874.0 327.8 15098.0 62636.83 358.6 63.07
4 13194.0 13194.0 326.49 15602.0 63276.78 400.0 64.81
5 13419.0 13419.7 350.23 15967.0 70113.71 407.3 74.82
6 13753.0 13753.0 359.18 16296.0 69342.66 445.4 76.56
7 13255.0 13257.1 344.74 15615.0 67778.61 406.9 70.3
8 13320.0 13320.3 322.78 15850.0 65418.46 409.7 61.23
9 13571.0 13572.7 359.52 16010.0 70902.83 437.9 74.61
10 13241.0 13242.2 326.93 15678.0 66461.55 374.8 65.69
11 12739.0 12741.1 307.41 15132.0 60469.99 374.7 61.03
12 13125.0 13126.2 353.23 15559.0 68761.57 414.2 74.75
13 12747.0 12748.4 295.96 14997.0 58572.39 397.6 57.49
14 13504.0 13506.4 368.7 16144.0 64448.57 475.2 81.87
15 13177.0 13177.0 318.0 15709.0 62989.83 411.6 60.77
16 12903.0 12904.6 290.41 15256.0 58930.1 361.2 57.92
17 12862.0 12862.8 298.11 15279.0 64236.94 372.4 61.28
18 13288.0 13288.0 328.89 15809.0 63247.99 450.6 65.92
19 13566.0 13567.0 372.09 16164.0 69513.87 477.3 73.96
20 13627.0 13627.5 365.21 16220.0 68472.55 434.1 75.8
21 13041.0 13041.0 338.72 15440.0 65174.01 388.2 69.6
22 13494.0 13494.0 332.33 16086.0 65860.26 435.6 68.25
23 12922.0 12926.5 312.28 15396.0 63870.14 378.3 63.72
24 13588.0 13588.0 335.99 16185.0 62228.46 443.8 70.18
25 13794.0 13794.3 375.18 16380.0 68551.23 461.9 79.11
26 13671.0 13671.0 361.13 16157.0 72021.65 417.7 75.1
27 12846.0 12847.0 294.15 15260.0 58924.72 382.9 58.9
28 13210.0 13211.4 312.38 15643.0 64958.87 392.6 60.54
29 13013.0 13013.0 312.92 15437.0 64689.09 404.0 60.16
30 13166.0 13166.0 312.11 15672.0 65602.34 410.6 64.9
31 13261.0 13261.8 322.6 15658.0 64961.08 368.6 67.27
32 13287.0 13288.2 339.36 15734.0 64343.08 378.6 71.37
33 13327.0 13327.2 356.61 15767.0 67577.86 403.7 73.95
34 13846.0 13847.4 370.54 16398.0 67396.95 437.4 79.49
35 12368.0 12368.4 296.02 14654.0 64983.82 388.8 58.8
36 13428.0 13428.0 329.64 15965.0 64596.62 377.9 67.32
37 13263.0 13263.6 350.01 15652.0 65889.03 405.7 71.91
38 13213.0 13213.4 361.23 15690.0 70450.04 424.2 73.85
39 13746.0 13747.7 375.14 16338.0 72043.88 432.9 84.41
40 13483.0 13484.6 355.69 16021.0 73584.88 438.6 77.2
41 13081.0 13082.2 348.5 15597.0 67726.79 415.7 71.12
42 13482.0 13482.6 350.83 16068.0 69658.76 428.9 72.3
43 13250.0 13250.2 311.4 15813.0 64141.67 400.8 61.34
44 12510.0 12510.9 302.13 14926.0 59720.94 396.2 58.91
45 12826.0 12826.7 307.0 15088.0 60350.19 386.2 65.25
46 13374.0 13376.0 351.86 15976.0 66580.85 459.7 73.17
47 14166.0 14166.3 364.17 16837.0 74355.33 460.5 75.96
48 13655.0 13655.7 368.08 16279.0 73690.91 451.5 81.92
49 13813.0 13815.5 386.58 16435.0 67052.57 443.3 81.64
50 13468.0 13468.0 360.39 16027.0 75693.84 429.1 74.19
51 13665.0 13666.4 371.84 16190.0 70508.19 418.3 79.83
52 13437.0 13438.7 363.75 15968.0 69018.92 416.0 75.62
53 13500.0 13501.4 362.34 16030.0 69150.01 414.2 75.55
54 13350.0 13351.4 339.5 15936.0 63686.54 422.3 69.91
55 13306.0 13307.6 342.59 15726.0 63858.82 418.2 68.49
56 13339.0 13339.0 328.49 15920.0 68327.38 421.1 65.34
57 13389.0 13390.4 334.18 15893.0 63249.67 384.2 67.93
58 13885.0 13885.0 362.99 16544.0 73448.96 428.7 78.43
59 13181.0 13181.0 309.56 15668.0 64758.1 400.6 61.07
60 13273.0 13275.1 333.92 15763.0 67626.48 422.3 69.71
61 13134.0 13134.4 313.23 15565.0 64395.81 393.9 62.78
62 13159.0 13160.5 309.53 15681.0 61898.52 416.5 56.13
63 13458.0 13458.0 357.16 15881.0 69824.21 408.9 74.25
64 12763.0 12763.0 304.96 15132.0 59135.1 358.0 62.18
65 13255.0 13255.0 338.9 15762.0 61253.86 398.1 73.05
66 13936.0 13936.0 362.39 16601.0 76510.15 452.0 74.75
67 13218.0 13218.0 331.14 15662.0 69209.96 401.7 68.35
68 12963.0 12963.3 312.82 15292.0 67423.23 365.8 65.59
69 13256.0 13258.6 336.38 15776.0 68086.64 425.1 68.25
70 13269.0 13270.2 367.97 15773.0 69183.09 406.4 78.19
71 13072.0 13072.4 315.07 15487.0 66456.5 378.9 60.79
72 13383.0 13383.0 366.86 15916.0 68318.76 444.6 73.98
73 13679.0 13680.2 331.93 16348.0 67900.73 453.5 67.15
74 13732.0 13734.8 346.34 16338.0 73163.24 447.4 73.85
75 13204.0 13204.0 338.99 15611.0 62242.07 380.8 68.93
76 13524.0 13524.4 368.48 16125.0 70941.27 435.9 79.33
77 12868.0 12868.0 305.7 15254.0 60462.93 384.9 60.49
78 13706.0 13706.0 369.7 16283.0 70366.68 442.3 80.92
79 13210.0 13210.2 330.09 15674.0 66366.56 399.1 67.89
80 13183.0 13183.0 331.5 15510.0 65196.62 356.9 65.26
81 12686.0 12686.8 306.29 15153.0 60743.62 393.4 60.91
82 13495.0 13495.0 360.53 16039.0 71486.85 413.3 75.21
83 12755.0 12756.1 307.76 15128.0 62087.86 382.2 56.63
84 13278.0 13278.6 343.05 15715.0 67237.33 391.8 71.04
85 12740.0 12740.9 312.43 15035.0 63666.7 400.9 66.95
86 13941.0 13943.9 374.5 16381.0 65964.73 429.8 78.61
87 12671.0 12671.4 303.16 15029.0 66426.7 386.4 58.84
88 13066.0 13066.1 310.4 15557.0 63159.29 383.1 58.91
89 12988.0 12990.3 311.97 15339.0 63226.65 422.6 61.27
90 13594.0 13594.4 332.89 16204.0 65203.41 382.8 68.75
91 13628.0 13629.1 374.07 16189.0 69196.23 406.6 79.41
92 13172.0 13172.0 334.77 15643.0 58749.68 402.6 69.97
93 13288.0 13288.0 328.42 15713.0 63218.13 388.3 64.67
94 13321.0 13323.8 340.92 15871.0 70092.23 422.8 72.11
95 13447.0 13447.0 328.35 16041.0 68007.51 419.0 66.26
96 13069.0 13069.3 290.45 15516.0 59107.59 376.7 58.44
97 12795.0 12795.2 317.01 15212.0 66358.31 405.5 61.96
98 13145.0 13145.0 302.14 15585.0 58651.32 400.2 61.19
99 14453.0 14455.0 308.21 17218.0 78024.38 452.7 72.31
100 12800.0 12800.5 245.0 15216.0 69191.12 411.4 52.08
