1 13897.0 14005.9 239.48 15963.0 71426.46 499.0 75.4
2 14449.0 14505.7 234.68 16565.0 72333.38 498.9 73.21
3 13152.0 13233.2 212.49 15098.0 62636.83 498.7 60.99
4 13514.0 13635.9 220.32 15602.0 63276.78 498.4 66.94
5 13775.0 13884.6 229.5 15967.0 70113.71 499.2 72.92
6 14177.0 14251.6 241.14 16296.0 69342.66 497.7 78.13
7 13612.0 13699.6 234.49 15615.0 67778.6 499.3 72.07
8 13663.0 13780.7 213.81 15850.0 65418.46 499.1 60.09
9 14001.0 14088.8 229.06 16010.0 70902.83 498.7 70.7
10 13548.0 13643.7 212.39 15678.0 66461.55 498.6 63.31
11 13041.0 13090.0 203.53 15132.0 60470.0 498.7 59.98
12 13542.0 13639.9 232.13 15559.0 68761.57 498.7 73.22
13 13056.0 13109.3 201.11 14997.0 58572.39 499.3 57.96
14 13948.0 14055.9 245.85 16144.0 64448.57 499.1 80.76
15 13548.0 13593.6 208.96 15709.0 62989.83 498.7 60.25
16 13183.0 13234.5 198.97 15256.0 58930.1 498.6 58.13
17 13132.0 13259.3 198.8 15279.0 64236.94 498.5 58.44
18 13707.0 13779.8 217.61 15809.0 63247.99 498.0 65.13
19 14033.0 14182.5 242.58 16164.0 69513.87 498.8 75.53
20 14110.0 14177.0 248.56 16220.0 68472.55 498.2 76.97
21 13338.0 13434.3 221.77 15440.0 65174.01 498.7 68.52
22 13939.0 14049.8 216.93 16086.0 65860.26 497.8 67.25
23 13227.0 13315.8 209.24 15396.0 63870.14 499.4 62.3
24 14029.0 14125.8 224.34 16185.0 62228.46 498.0 69.68
25 14288.0 14410.7 249.45 16380.0 68551.23 498.6 78.56
26 14034.0 14157.0 235.09 16157.0 72021.65 498.0 73.96
27 13136.0 13253.9 198.5 15260.0 58924.72 499.4 57.17
28 13578.0 13662.7 208.01 15643.0 64958.87 499.1 59.92
29 13338.0 13404.6 211.47 15437.0 64689.09 499.0 64.28
30 13567.0 13638.6 205.42 15672.0 65602.34 498.8 61.53
31 13498.0 13623.2 214.02 15658.0 64961.08 498.7 64.66
32 13594.0 13671.8 225.17 15734.0 64343.08 497.2 69.85
33 13684.0 13779.9 235.03 15767.0 67577.86 499.2 73.39
34 14303.0 14375.6 246.81 16398.0 67396.95 498.4 80.74
35 12686.0 12756.4 193.16 14654.0 64983.82 498.0 54.54
36 13775.0 13884.8 216.41 15965.0 64596.62 498.8 65.68
37 13558.0 13728.4 230.89 15652.0 65889.03 498.0 71.27
38 13606.0 13713.7 238.27 15690.0 70450.04 498.6 72.94
39 14168.0 14256.0 246.2 16338.0 72043.88 499.0 80.19
40 13924.0 14003.4 238.43 16021.0 73584.88 498.4 77.08
41 13456.0 13546.2 230.9 15597.0 67726.79 498.4 71.1
42 13860.0 14007.3 230.6 16068.0 69658.76 499.6 72.11
43 13590.0 13683.1 205.53 15813.0 64141.67 498.8 60.63
44 12800.0 12875.5 200.57 14926.0 59720.94 498.9 58.79
45 13058.0 13173.2 203.76 15088.0 60350.19 499.0 59.81
46 13875.0 13961.1 234.42 15976.0 66580.85 498.0 73.75
47 14672.0 14753.6 241.15 16837.0 74355.33 498.8 74.75
48 14049.0 14217.0 244.57 16279.0 73690.91 498.6 82.16
49 14292.0 14367.5 245.38 16435.0 67052.57 498.8 80.06
50 13907.0 13966.1 236.78 16027.0 75693.84 498.3 72.67
51 14061.0 14150.3 242.41 16190.0 70508.19 498.1 76.41
52 13792.0 13900.0 239.45 15968.0 69018.92 498.3 75.18
53 13880.0 13974.5 235.32 16030.0 69150.01 498.9 73.14
54 13690.0 13815.9 226.3 15936.0 63686.54 499.2 68.56
55 13674.0 13757.7 226.83 15726.0 63858.82 498.3 67.65
56 13778.0 13827.8 218.22 15920.0 68327.38 499.2 66.44
57 13670.0 13763.3 220.09 15893.0 63249.67 498.2 65.13
58 14355.0 14431.1 237.32 16544.0 73448.96 498.3 74.96
59 13505.0 13601.0 213.99 15668.0 64758.1 498.4 62.16
60 13621.0 13763.7 218.37 15763.0 67626.48 498.6 66.09
61 13441.0 13512.1 209.42 15565.0 64395.81 498.9 61.49
62 13552.0 13650.7 200.79 15681.0 61898.52 499.4 55.44
63 13901.0 13962.1 237.6 15881.0 69824.21 498.8 73.92
64 12980.0 13111.7 200.49 15132.0 59135.1 498.0 61.14
65 13580.0 13679.1 223.94 15762.0 61253.86 498.2 68.78
66 14456.0 14507.6 240.02 16601.0 76510.15 497.8 73.24
67 13557.0 13656.6 220.15 15662.0 69209.95 498.1 67.87
68 13212.0 13288.6 211.22 15292.0 67423.23 498.3 63.81
69 13697.0 13790.8 220.58 15776.0 68086.64 497.5 65.2
70 13641.0 13725.3 235.45 15773.0 69183.09 499.0 74.01
71 13373.0 13451.7 206.9 15487.0 66456.5 498.5 60.02
72 13770.0 13901.5 233.36 15916.0 68318.76 498.8 72.96
73 14096.0 14219.8 220.47 16348.0 67900.73 498.3 66.62
74 14197.0 14314.7 232.69 16338.0 73163.24 498.2 70.92
75 13508.0 13583.1 221.86 15611.0 62242.07 497.6 67.81
76 13873.0 14034.0 242.54 16125.0 70941.27 498.8 79.53
77 13190.0 13259.8 203.24 15254.0 60462.93 498.6 59.16
78 14164.0 14235.7 245.6 16283.0 70366.68 498.4 80.29
79 13530.0 13664.4 220.41 15674.0 66366.56 498.1 65.28
80 13474.0 13570.3 216.17 15510.0 65196.62 499.2 66.19
81 13048.0 13104.7 206.46 15153.0 60743.62 498.3 60.93
82 13836.0 13982.6 235.97 16039.0 71486.85 497.6 73.48
83 13129.0 13196.8 204.02 15128.0 62087.86 499.1 57.45
84 13675.0 13753.4 220.99 15715.0 67237.33 499.2 65.43
85 13125.0 13203.7 206.5 15035.0 63666.69 499.4 61.65
86 14352.0 14445.1 248.14 16381.0 65964.73 498.3 80.71
87 12990.0 13082.2 203.41 15029.0 66426.7 498.4 59.82
88 13359.0 13453.6 205.03 15557.0 63159.29 499.2 57.68
89 13373.0 13461.9 209.77 15339.0 63226.65 497.6 62.44
90 13946.0 14032.5 222.78 16204.0 65203.41 499.0 68.82
91 14048.0 14148.4 237.44 16189.0 69196.23 499.1 75.79
92 13547.0 13651.5 221.14 15643.0 58749.68 499.0 67.97
93 13622.0 13747.1 213.63 15713.0 63218.13 498.6 61.95
94 13761.0 13841.1 228.4 15871.0 70092.23 498.9 70.34
95 13829.0 13912.3 219.91 16041.0 68007.51 497.8 66.86
96 13399.0 13474.5 198.04 15516.0 59107.59 498.6 57.36
97 13140.0 13241.1 205.94 15212.0 66358.31 498.6 59.52
98 13547.0 13595.1 194.81 15585.0 58651.32 499.1 57.98
99 14956.0 15030.4 200.49 17218.0 78024.38 498.6 67.48
100 13093.0 13227.3 166.42 15216.0 69191.12 499.3 50.93
