1 13457.0 13482.4 1560.53 15963.0 71426.46 493.5 73.38
2 13988.0 14010.7 1504.09 16565.0 72333.39 499.2 75.04
3 12874.0 12874.0 1335.89 15098.0 62636.83 440.9 61.73
4 13194.0 13196.9 1320.08 15602.0 63276.78 480.3 65.52
5 13419.0 13425.4 1492.08 15967.0 70113.71 488.2 78.95
6 13753.0 13767.4 1592.21 16296.0 69342.66 486.0 76.3
7 13255.0 13257.5 1455.38 15615.0 67778.61 470.1 72.59
8 13320.0 13327.5 1371.93 15850.0 65418.46 491.9 62.87
9 13571.0 13596.8 1492.83 16010.0 70902.83 498.6 71.82
10 13241.0 13241.0 1289.8 15678.0 66461.55 436.2 66.25
11 12739.0 12739.0 1198.34 15132.0 60470.0 444.3 61.19
12 13125.0 13127.6 1444.23 15559.0 68761.57 480.7 73.2
13 12747.0 12747.0 1184.1 14997.0 58572.39 452.5 58.59
14 13526.0 13555.2 1606.46 16144.0 64448.57 499.6 85.29
15 13177.0 13185.8 1277.17 15709.0 62989.83 492.6 61.49
16 12903.0 12903.0 1132.3 15256.0 58930.1 419.5 60.03
17 12862.0 12862.0 1143.66 15279.0 64236.94 436.0 60.29
18 13288.0 13297.8 1382.11 15809.0 63247.99 495.3 67.76
19 13567.0 13630.3 1645.1 16164.0 69513.87 499.2 79.23
20 13627.0 13674.2 1577.43 16220.0 68472.55 495.7 76.36
21 13041.0 13041.0 1349.03 15440.0 65174.01 452.8 69.21
22 13494.0 13519.2 1389.14 16086.0 65860.26 496.7 70.12
23 12922.0 12922.0 1246.48 15396.0 63870.14 446.1 61.48
24 13595.0 13620.1 1392.36 16185.0 62228.46 499.2 71.33
25 13804.0 13858.8 1573.48 16380.0 68551.23 499.0 79.5
26 13671.0 13671.0 1540.45 16157.0 72021.65 473.7 74.16
27 12846.0 12851.1 1175.16 15260.0 58924.72 458.4 58.11
28 13210.0 13211.6 1241.92 15643.0 64958.87 478.2 62.69
29 13013.0 13015.2 1255.12 15437.0 64689.09 460.5 63.24
30 13166.0 13166.0 1215.48 15672.0 65602.34 463.0 65.71
31 13261.0 13261.0 1273.13 15658.0 64961.08 433.1 66.92
32 13287.0 13287.5 1439.73 15734.0 64343.08 447.0 73.51
33 13327.0 13327.6 1503.83 15767.0 67577.86 472.0 79.56
34 13846.0 13872.7 1615.45 16398.0 67396.95 498.1 84.04
35 12368.0 12370.6 1171.94 14654.0 64983.82 469.4 58.64
36 13428.0 13428.0 1326.8 15965.0 64596.62 459.7 67.95
37 13263.0 13264.6 1467.44 15652.0 65889.03 475.4 74.77
38 13213.0 13224.6 1553.48 15690.0 70450.04 495.7 75.81
39 13750.0 13792.1 1582.7 16338.0 72043.88 499.4 81.54
40 13483.0 13496.2 1555.45 16021.0 73584.88 493.7 83.38
41 13081.0 13093.9 1499.17 15597.0 67726.79 485.3 71.33
42 13482.0 13494.0 1444.89 16068.0 69658.76 495.9 75.92
43 13250.0 13250.4 1270.91 15813.0 64141.67 471.4 67.01
44 12510.0 12510.0 1207.53 14926.0 59720.94 453.1 64.78
45 12826.0 12826.0 1170.88 15088.0 60350.19 438.2 65.15
46 13374.0 13407.4 1500.01 15976.0 66580.85 496.3 75.43
47 14166.0 14218.1 1611.8 16837.0 74355.33 497.9 77.55
48 13655.0 13677.3 1592.27 16279.0 73690.92 493.9 82.83
49 13813.0 13839.6 1639.77 16435.0 67052.57 496.1 84.24
50 13468.0 13468.2 1551.87 16027.0 75693.84 481.7 77.54
51 13665.0 13665.6 1603.25 16190.0 70508.19 474.8 79.53
52 13437.0 13437.8 1537.16 15968.0 69018.92 475.5 78.78
53 13500.0 13529.7 1550.12 16030.0 69150.01 495.1 76.34
54 13350.0 13360.8 1424.78 15936.0 63686.54 492.2 71.76
55 13306.0 13315.2 1423.84 15726.0 63858.82 486.9 69.8
56 13339.0 13347.0 1356.87 15920.0 68327.38 487.8 70.33
57 13389.0 13389.0 1366.76 15893.0 63249.67 425.9 65.8
58 13885.0 13892.4 1571.52 16544.0 73448.96 484.9 77.82
59 13181.0 13181.8 1253.01 15668.0 64758.1 476.4 63.09
60 13273.0 13285.1 1376.98 15763.0 67626.48 477.4 68.81
61 13134.0 13134.0 1277.85 15565.0 64395.81 450.0 62.56
62 13159.0 13166.6 1251.39 15681.0 61898.52 485.2 59.51
63 13458.0 13458.2 1553.49 15881.0 69824.21 478.6 80.11
64 12763.0 12763.0 1176.39 15132.0 59135.1 422.4 62.01
65 13255.0 13256.3 1389.15 15762.0 61253.86 463.0 71.69
66 13936.0 13978.9 1572.27 16601.0 76510.15 498.4 77.45
67 13218.0 13218.6 1351.7 15662.0 69209.95 469.5 70.45
68 12963.0 12963.0 1207.18 15292.0 67423.23 423.2 71.18
69 13266.0 13284.8 1414.77 15776.0 68086.64 499.2 70.58
70 13269.0 13271.9 1482.17 15773.0 69183.09 480.5 79.22
71 13072.0 13072.0 1283.15 15487.0 66456.5 432.7 63.33
72 13383.0 13407.9 1506.9 15916.0 68318.76 497.6 75.98
73 13679.0 13713.7 1379.84 16348.0 67900.73 494.4 71.29
74 13732.0 13771.5 1485.62 16338.0 73163.24 495.9 74.62
75 13204.0 13204.0 1407.83 15611.0 62242.07 445.6 68.16
76 13524.0 13542.9 1558.09 16125.0 70941.27 492.9 83.23
77 12868.0 12868.0 1184.5 15254.0 60462.93 461.4 61.24
78 13708.0 13735.9 1616.83 16283.0 70366.68 499.7 83.41
79 13210.0 13210.0 1318.47 15674.0 66366.56 465.8 68.32
80 13183.0 13183.0 1346.28 15510.0 65196.62 427.5 71.19
81 12686.0 12687.6 1162.52 15153.0 60743.63 450.8 61.53
82 13495.0 13499.0 1561.7 16039.0 71486.85 479.6 77.21
83 12755.0 12755.2 1204.78 15128.0 62087.86 464.5 60.37
84 13278.0 13278.2 1460.61 15715.0 67237.33 468.1 69.72
85 12740.0 12743.9 1206.63 15035.0 63666.69 485.2 66.27
86 13941.0 13958.5 1589.0 16381.0 65964.73 488.1 83.82
87 12671.0 12673.0 1205.33 15029.0 66426.7 434.8 59.45
88 13066.0 13066.0 1259.21 15557.0 63159.29 452.4 62.53
89 12988.0 12997.2 1295.35 15339.0 63226.65 485.4 62.87
90 13594.0 13594.1 1407.48 16204.0 65203.41 469.7 72.88
91 13628.0 13628.3 1555.48 16189.0 69196.23 467.6 79.13
92 13172.0 13173.0 1420.58 15643.0 58749.68 471.1 70.33
93 13288.0 13288.7 1302.51 15713.0 63218.13 476.0 62.03
94 13321.0 13331.3 1448.76 15871.0 70092.23 485.1 77.49
95 13447.0 13449.3 1352.99 16041.0 68007.51 471.8 71.27
96 13069.0 13069.1 1112.74 15516.0 59107.59 435.0 60.63
97 12795.0 12800.7 1257.21 15212.0 66358.31 477.4 62.28
98 13145.0 13146.5 1249.94 15585.0 58651.32 453.5 63.83
99 14453.0 14489.8 1341.63 17218.0 78024.38 498.5 77.08
100 12800.0 12806.7 949.28 15216.0 69191.12 485.0 54.64
