1 3138.0 3138.0 226.37 3650.0 11036.44 178.0 9.06
2 3370.0 3370.0 210.6 3925.0 11457.88 183.6 7.51
3 3370.0 3370.0 253.92 3914.0 12411.82 199.6 9.49
4 3370.0 3370.0 222.96 3942.0 11520.38 183.1 8.53
5 3550.0 3550.0 306.22 4173.0 12927.96 257.9 12.86
6 3179.0 3179.0 216.77 3682.0 10680.83 160.9 8.19
7 3430.0 3430.5 274.66 3996.0 12015.83 225.5 11.77
8 3479.0 3481.9 303.57 4096.0 12502.25 260.2 13.26
9 3245.0 3245.0 223.44 3808.0 11962.47 193.2 10.46
10 3439.0 3439.0 274.17 4019.0 12767.97 220.9 11.47
11 3283.0 3283.0 228.28 3775.0 11305.04 169.0 9.86
12 3392.0 3392.0 227.6 3956.0 11501.35 179.1 8.74
13 3422.0 3422.0 295.66 3994.0 13126.41 224.7 11.43
14 3362.0 3362.0 236.57 3932.0 11922.78 180.4 9.83
15 3368.0 3368.0 256.29 3936.0 11755.83 208.0 10.52
16 3585.0 3585.0 284.39 4185.0 13191.29 216.2 13.75
17 3456.0 3456.5 259.97 4034.0 12337.99 197.1 12.23
18 3502.0 3502.2 263.13 4060.0 12291.9 180.9 11.88
19 3394.0 3394.0 227.86 3906.0 12007.84 160.4 10.58
20 3376.0 3376.0 244.05 3930.0 11979.8 200.5 11.33
21 3481.0 3481.0 258.39 4081.0 12821.03 188.5 12.43
22 3581.0 3581.0 292.42 4208.0 13515.18 226.6 11.71
23 3286.0 3286.0 203.92 3834.0 10832.06 180.7 7.49
24 3352.0 3352.0 278.62 3940.0 12007.06 209.4 11.18
25 3552.0 3552.0 303.33 4132.0 13215.07 209.3 13.07
26 3367.0 3367.0 228.71 3917.0 11890.46 188.8 10.44
27 3458.0 3458.0 255.03 4029.0 12683.37 196.5 9.94
28 3391.0 3391.0 245.5 3944.0 11395.75 184.2 9.87
29 3207.0 3207.0 204.46 3748.0 10939.28 191.6 8.66
30 3138.0 3138.0 227.9 3669.0 11521.68 199.9 9.12
31 3189.0 3189.0 202.66 3713.0 10487.24 174.7 8.38
32 3466.0 3466.7 265.9 4039.0 12218.9 185.0 11.67
33 3548.0 3548.4 284.86 4123.0 13011.9 177.1 12.16
34 3377.0 3377.0 250.18 3956.0 11377.21 196.7 12.11
35 3389.0 3389.0 251.98 3952.0 11963.06 188.4 9.6
36 3389.0 3389.0 220.67 3914.0 11802.3 173.1 10.0
37 3567.0 3567.0 303.02 4145.0 12709.4 190.9 13.54
38 3521.0 3521.0 269.05 4106.0 13155.4 180.3 10.53
39 3313.0 3313.0 260.72 3886.0 12355.11 185.7 10.79
40 3173.0 3173.0 205.06 3712.0 10758.11 175.9 7.2
41 3345.0 3345.0 252.1 3886.0 12164.19 179.5 10.93
42 3386.0 3387.5 262.88 3915.0 11772.22 194.7 11.41
43 3306.0 3306.0 239.24 3898.0 12064.79 205.8 10.07
44 3496.0 3496.0 263.16 4092.0 12256.23 196.9 10.58
45 3471.0 3471.0 242.13 4007.0 12619.47 194.0 11.1
46 3285.0 3286.1 215.95 3826.0 12090.74 176.5 8.52
47 3219.0 3219.0 226.66 3693.0 11359.03 189.9 8.66
48 3478.0 3478.0 242.71 4049.0 12161.24 202.8 10.91
49 3487.0 3487.0 254.37 4073.0 12358.79 177.2 10.6
50 3464.0 3464.0 274.26 4061.0 11813.05 202.5 11.63
51 3271.0 3271.0 203.01 3805.0 11039.24 172.1 8.03
52 3227.0 3227.0 252.95 3707.0 11675.16 183.3 10.26
53 3410.0 3410.0 229.0 3972.0 11509.08 177.7 11.4
54 3263.0 3263.1 236.55 3813.0 11437.41 210.4 10.14
55 3600.0 3600.0 275.22 4240.0 12930.14 224.7 12.42
56 3580.0 3580.0 263.24 4201.0 12415.8 212.9 11.39
57 3591.0 3591.0 299.82 4162.0 12705.18 210.4 13.46
58 3518.0 3518.0 292.64 4079.0 12201.25 211.8 12.59
59 3194.0 3194.2 211.25 3754.0 11434.29 192.2 10.81
60 3295.0 3295.0 229.54 3825.0 11650.21 186.7 8.69
61 3310.0 3310.0 242.08 3853.0 11420.5 201.0 11.46
62 3511.0 3512.4 236.05 4130.0 12334.53 197.1 9.6
63 3450.0 3450.0 288.72 4015.0 13043.17 190.8 12.49
64 3373.0 3373.0 241.64 3960.0 11332.69 181.3 9.87
65 3586.0 3586.0 304.31 4199.0 13315.27 204.8 14.2
66 3515.0 3515.0 267.23 4119.0 12094.33 196.7 12.31
67 3326.0 3326.0 214.69 3874.0 11258.04 175.9 8.4
68 3234.0 3234.0 235.55 3770.0 10878.14 191.7 10.26
69 3509.0 3509.0 265.12 4134.0 12932.06 213.1 11.96
70 3414.0 3414.3 273.53 4013.0 12392.68 213.8 10.79
71 3472.0 3472.5 236.58 4050.0 11828.89 201.8 9.97
72 3517.0 3517.1 293.78 4074.0 13044.12 202.1 11.71
73 3304.0 3304.0 241.47 3875.0 11500.87 214.6 10.54
74 3178.0 3178.0 207.2 3664.0 11374.69 166.0 7.61
75 3303.0 3303.0 220.16 3819.0 12590.9 173.2 9.95
76 3511.0 3511.0 270.33 4098.0 12790.07 205.7 11.38
77 3359.0 3359.0 272.82 3920.0 12381.96 204.4 10.95
78 3338.0 3338.0 204.06 3881.0 11215.25 175.7 7.37
79 3538.0 3538.0 301.89 4156.0 13089.12 202.3 12.51
80 3430.0 3430.0 246.19 3992.0 11331.74 183.7 10.25
81 3323.0 3323.0 201.82 3860.0 10951.3 175.2 8.33
82 3367.0 3367.0 240.92 3877.0 11837.25 159.8 10.13
83 3308.0 3308.0 225.54 3865.0 12270.98 167.9 9.26
84 3431.0 3431.0 241.77 4003.0 12271.21 218.7 9.74
85 3397.0 3397.5 262.74 3945.0 11750.86 191.7 11.0
86 3450.0 3450.0 220.58 4039.0 11478.67 218.3 10.16
87 3427.0 3427.0 288.18 4015.0 11790.04 213.2 11.77
88 3276.0 3276.0 223.56 3802.0 11026.17 184.4 9.09
89 3309.0 3309.1 211.07 3822.0 10814.39 146.0 9.56
90 3719.0 3719.0 304.02 4371.0 14011.38 216.3 13.25
91 3340.0 3340.0 208.46 3888.0 11566.6 168.4 8.46
92 3444.0 3444.0 268.27 4040.0 11918.13 190.4 12.23
93 3205.0 3205.6 227.71 3713.0 12144.64 178.3 9.9
94 3344.0 3344.0 202.61 3884.0 11376.55 169.4 7.69
95 3510.0 3510.0 275.87 4125.0 12509.53 215.7 11.63
96 3378.0 3378.0 226.95 3921.0 11413.44 177.3 8.85
97 3523.0 3523.0 268.86 4130.0 12609.42 201.6 10.96
98 3185.0 3185.0 221.61 3693.0 11377.02 210.1 9.87
99 3644.0 3644.7 235.12 4244.0 12180.68 223.4 12.32
100 3395.0 3395.0 230.17 3945.0 12962.93 209.2 12.09
