1 3138.0 3138.0 216.89 3650.0 11036.44 183.0 8.3
2 3370.0 3370.0 199.14 3925.0 11457.88 184.9 7.56
3 3370.0 3370.0 246.87 3914.0 12411.82 207.0 9.64
4 3370.0 3370.0 215.62 3942.0 11520.38 192.5 9.89
5 3550.0 3550.0 294.79 4173.0 12927.96 254.7 12.3
6 3179.0 3179.1 206.59 3682.0 10680.83 165.2 7.81
7 3430.0 3430.0 267.84 3996.0 12015.83 224.6 10.95
8 3479.0 3479.0 292.48 4096.0 12502.25 265.9 13.05
9 3245.0 3245.0 212.47 3808.0 11962.47 198.7 9.08
10 3439.0 3439.0 265.73 4019.0 12767.97 234.4 11.58
11 3283.0 3283.0 225.2 3775.0 11305.04 173.2 10.0
12 3392.0 3392.0 224.17 3956.0 11501.35 180.7 9.54
13 3422.0 3422.0 288.46 3994.0 13126.41 217.6 11.93
14 3362.0 3362.0 225.38 3932.0 11922.78 177.7 9.11
15 3368.0 3368.0 248.19 3936.0 11755.83 207.8 9.81
16 3585.0 3585.0 272.1 4185.0 13191.29 200.4 12.08
17 3456.0 3456.1 258.3 4034.0 12337.99 191.6 10.46
18 3502.0 3502.0 250.5 4060.0 12291.9 165.6 11.38
19 3394.0 3394.0 222.8 3906.0 12007.84 168.4 9.6
20 3376.0 3376.0 240.93 3930.0 11979.8 202.2 9.53
21 3481.0 3481.1 250.47 4081.0 12821.03 186.5 9.87
22 3581.0 3581.0 278.6 4208.0 13515.18 227.1 12.16
23 3286.0 3286.0 203.52 3834.0 10832.06 186.5 7.49
24 3352.0 3352.0 263.02 3940.0 12007.06 207.3 11.57
25 3552.0 3552.0 290.6 4132.0 13215.07 210.1 11.99
26 3367.0 3367.0 223.89 3917.0 11890.46 199.7 9.35
27 3458.0 3458.0 250.28 4029.0 12683.37 197.8 10.7
28 3391.0 3391.0 240.82 3944.0 11395.75 179.1 9.32
29 3207.0 3207.0 197.97 3748.0 10939.28 193.2 7.6
30 3138.0 3138.0 224.89 3669.0 11521.68 169.5 9.23
31 3189.0 3189.0 195.21 3713.0 10487.24 177.5 8.69
32 3466.0 3466.0 252.93 4039.0 12218.9 200.5 10.88
33 3548.0 3548.5 274.69 4123.0 13011.9 184.5 11.54
34 3377.0 3377.0 244.82 3956.0 11377.21 197.8 9.77
35 3389.0 3389.0 243.39 3952.0 11963.06 196.3 10.16
36 3389.0 3389.0 214.88 3914.0 11802.3 167.1 9.98
37 3567.0 3567.1 291.42 4145.0 12709.4 189.5 13.34
38 3521.0 3521.0 258.71 4106.0 13155.4 187.8 11.15
39 3313.0 3313.0 251.25 3886.0 12355.11 187.2 10.68
40 3173.0 3173.0 199.62 3712.0 10758.11 165.0 7.75
41 3345.0 3345.0 246.3 3886.0 12164.19 177.9 10.38
42 3386.0 3386.0 259.36 3915.0 11772.22 206.0 11.3
43 3306.0 3306.0 238.95 3898.0 12064.79 199.4 9.75
44 3496.0 3496.0 251.58 4092.0 12256.23 200.9 10.32
45 3471.0 3471.0 235.08 4007.0 12619.47 220.7 9.77
46 3285.0 3285.0 203.9 3826.0 12090.74 174.4 7.84
47 3219.0 3219.0 218.69 3693.0 11359.03 169.4 8.87
48 3478.0 3478.0 235.86 4049.0 12161.24 192.5 10.11
49 3487.0 3487.5 245.33 4073.0 12358.79 166.1 9.74
50 3464.0 3464.0 261.16 4061.0 11813.05 195.6 11.28
51 3271.0 3271.8 199.7 3805.0 11039.24 185.4 8.16
52 3227.0 3227.0 243.08 3707.0 11675.16 177.4 9.55
53 3410.0 3410.0 225.41 3972.0 11509.08 176.6 10.92
54 3263.0 3263.0 229.36 3813.0 11437.41 202.1 9.34
55 3600.0 3600.0 265.25 4240.0 12930.14 218.4 10.95
56 3580.0 3580.0 253.43 4201.0 12415.79 215.3 10.3
57 3591.0 3591.0 287.48 4162.0 12705.18 208.5 12.35
58 3518.0 3518.0 285.22 4079.0 12201.24 230.6 12.07
59 3194.0 3194.0 205.78 3754.0 11434.3 199.0 8.7
60 3295.0 3295.0 223.39 3825.0 11650.21 179.5 9.75
61 3310.0 3310.2 237.16 3853.0 11420.5 198.6 11.23
62 3511.0 3511.0 233.73 4130.0 12334.53 203.6 9.85
63 3450.0 3450.0 277.36 4015.0 13043.17 197.9 11.85
64 3373.0 3373.0 238.19 3960.0 11332.69 188.6 10.28
65 3586.0 3586.0 295.8 4199.0 13315.27 208.6 12.3
66 3515.0 3515.0 260.02 4119.0 12094.32 194.8 11.4
67 3326.0 3326.0 202.83 3874.0 11258.04 173.3 7.9
68 3234.0 3234.8 224.47 3770.0 10878.14 189.9 9.29
69 3509.0 3509.0 259.85 4134.0 12932.06 223.7 10.76
70 3414.0 3414.0 265.48 4013.0 12392.68 204.8 10.85
71 3472.0 3472.0 228.55 4050.0 11828.89 207.1 8.99
72 3517.0 3517.0 285.39 4074.0 13044.12 209.3 11.99
73 3304.0 3304.0 227.37 3875.0 11500.87 235.7 9.26
74 3178.0 3178.0 200.97 3664.0 11374.69 157.7 7.38
75 3303.0 3303.0 213.45 3819.0 12590.9 173.3 9.01
76 3511.0 3511.0 260.16 4098.0 12790.07 203.0 11.42
77 3359.0 3359.0 264.13 3920.0 12381.96 197.6 10.51
78 3338.0 3338.0 195.35 3881.0 11215.25 179.4 7.39
79 3538.0 3538.0 291.33 4156.0 13089.12 200.7 12.38
80 3430.0 3430.0 240.6 3992.0 11331.74 172.2 10.9
81 3323.0 3323.0 193.3 3860.0 10951.3 182.4 8.21
82 3367.0 3367.0 238.51 3877.0 11837.25 166.7 9.77
83 3308.0 3308.4 224.66 3865.0 12270.98 172.1 8.42
84 3431.0 3431.0 236.62 4003.0 12271.21 221.3 10.37
85 3397.0 3397.0 248.41 3945.0 11750.86 197.8 10.18
86 3450.0 3450.0 218.82 4039.0 11478.67 212.0 8.78
87 3427.0 3427.0 283.21 4015.0 11790.04 206.2 12.09
88 3276.0 3276.0 217.88 3802.0 11026.17 187.8 8.97
89 3309.0 3309.0 207.09 3822.0 10814.39 151.3 8.16
90 3719.0 3719.0 292.23 4371.0 14011.38 215.7 12.76
91 3340.0 3340.0 203.1 3888.0 11566.6 177.1 8.53
92 3444.0 3444.0 254.72 4040.0 11918.13 189.0 11.52
93 3205.0 3205.0 210.62 3713.0 12144.64 186.0 8.68
94 3344.0 3344.0 199.69 3884.0 11376.55 159.6 7.52
95 3510.0 3510.0 271.97 4125.0 12509.53 211.5 11.66
96 3378.0 3378.0 217.95 3921.0 11413.44 182.7 8.5
97 3523.0 3523.0 263.59 4130.0 12609.42 206.1 10.9
98 3185.0 3185.1 213.98 3693.0 11377.02 209.4 9.64
99 3644.0 3644.0 232.56 4244.0 12180.68 216.7 11.18
100 3395.0 3395.0 225.74 3945.0 12962.93 211.3 11.05
