1 3138.0 3138.0 694.09 3650.0 11036.44 146.4 8.68
2 3370.0 3370.0 631.13 3925.0 11457.88 148.1 7.11
3 3370.0 3370.0 797.64 3914.0 12411.82 164.8 10.72
4 3370.0 3370.0 687.86 3942.0 11520.38 150.1 8.7
5 3550.0 3550.0 979.95 4173.0 12927.96 210.2 13.78
6 3179.0 3179.0 659.93 3682.0 10680.83 129.6 8.85
7 3430.0 3430.0 872.52 3996.0 12015.83 176.3 11.54
8 3479.0 3479.0 968.6 4096.0 12502.25 213.6 17.23
9 3245.0 3245.0 680.82 3808.0 11962.47 156.1 10.22
10 3439.0 3439.0 883.79 4019.0 12767.97 180.4 12.99
11 3283.0 3283.0 702.96 3775.0 11305.04 138.8 10.55
12 3392.0 3392.0 703.92 3956.0 11501.35 143.2 9.64
13 3422.0 3422.0 940.87 3994.0 13126.41 176.5 12.32
14 3362.0 3362.0 713.44 3932.0 11922.78 148.5 9.95
15 3368.0 3368.0 816.59 3936.0 11755.83 166.6 11.22
16 3585.0 3585.0 894.54 4185.0 13191.29 174.5 12.85
17 3456.0 3456.0 809.34 4034.0 12337.99 161.4 13.18
18 3502.0 3502.0 828.73 4060.0 12291.9 144.0 10.82
19 3394.0 3394.0 698.5 3906.0 12007.84 132.7 10.61
20 3376.0 3376.0 753.72 3930.0 11979.8 160.7 11.32
21 3481.0 3481.0 808.66 4081.0 12821.03 148.4 12.51
22 3581.0 3581.0 937.91 4208.0 13515.18 186.6 11.9
23 3286.0 3286.0 626.04 3834.0 10832.06 159.1 8.08
24 3352.0 3352.0 865.23 3940.0 12007.06 161.6 12.15
25 3552.0 3552.0 950.02 4132.0 13215.07 168.3 12.1
26 3367.0 3367.0 711.14 3917.0 11890.46 138.5 9.23
27 3458.0 3458.0 798.41 4029.0 12683.37 159.8 12.06
28 3391.0 3391.0 773.17 3944.0 11395.75 148.9 11.15
29 3207.0 3207.0 623.32 3748.0 10939.28 148.9 8.26
30 3138.0 3138.0 714.8 3669.0 11521.68 138.2 9.88
31 3189.0 3189.0 612.41 3713.0 10487.24 147.5 8.93
32 3466.0 3466.0 834.54 4039.0 12218.9 151.6 12.17
33 3548.0 3548.0 899.82 4123.0 13011.9 146.8 13.25
34 3377.0 3377.0 766.17 3956.0 11377.21 156.7 11.55
35 3389.0 3389.0 789.93 3952.0 11963.06 153.5 12.41
36 3389.0 3389.0 678.4 3914.0 11802.3 139.9 11.27
37 3567.0 3567.0 956.93 4145.0 12709.4 152.7 15.12
38 3521.0 3521.0 840.97 4106.0 13155.4 145.3 12.02
39 3313.0 3313.0 814.72 3886.0 12355.11 138.4 12.92
40 3173.0 3173.0 627.88 3712.0 10758.11 140.5 8.67
41 3345.0 3345.0 789.83 3886.0 12164.19 144.5 10.76
42 3386.0 3386.0 825.41 3915.0 11772.22 161.3 11.61
43 3306.0 3306.0 745.12 3898.0 12064.79 156.3 9.77
44 3496.0 3496.0 819.02 4092.0 12256.23 155.3 11.31
45 3471.0 3471.0 749.64 4007.0 12619.47 161.4 9.91
46 3285.0 3285.0 656.79 3826.0 12090.74 136.8 7.92
47 3219.0 3219.0 701.0 3693.0 11359.03 148.4 9.43
48 3478.0 3478.0 746.78 4049.0 12161.24 163.2 11.24
49 3487.0 3487.0 791.65 4073.0 12358.79 147.4 9.83
50 3464.0 3464.0 856.98 4061.0 11813.05 159.4 11.55
51 3271.0 3271.0 623.89 3805.0 11039.24 129.9 8.98
52 3227.0 3227.0 800.48 3707.0 11675.16 145.2 10.11
53 3410.0 3410.0 701.13 3972.0 11509.08 149.1 11.78
54 3263.0 3263.0 740.3 3813.0 11437.41 166.3 10.6
55 3600.0 3600.0 883.55 4240.0 12930.14 175.2 12.17
56 3580.0 3580.0 824.74 4201.0 12415.8 168.9 12.75
57 3591.0 3591.0 938.9 4162.0 12705.18 173.2 12.48
58 3518.0 3518.0 927.81 4079.0 12201.24 161.0 13.14
59 3194.0 3194.0 650.2 3754.0 11434.3 155.5 10.15
60 3295.0 3295.0 710.6 3825.0 11650.21 145.3 8.57
61 3310.0 3310.0 753.95 3853.0 11420.5 150.8 11.18
62 3511.0 3511.0 747.55 4130.0 12334.53 160.3 11.82
63 3450.0 3450.0 898.54 4015.0 13043.17 153.8 12.7
64 3373.0 3373.0 759.61 3960.0 11332.69 150.6 11.46
65 3586.0 3586.0 962.41 4199.0 13315.27 162.8 12.82
66 3515.0 3515.0 825.23 4119.0 12094.33 165.3 13.12
67 3326.0 3326.0 646.68 3874.0 11258.04 139.4 8.74
68 3234.0 3234.0 732.28 3770.0 10878.14 145.0 11.06
69 3509.0 3509.0 849.63 4134.0 12932.06 171.8 13.38
70 3414.0 3414.0 853.06 4013.0 12392.68 164.8 10.16
71 3472.0 3472.0 744.29 4050.0 11828.89 168.7 9.15
72 3517.0 3517.0 945.8 4074.0 13044.12 165.9 11.93
73 3304.0 3304.0 730.49 3875.0 11500.87 174.6 11.74
74 3178.0 3178.0 636.69 3664.0 11374.69 129.9 8.82
75 3303.0 3303.0 673.82 3819.0 12590.9 139.5 10.22
76 3511.0 3511.0 852.42 4098.0 12790.07 169.1 12.59
77 3359.0 3359.0 841.92 3920.0 12381.96 159.1 11.92
78 3338.0 3338.0 624.17 3881.0 11215.25 140.6 7.95
79 3538.0 3538.0 961.05 4156.0 13089.12 162.4 13.74
80 3430.0 3430.0 761.86 3992.0 11331.74 144.7 10.37
81 3323.0 3323.0 601.37 3860.0 10951.3 146.6 8.56
82 3367.0 3367.0 756.17 3877.0 11837.25 129.5 10.78
83 3308.0 3308.0 703.26 3865.0 12270.98 132.3 9.48
84 3431.0 3431.0 747.6 4003.0 12271.21 170.7 12.4
85 3397.0 3397.0 808.54 3945.0 11750.86 154.7 10.69
86 3450.0 3450.0 693.38 4039.0 11478.67 165.5 9.61
87 3427.0 3427.0 920.43 4015.0 11790.04 160.1 12.4
88 3276.0 3276.0 690.14 3802.0 11026.17 149.4 11.02
89 3309.0 3309.0 653.01 3822.0 10814.39 119.2 8.44
90 3719.0 3719.0 957.67 4371.0 14011.38 183.0 12.91
91 3340.0 3340.0 639.94 3888.0 11566.6 144.9 10.0
92 3444.0 3444.0 824.24 4040.0 11918.13 153.1 11.3
93 3205.0 3205.0 665.11 3713.0 12144.64 138.8 10.06
94 3344.0 3344.0 632.52 3884.0 11376.55 131.1 9.32
95 3510.0 3510.0 875.18 4125.0 12509.53 173.8 12.22
96 3378.0 3378.0 700.56 3921.0 11413.44 139.6 9.43
97 3523.0 3523.0 854.84 4130.0 12609.42 171.3 11.85
98 3185.0 3185.0 676.79 3693.0 11377.02 168.9 8.52
99 3644.0 3644.0 727.87 4244.0 12180.68 171.9 11.83
100 3395.0 3395.0 722.63 3945.0 12962.93 173.7 11.37
