1 3138.0 3139.2 64.9 3650.0 11036.44 330.9 9.41
2 3370.0 3370.2 60.3 3925.0 11457.88 351.9 7.09
3 3370.0 3373.4 71.2 3914.0 12411.82 376.2 10.83
4 3370.0 3371.1 61.22 3942.0 11520.38 339.7 8.58
5 3550.0 3552.7 77.19 4173.0 12927.96 421.3 12.46
6 3179.0 3181.5 61.34 3682.0 10680.83 289.3 7.82
7 3430.0 3430.0 72.22 3996.0 12015.83 405.9 10.95
8 3479.0 3481.5 77.86 4096.0 12502.25 470.0 12.11
9 3245.0 3245.1 64.39 3808.0 11962.47 353.1 9.64
10 3439.0 3439.1 74.26 4019.0 12767.97 407.7 11.65
11 3283.0 3286.2 66.93 3775.0 11305.04 333.4 10.37
12 3392.0 3393.2 63.84 3956.0 11501.35 335.3 8.86
13 3422.0 3422.1 75.99 3994.0 13126.41 401.6 11.67
14 3362.0 3362.0 65.3 3932.0 11922.78 311.8 9.66
15 3368.0 3368.0 70.12 3936.0 11755.83 384.3 9.9
16 3585.0 3585.9 75.98 4185.0 13191.29 371.7 12.41
17 3456.0 3456.5 70.56 4034.0 12337.99 352.3 11.03
18 3502.0 3503.2 70.91 4060.0 12291.9 319.4 11.22
19 3394.0 3394.6 64.28 3906.0 12007.84 298.4 8.79
20 3376.0 3377.6 67.65 3930.0 11979.8 383.9 9.74
21 3481.0 3481.2 70.86 4081.0 12821.03 341.0 10.67
22 3581.0 3581.3 75.38 4208.0 13515.18 402.7 11.5
23 3286.0 3286.4 59.22 3834.0 10832.06 344.0 7.32
24 3352.0 3352.0 72.11 3940.0 12007.06 387.0 10.25
25 3552.0 3552.3 77.68 4132.0 13215.07 377.5 11.66
26 3367.0 3367.0 64.84 3917.0 11890.46 319.2 9.03
27 3458.0 3459.0 68.61 4029.0 12683.37 355.9 9.96
28 3391.0 3393.1 68.09 3944.0 11395.75 339.2 9.52
29 3207.0 3208.9 59.76 3748.0 10939.28 338.8 6.87
30 3138.0 3138.7 65.21 3669.0 11521.68 305.9 9.02
31 3189.0 3189.0 59.35 3713.0 10487.24 305.3 7.33
32 3466.0 3467.7 70.61 4039.0 12218.9 348.8 10.58
33 3548.0 3548.0 75.11 4123.0 13011.9 331.8 11.28
34 3377.0 3377.1 67.76 3956.0 11377.21 362.0 9.81
35 3389.0 3389.1 68.66 3952.0 11963.06 356.6 9.87
36 3389.0 3391.0 64.72 3914.0 11802.3 309.7 9.7
37 3567.0 3567.6 77.66 4145.0 12709.4 354.2 12.68
38 3521.0 3522.3 72.77 4106.0 13155.4 340.2 10.58
39 3313.0 3314.5 69.66 3886.0 12355.11 326.4 10.18
40 3173.0 3173.0 59.38 3712.0 10758.11 302.7 7.06
41 3345.0 3345.2 68.69 3886.0 12164.19 313.5 9.94
42 3386.0 3386.1 71.31 3915.0 11772.22 364.8 11.02
43 3306.0 3306.6 66.72 3898.0 12064.79 368.9 9.16
44 3496.0 3496.2 71.48 4092.0 12256.23 353.9 10.33
45 3471.0 3471.0 67.07 4007.0 12619.47 361.6 9.43
46 3285.0 3286.8 62.62 3826.0 12090.74 310.8 8.15
47 3219.0 3219.9 63.97 3693.0 11359.03 308.8 8.73
48 3478.0 3480.1 67.6 4049.0 12161.24 370.2 9.82
49 3487.0 3487.0 69.16 4073.0 12358.79 331.0 9.87
50 3464.0 3465.1 72.77 4061.0 11813.05 348.0 11.48
51 3271.0 3271.5 60.0 3805.0 11039.24 324.8 7.51
52 3227.0 3227.0 68.68 3707.0 11675.16 318.6 9.64
53 3410.0 3410.0 66.71 3972.0 11509.08 333.6 10.35
54 3263.0 3264.5 65.18 3813.0 11437.41 367.3 9.11
55 3600.0 3600.1 73.78 4240.0 12930.14 400.4 11.7
56 3580.0 3580.0 70.77 4201.0 12415.79 412.0 10.38
57 3591.0 3592.4 77.47 4162.0 12705.18 388.8 12.3
58 3518.0 3518.5 75.3 4079.0 12201.24 385.8 11.89
59 3194.0 3194.7 61.57 3754.0 11434.3 369.2 8.46
60 3295.0 3295.6 64.71 3825.0 11650.21 338.6 8.72
61 3310.0 3310.0 67.16 3853.0 11420.5 353.2 9.79
62 3511.0 3514.1 66.73 4130.0 12334.53 356.8 9.56
63 3450.0 3452.3 74.53 4015.0 13043.17 364.2 12.17
64 3373.0 3373.6 67.62 3960.0 11332.69 350.7 8.96
65 3586.0 3589.4 79.64 4199.0 13315.27 357.8 13.14
66 3515.0 3515.1 72.2 4119.0 12094.33 363.6 11.38
67 3326.0 3326.0 60.73 3874.0 11258.04 327.8 7.96
68 3234.0 3234.9 67.06 3770.0 10878.14 349.4 10.21
69 3509.0 3510.6 71.05 4134.0 12932.06 409.6 10.31
70 3414.0 3414.8 71.89 4013.0 12392.68 376.4 11.08
71 3472.0 3472.0 66.33 4050.0 11828.89 375.4 9.43
72 3517.0 3517.9 77.12 4074.0 13044.12 388.7 12.55
73 3304.0 3304.1 67.06 3875.0 11500.87 376.4 9.87
74 3178.0 3181.4 59.77 3664.0 11374.69 293.1 7.26
75 3303.0 3303.1 63.58 3819.0 12590.9 322.6 8.6
76 3511.0 3511.0 72.2 4098.0 12790.07 384.7 10.73
77 3359.0 3360.1 72.46 3920.0 12381.96 360.9 10.68
78 3338.0 3338.2 58.87 3881.0 11215.25 315.4 7.17
79 3538.0 3539.8 76.57 4156.0 13089.12 413.2 12.15
80 3430.0 3431.9 68.78 3992.0 11331.74 324.5 10.16
81 3323.0 3323.7 59.43 3860.0 10951.3 341.1 7.64
82 3367.0 3367.2 68.02 3877.0 11837.25 287.5 10.23
83 3308.0 3308.0 65.02 3865.0 12270.98 300.4 8.78
84 3431.0 3431.2 66.41 4003.0 12271.21 382.8 9.59
85 3397.0 3397.5 70.93 3945.0 11750.86 361.4 9.93
86 3450.0 3451.8 64.63 4039.0 11478.67 384.4 8.56
87 3427.0 3428.5 75.63 4015.0 11790.04 382.2 12.13
88 3276.0 3276.4 63.74 3802.0 11026.17 342.9 8.94
89 3309.0 3309.9 62.46 3822.0 10814.39 290.8 7.88
90 3719.0 3720.0 77.65 4371.0 14011.38 397.1 11.95
91 3340.0 3340.0 63.31 3888.0 11566.6 327.0 8.28
92 3444.0 3444.1 69.53 4040.0 11918.13 360.3 10.47
93 3205.0 3205.5 63.54 3713.0 12144.64 319.3 9.11
94 3344.0 3345.1 59.76 3884.0 11376.55 307.9 7.55
95 3510.0 3512.9 74.45 4125.0 12509.53 380.2 11.62
96 3378.0 3378.1 63.75 3921.0 11413.44 326.0 8.83
97 3523.0 3523.0 72.48 4130.0 12609.42 379.6 10.45
98 3185.0 3186.5 62.94 3693.0 11377.02 384.0 9.46
99 3644.0 3645.1 61.47 4244.0 12180.68 387.6 10.79
100 3395.0 3395.4 59.67 3945.0 12962.93 390.2 10.79
