1 308.0 308.0 9.4 333.0 525.96 17.5 0.07
2 277.0 277.0 8.28 291.0 477.67 9.7 0.05
3 285.0 285.0 9.8 303.0 496.77 9.9 0.07
4 288.0 288.0 12.09 310.0 518.2 11.4 0.1
5 283.0 283.0 10.79 306.0 509.97 12.3 0.07
6 305.0 305.0 8.87 317.0 500.65 10.4 0.07
7 288.0 288.0 10.85 305.0 519.49 9.3 0.1
8 256.0 256.0 10.33 264.0 451.45 3.6 0.07
9 277.0 277.0 10.13 286.0 466.87 7.3 0.08
10 316.0 316.0 10.54 337.0 553.73 14.1 0.08
11 304.0 304.0 11.18 325.0 531.28 15.4 0.09
12 286.0 286.0 10.74 309.0 482.83 16.3 0.11
13 266.0 266.0 11.82 281.0 483.84 13.6 0.11
14 269.0 269.0 9.73 278.0 477.62 9.6 0.07
15 275.0 275.0 9.64 289.0 490.93 11.1 0.06
16 295.0 295.0 11.01 318.0 533.9 17.6 0.08
17 262.0 262.0 10.41 284.0 465.28 20.8 0.08
18 253.0 253.0 9.83 273.0 439.25 15.5 0.06
19 244.0 244.0 9.79 265.0 442.61 14.7 0.08
20 286.0 286.0 10.94 308.0 504.12 15.1 0.08
21 292.0 292.0 10.45 306.0 517.88 12.0 0.09
22 237.0 237.0 9.43 250.0 404.94 7.6 0.06
23 276.0 276.0 9.38 286.0 454.92 5.8 0.05
24 294.0 294.0 11.37 302.0 530.81 7.0 0.09
25 238.0 238.0 9.57 248.0 417.52 10.1 0.07
26 295.0 295.0 9.39 315.0 493.81 11.9 0.06
27 302.0 302.0 11.58 317.0 565.11 11.5 0.11
28 288.0 288.0 11.21 317.0 519.51 15.8 0.09
29 298.0 298.0 11.43 322.0 548.62 12.2 0.11
30 299.0 299.0 11.48 331.0 527.46 20.6 0.09
31 265.0 265.1 10.23 285.0 460.8 23.9 0.09
32 329.0 329.0 9.89 335.0 510.85 8.3 0.07
33 309.0 309.0 11.82 335.0 550.65 18.8 0.11
34 312.0 312.0 11.22 334.0 567.2 13.3 0.07
35 285.0 285.0 11.73 306.0 511.67 16.1 0.1
36 265.0 265.0 10.03 281.0 461.33 9.3 0.07
37 276.0 276.0 11.25 294.0 500.16 17.8 0.09
38 249.0 249.0 9.57 263.0 421.1 6.8 0.05
39 277.0 277.0 9.86 306.0 491.28 12.6 0.08
40 261.0 261.0 11.59 279.0 470.56 19.9 0.1
41 289.0 289.0 9.75 305.0 469.27 15.2 0.06
42 297.0 297.0 10.77 321.0 517.62 12.8 0.07
43 297.0 297.0 11.61 318.0 552.83 13.1 0.08
44 270.0 270.0 10.44 281.0 491.92 7.7 0.1
45 322.0 322.0 11.99 345.0 572.65 14.1 0.09
46 243.0 243.0 10.14 250.0 438.66 10.3 0.09
47 323.0 323.0 10.54 345.0 534.86 14.0 0.09
48 303.0 303.0 11.86 329.0 547.32 13.9 0.1
49 268.0 268.0 11.15 288.0 479.24 13.5 0.07
50 295.0 295.0 11.16 319.0 500.25 13.6 0.09
51 280.0 280.0 10.78 306.0 496.38 18.1 0.07
52 344.0 344.0 11.7 360.0 591.65 11.0 0.08
53 282.0 282.0 11.59 307.0 529.94 18.1 0.08
54 272.0 272.0 9.78 291.0 445.05 10.1 0.08
55 304.0 304.0 9.93 316.0 493.62 16.0 0.06
56 288.0 288.0 9.99 305.0 497.94 10.0 0.07
57 259.0 259.4 11.36 277.0 484.05 11.3 0.1
58 336.0 336.0 10.46 359.0 576.1 14.3 0.08
59 284.0 284.0 11.05 294.0 483.06 8.9 0.08
60 256.0 256.0 11.02 265.0 473.9 12.8 0.08
61 308.0 308.0 10.59 333.0 528.77 17.9 0.09
62 300.0 300.0 11.03 316.0 528.87 13.9 0.09
63 279.0 279.0 10.99 298.0 496.79 12.6 0.1
64 290.0 290.0 10.87 308.0 495.63 10.8 0.1
65 277.0 277.0 10.37 297.0 473.67 12.9 0.09
66 290.0 290.0 11.56 305.0 522.69 15.1 0.11
67 325.0 330.9 11.77 353.0 575.34 32.8 0.11
68 298.0 298.0 11.61 314.0 528.42 14.9 0.1
69 307.0 307.0 11.63 323.0 557.01 13.9 0.11
70 277.0 277.0 10.49 286.0 470.86 9.7 0.08
71 299.0 299.0 10.91 319.0 523.12 13.2 0.09
72 262.0 262.0 10.35 268.0 438.34 6.5 0.07
73 277.0 277.0 9.77 294.0 452.45 11.8 0.07
74 281.0 281.0 11.62 294.0 526.54 11.2 0.1
75 219.0 219.0 9.51 235.0 405.25 10.6 0.07
76 296.0 296.0 10.37 320.0 508.78 10.5 0.06
77 288.0 288.0 10.08 293.0 480.29 7.0 0.06
78 257.0 257.0 11.31 275.0 476.69 13.9 0.1
79 281.0 281.0 10.68 303.0 482.88 12.8 0.07
80 279.0 279.0 10.39 291.0 494.2 9.3 0.08
81 270.0 270.0 10.09 278.0 452.43 8.0 0.07
82 347.0 347.0 12.07 368.0 611.92 13.2 0.11
83 265.0 265.0 10.28 278.0 503.23 7.8 0.08
84 272.0 272.0 9.7 287.0 459.0 12.7 0.08
85 304.0 304.0 10.32 321.0 513.23 14.9 0.07
86 336.0 336.0 10.6 359.0 571.26 10.7 0.09
87 267.0 267.0 9.85 279.0 466.81 8.6 0.1
88 305.0 305.0 10.89 322.0 510.98 12.1 0.09
89 289.0 289.0 10.68 300.0 495.85 11.0 0.07
90 311.0 311.0 11.15 337.0 544.37 14.4 0.11
91 280.0 280.0 10.43 296.0 486.86 10.3 0.09
92 298.0 298.0 10.12 318.0 514.4 10.3 0.07
93 304.0 304.0 11.27 327.0 541.8 12.7 0.1
94 308.0 308.0 11.21 322.0 537.94 9.8 0.1
95 263.0 263.0 9.59 273.0 447.02 11.1 0.07
96 267.0 267.0 11.32 291.0 488.14 16.7 0.12
97 264.0 264.0 9.72 273.0 449.38 7.3 0.06
98 296.0 296.0 9.4 306.0 517.17 8.4 0.08
99 273.0 273.0 8.94 284.0 511.94 16.4 0.1
100 262.0 262.0 7.17 273.0 435.23 7.5 0.07
