1 308.0 308.0 6.66 333.0 525.96 55.5 0.06
2 277.0 277.2 6.88 291.0 477.67 19.2 0.05
3 285.0 285.0 7.33 303.0 496.77 20.4 0.07
4 288.0 288.0 9.11 310.0 518.2 25.3 0.09
5 282.0 282.9 8.19 306.0 509.97 41.1 0.08
6 305.0 305.0 7.01 317.0 500.65 42.2 0.05
7 288.0 288.0 8.06 305.0 519.49 22.5 0.06
8 256.0 256.0 7.27 264.0 451.45 11.2 0.06
9 277.0 277.0 7.34 286.0 466.87 18.0 0.06
10 316.0 316.0 7.99 337.0 553.73 27.4 0.06
11 304.0 304.0 8.35 325.0 531.28 30.8 0.07
12 286.0 286.0 8.49 309.0 482.83 37.7 0.09
13 266.0 266.0 8.99 281.0 483.84 29.3 0.1
14 269.0 269.0 7.51 278.0 477.62 18.9 0.09
15 275.0 275.0 7.52 289.0 490.93 21.1 0.06
16 295.0 295.0 8.73 318.0 533.9 36.8 0.1
17 262.0 262.0 8.43 284.0 465.28 36.0 0.09
18 253.0 253.0 7.66 273.0 439.25 33.7 0.06
19 244.0 244.0 7.84 265.0 442.61 28.1 0.09
20 286.0 286.0 8.75 308.0 504.12 29.8 0.07
21 292.0 292.0 8.49 306.0 517.88 29.5 0.08
22 237.0 237.0 7.7 250.0 404.94 19.6 0.05
23 276.0 276.0 8.07 286.0 454.92 12.3 0.07
24 294.0 294.0 8.99 302.0 530.81 16.3 0.1
25 238.0 238.0 8.22 248.0 417.52 20.1 0.07
26 295.0 295.0 7.85 315.0 493.81 23.8 0.07
27 302.0 302.0 9.0 317.0 565.11 20.5 0.11
28 288.0 288.0 8.75 317.0 519.51 31.1 0.1
29 298.0 298.0 8.92 322.0 548.62 25.4 0.09
30 299.0 299.0 9.0 331.0 527.46 40.0 0.09
31 265.0 265.0 8.29 285.0 460.8 37.9 0.08
32 329.0 329.0 7.91 335.0 510.85 17.2 0.06
33 309.0 309.0 9.06 335.0 550.65 52.5 0.1
34 312.0 312.0 8.68 334.0 567.2 28.7 0.09
35 285.0 285.0 8.84 306.0 511.67 31.6 0.07
36 265.0 265.0 7.82 281.0 461.33 24.8 0.06
37 276.0 276.0 8.75 294.0 500.16 81.0 0.09
38 249.0 249.0 8.24 263.0 421.1 16.3 0.07
39 276.0 276.9 8.1 306.0 491.28 36.9 0.07
40 260.0 260.8 8.96 279.0 470.56 88.8 0.09
41 289.0 289.0 7.97 305.0 469.27 27.5 0.07
42 297.0 297.4 8.64 321.0 517.62 23.6 0.08
43 297.0 297.0 8.9 318.0 552.83 28.8 0.11
44 270.0 270.0 8.32 281.0 491.92 16.0 0.09
45 322.0 322.0 9.2 345.0 572.65 75.9 0.09
46 243.0 243.0 8.07 250.0 438.66 22.9 0.08
47 323.0 323.0 8.25 345.0 534.86 30.2 0.09
48 302.0 302.8 9.02 329.0 547.32 74.3 0.11
49 268.0 268.0 8.68 288.0 479.24 39.8 0.1
50 295.0 295.0 8.81 319.0 500.25 62.2 0.09
51 280.0 280.0 8.67 306.0 496.38 32.8 0.08
52 344.0 344.0 8.95 360.0 591.65 23.3 0.11
53 282.0 282.7 9.0 307.0 529.94 36.9 0.09
54 272.0 272.0 7.96 291.0 445.05 29.7 0.07
55 304.0 304.0 8.21 316.0 493.62 31.9 0.06
56 288.0 288.0 7.88 305.0 497.94 24.8 0.06
57 259.0 259.0 8.5 277.0 484.05 26.3 0.09
58 336.0 336.0 8.45 359.0 576.1 31.4 0.07
59 284.0 284.0 8.9 294.0 483.06 16.7 0.1
60 256.0 256.0 8.7 265.0 473.9 22.9 0.09
61 308.0 308.0 8.52 333.0 528.77 38.6 0.1
62 300.0 300.0 8.84 316.0 528.87 26.7 0.09
63 279.0 279.8 8.84 298.0 496.79 19.3 0.09
64 290.0 290.0 8.64 308.0 495.63 27.4 0.1
65 277.0 277.0 8.2 297.0 473.67 29.1 0.08
66 290.0 290.0 8.84 305.0 522.69 26.7 0.1
67 333.0 333.0 9.23 353.0 575.34 31.1 0.11
68 298.0 298.3 8.87 314.0 528.42 31.8 0.09
69 307.0 307.0 8.86 323.0 557.01 27.6 0.1
70 277.0 277.0 8.22 286.0 470.86 22.6 0.07
71 299.0 299.8 8.49 319.0 523.12 28.1 0.07
72 262.0 262.0 8.23 268.0 438.34 15.9 0.08
73 277.0 277.0 8.01 294.0 452.45 25.1 0.05
74 281.0 281.0 9.05 294.0 526.55 21.1 0.1
75 219.0 219.0 7.81 235.0 405.25 18.2 0.06
76 296.0 296.5 8.37 320.0 508.78 24.5 0.07
77 288.0 288.0 8.09 293.0 480.29 15.4 0.07
78 257.0 257.0 8.85 275.0 476.69 29.8 0.09
79 281.0 281.0 8.52 303.0 482.88 23.8 0.07
80 279.0 279.0 8.55 291.0 494.2 67.3 0.09
81 270.0 270.0 8.11 278.0 452.43 14.3 0.07
82 347.0 347.0 9.06 368.0 611.92 28.5 0.12
83 265.0 265.0 8.39 278.0 503.24 18.4 0.08
84 272.0 272.0 8.16 287.0 459.0 29.1 0.09
85 304.0 304.0 8.1 321.0 513.23 37.8 0.07
86 336.0 336.0 8.52 359.0 571.26 21.9 0.1
87 267.0 267.0 8.14 279.0 466.81 16.7 0.09
88 305.0 305.0 8.46 322.0 510.98 28.4 0.09
89 289.0 289.0 8.54 300.0 495.85 47.0 0.08
90 311.0 311.0 8.87 337.0 544.37 27.6 0.1
91 280.0 280.0 8.17 296.0 486.86 20.1 0.1
92 298.0 298.0 8.25 318.0 514.4 24.7 0.07
93 304.0 304.0 8.98 327.0 541.8 26.1 0.07
94 308.0 308.1 8.56 322.0 537.94 19.4 0.08
95 263.0 263.0 7.85 273.0 447.02 44.6 0.06
96 267.0 267.0 8.84 291.0 488.14 83.9 0.11
97 264.0 264.0 7.91 273.0 449.38 15.1 0.07
98 296.0 296.0 7.48 306.0 517.17 17.8 0.07
99 273.0 273.0 6.76 284.0 511.94 29.8 0.12
100 262.0 262.0 5.56 273.0 435.23 12.7 0.05
