gr17 2760.0 2909.71 4.88 2995.0 3854.83 60.1 0.01
gr21 7788.0 8735.73 5.36 9067.0 11398.76 55.6 0.01
gr24 1845.0 1907.0 5.88 1867.0 2550.83 70.5 0.02
fri26 1302.0 1324.51 6.24 1302.0 1833.97 1.3 0.02
bays29 2991.0 3067.09 6.65 3090.0 4367.59 6.3 0.02
gr48 7583.0 7760.26 9.82 8132.0 12576.97 18.9 0.07
eil51 639.78 653.71 9.21 680.57 1038.69 16.4 0.08
berlin52 11218.12 11566.84 9.94 12133.14 18390.15 17.5 0.08
eil76 818.94 837.82 12.89 872.61 1457.95 15.1 0.16
eil101 950.74 975.4 16.24 1030.99 1784.46 32.6 0.3
