gr17 2760.0 2989.92 4.92 2995.0 3854.83 160.3 0.01
gr21 8013.0 8497.47 5.46 9067.0 11398.76 78.8 0.01
gr24 1850.0 1890.03 6.08 1867.0 2550.83 51.5 0.02
fri26 1302.0 1321.21 6.33 1302.0 1833.97 1.3 0.02
bays29 2991.0 3066.24 6.74 3090.0 4367.59 5.4 0.02
gr48 7583.0 7714.24 9.41 8132.0 12576.97 67.3 0.07
eil51 639.78 652.05 10.02 680.57 1038.69 12.5 0.08
berlin52 11259.14 11446.08 10.33 12133.14 18390.15 12.7 0.08
eil76 818.94 830.76 13.66 872.61 1457.95 12.6 0.16
eil101 950.74 964.86 17.28 1030.99 1784.46 24.0 0.29
