gr17 2760.0 2966.15 4.79 2995.0 3854.83 10.1 0.01
gr21 8013.0 8501.76 5.45 9067.0 11398.76 21.7 0.01
gr24 1824.0 1903.28 5.85 1867.0 2550.83 47.0 0.02
fri26 1302.0 1322.62 6.15 1302.0 1833.97 1.4 0.02
bays29 2991.0 3060.53 6.51 3090.0 4367.59 5.1 0.02
gr48 7594.0 7710.74 9.08 8132.0 12576.97 13.6 0.07
eil51 639.78 648.88 9.93 680.57 1038.69 13.2 0.07
berlin52 11259.14 11553.58 10.11 12133.14 18390.15 13.4 0.07
eil76 816.93 834.26 13.57 872.61 1457.95 53.5 0.16
eil101 950.74 966.88 17.59 1030.99 1784.46 24.2 0.29
