0     gr17        2760.00     2765.78   6.941     3056.00   4083.46   7           0.01        
1     gr17        2760.00     2772.67   6.874     3028.00   3808.00   6           0.01        
2     gr17        2760.00     2792.01   7.088     3000.00   3903.89   6           0.01        
3     gr17        2760.00     2772.31   7.245     3035.00   3844.52   4           0.01        
4     gr17        3000.00     3017.16   7.050     3000.00   3947.71   0           0.01        
5     gr17        3000.00     3001.46   7.386     3035.00   3717.88   1           0.01        
6     gr17        2760.00     2774.55   6.994     3000.00   3670.30   5           0.01        
7     gr17        2760.00     2787.35   6.671     3000.00   3780.53   6           0.01        
8     gr17        3000.00     3007.38   6.851     3060.00   3996.79   1           0.01        
9     gr17        2760.00     2781.49   6.582     2995.00   3795.21   3           0.01        
0     gr21        7788.00     7888.17   8.908     9576.00   11415.65  24          0.01        
1     gr21        7788.00     7836.50   8.707     9628.00   11464.41  26          0.01        
2     gr21        8001.00     8030.46   8.522     9067.00   11433.54  19          0.01        
3     gr21        8371.00     8509.25   8.666     9532.00   11686.08  15          0.01        
4     gr21        7788.00     7967.70   8.828     9628.00   11318.06  28          0.01        
5     gr21        8001.00     8023.68   8.758     9336.00   11330.50  22          0.01        
6     gr21        7788.00     7928.49   8.599     9210.00   11297.19  27          0.01        
7     gr21        7788.00     7947.30   8.623     9628.00   11265.65  23          0.01        
8     gr21        8001.00     8171.33   8.489     9609.00   11415.48  18          0.01        
9     gr21        7788.00     7835.81   8.713     9628.00   11361.01  24          0.01        
0     gr24        1867.00     1885.96   10.143    1937.00   2575.54   5           0.02        
1     gr24        1867.00     1871.22   10.500    1917.00   2433.87   3           0.02        
2     gr24        1867.00     1898.40   10.456    1953.00   2615.55   5           0.01        
3     gr24        1867.00     1874.24   10.775    1949.00   2631.00   5           0.02        
4     gr24        1867.00     1890.72   10.578    1903.00   2505.69   4           0.02        
5     gr24        1867.00     1891.85   10.568    1951.00   2454.68   3           0.02        
6     gr24        1867.00     1881.40   10.197    1941.00   2663.60   3           0.01        
7     gr24        1867.00     1886.49   10.116    1879.00   2471.13   2           0.02        
8     gr24        1867.00     1883.03   10.451    1867.00   2627.98   0           0.02        
9     gr24        1867.00     1882.73   10.051    1885.00   2529.23   2           0.01        
0     fri26       1302.00     1311.69   11.917    1314.00   1844.31   1           0.02        
1     fri26       1302.00     1311.17   11.159    1312.00   1863.85   1           0.02        
2     fri26       1302.00     1310.32   10.883    1339.00   1866.94   1           0.02        
3     fri26       1302.00     1311.09   11.259    1307.00   1792.67   2           0.02        
4     fri26       1302.00     1312.67   11.161    1302.00   1816.24   0           0.02        
5     fri26       1302.00     1304.64   10.998    1325.00   1686.11   2           0.02        
6     fri26       1302.00     1309.56   11.251    1312.00   1898.00   1           0.02        
7     fri26       1302.00     1315.03   11.914    1307.00   1775.14   1           0.02        
8     fri26       1302.00     1310.01   11.371    1307.00   1871.52   1           0.02        
9     fri26       1302.00     1316.56   11.514    1338.00   1924.96   2           0.02        
0     bays29      2991.00     3048.57   12.962    3090.00   4302.05   5           0.03        
1     bays29      2991.00     3020.87   12.839    3129.00   4696.26   9           0.02        
2     bays29      2991.00     3028.83   12.960    3132.00   4412.00   7           0.02        
3     bays29      2991.00     3052.20   13.600    3128.00   4427.10   7           0.02        
4     bays29      2991.00     3041.02   13.073    3115.00   4326.91   8           0.02        
5     bays29      2991.00     3070.03   14.106    3142.00   4418.68   5           0.02        
6     bays29      2991.00     3017.63   13.977    3128.00   4328.35   5           0.02        
7     bays29      2991.00     3006.33   13.167    3100.00   4234.54   4           0.02        
8     bays29      2991.00     3013.13   13.718    3184.00   4307.39   6           0.03        
9     bays29      2991.00     3028.32   14.030    3128.00   4222.57   9           0.03        
0     gr48        7594.00     7654.08   28.829    8291.00   12164.25  15          0.06        
1     gr48        7594.00     7620.38   28.516    8234.00   12814.88  17          0.06        
2     gr48        7594.00     7746.16   29.198    8320.00   13117.43  14          0.06        
3     gr48        7594.00     7684.50   28.401    8197.00   13381.07  17          0.07        
4     gr48        7594.00     7672.59   29.899    8295.00   13336.58  17          0.07        
5     gr48        7594.00     7641.13   30.092    8132.00   11957.47  13          0.07        
6     gr48        7594.00     7651.55   28.367    8340.00   11072.71  13          0.06        
7     gr48        7594.00     7594.00   29.440    8216.00   12342.37  15          0.06        
8     gr48        7594.00     7594.00   29.828    8252.00   12583.47  16          0.07        
9     gr48        7594.00     7681.34   28.630    8307.00   12999.49  14          0.06        
0     eil51       639.78      641.03    9.315     697.38    986.52    12          0.06        
1     eil51       639.78      647.41    9.312     680.57    1021.64   10          0.07        
2     eil51       639.78      646.53    8.918     693.60    1045.40   18          0.07        
3     eil51       639.78      646.18    9.169     693.38    1073.44   16          0.07        
4     eil51       639.78      643.50    9.153     695.29    1038.18   10          0.08        
5     eil51       639.78      640.46    9.262     687.78    1076.31   16          0.07        
6     eil51       639.78      643.59    9.293     685.57    1040.66   15          0.07        
7     eil51       639.78      643.28    9.640     689.38    972.56    13          0.07        
8     eil51       639.78      650.36    9.241     693.38    1089.42   16          0.07        
9     eil51       639.78      640.79    9.376     695.38    1042.82   13          0.07        
0     berlin52    11259.14    11399.64  17.722    12642.90  17281.63  12          0.07        
1     berlin52    11259.14    11372.32  17.902    12414.14  18926.68  12          0.07        
2     berlin52    11259.14    11346.17  17.717    12133.14  18942.99  16          0.07        
3     berlin52    11259.14    11430.53  17.574    12640.44  18501.70  17          0.08        
4     berlin52    11259.14    11462.94  17.723    12267.90  17676.17  13          0.06        
5     berlin52    11259.14    11405.10  17.560    12169.14  18765.39  13          0.07        
6     berlin52    11259.14    11418.41  17.270    12643.87  18745.80  13          0.07        
7     berlin52    11259.14    11465.13  17.296    12314.14  17469.76  15          0.07        
8     berlin52    11259.14    11335.67  17.586    12791.14  18569.28  21          0.07        
9     berlin52    11259.14    11315.19  17.368    12201.14  19022.12  16          0.07        
0     eil76       818.94      835.14    19.265    885.94    1460.47   20          0.15        
1     eil76       818.94      818.94    19.497    889.28    1445.29   15          0.16        
2     eil76       818.94      827.41    19.778    905.94    1432.72   15          0.13        
3     eil76       818.94      833.09    19.737    895.83    1575.16   12          0.15        
4     eil76       818.94      824.45    19.526    888.88    1415.90   11          0.15        
5     eil76       818.94      829.33    19.802    872.61    1410.81   17          0.15        
6     eil76       818.94      820.78    19.405    901.94    1494.01   12          0.14        
7     eil76       818.94      823.76    20.143    892.94    1345.00   17          0.16        
8     eil76       818.94      824.60    19.283    906.88    1579.79   12          0.15        
9     eil76       818.94      832.18    19.894    908.88    1420.38   18          0.16        
0     eil101      950.74      954.72    24.117    1061.78   1891.33   22          0.33        
1     eil101      950.74      958.91    24.093    1061.78   1812.45   28          0.26        
2     eil101      950.74      956.17    24.675    1050.71   1913.83   20          0.31        
3     eil101      950.74      953.95    24.187    1030.99   1780.65   43          0.27        
4     eil101      950.74      964.22    23.492    1061.78   1674.05   32          0.28        
5     eil101      950.74      954.30    23.857    1046.46   1679.21   25          0.29        
6     eil101      950.74      964.79    23.638    1049.74   1827.79   38          0.3         
7     eil101      950.74      955.04    24.788    1036.94   1682.15   25          0.22        
8     eil101      950.74      957.37    24.307    1048.70   1936.50   27          0.26        
9     eil101      950.74      960.52    24.719    1058.46   1646.67   32          0.28        