0     gr17        2894.00     2982.35   3.867     3056.00   4083.46   183         0.01        
1     gr17        2991.00     3047.50   3.680     3028.00   3808.00   443         0.01        
2     gr17        2991.00     3052.68   3.969     3000.00   3903.89   57          0.01        
3     gr17        3000.00     3054.66   3.742     3035.00   3844.52   1           0.01        
4     gr17        3000.00     3052.55   4.057     3000.00   3947.71   0           0.01        
5     gr17        2991.00     3063.76   3.865     3035.00   3717.88   17          0.01        
6     gr17        2991.00     3073.65   3.796     3000.00   3670.30   43          0.01        
7     gr17        2991.00     3038.09   3.916     3000.00   3780.53   61          0.01        
8     gr17        3000.00     3073.83   3.659     3060.00   3996.79   4           0.01        
9     gr17        2927.00     2997.69   4.016     2995.00   3795.21   233         0.01        
0     gr21        8371.00     8957.83   4.302     9576.00   11415.65  38          0.01        
1     gr21        8371.00     9090.60   4.576     9628.00   11464.41  29          0.01        
2     gr21        8371.00     9005.20   4.553     9067.00   11433.54  23          0.01        
3     gr21        8567.00     9170.27   4.451     9532.00   11686.08  22          0.01        
4     gr21        8371.00     8835.62   4.314     9628.00   11318.06  28          0.01        
5     gr21        8371.00     8971.46   4.342     9336.00   11330.50  24          0.01        
6     gr21        8371.00     8972.62   4.565     9210.00   11297.19  21          0.01        
7     gr21        8013.00     8852.12   4.401     9628.00   11265.65  77          0.01        
8     gr21        8371.00     9035.71   4.576     9609.00   11415.48  40          0.01        
9     gr21        8013.00     8674.74   4.372     9628.00   11361.01  77          0.01        
0     gr24        1867.00     1906.72   4.663     1937.00   2575.54   12          0.02        
1     gr24        1867.00     1926.07   5.017     1917.00   2433.87   6           0.02        
2     gr24        1867.00     1925.94   4.541     1953.00   2615.55   9           0.01        
3     gr24        1867.00     1899.31   4.602     1949.00   2631.00   2           0.01        
4     gr24        1867.00     1902.03   4.824     1903.00   2505.69   10          0.02        
5     gr24        1867.00     1909.04   4.924     1951.00   2454.68   7           0.02        
6     gr24        1867.00     1905.89   4.825     1941.00   2663.60   20          0.01        
7     gr24        1867.00     1918.21   4.937     1879.00   2471.13   2           0.02        
8     gr24        1867.00     1902.77   5.040     1867.00   2627.98   0           0.02        
9     gr24        1867.00     1894.91   4.586     1885.00   2529.23   2           0.01        
0     fri26       1302.00     1320.40   5.111     1314.00   1844.31   5           0.02        
1     fri26       1302.00     1320.68   4.864     1312.00   1863.85   2           0.02        
2     fri26       1302.00     1321.52   4.994     1339.00   1866.94   4           0.02        
3     fri26       1302.00     1327.49   5.130     1307.00   1792.67   3           0.02        
4     fri26       1302.00     1317.64   5.696     1302.00   1816.24   0           0.02        
5     fri26       1302.00     1324.04   5.021     1325.00   1686.11   2           0.02        
6     fri26       1302.00     1324.42   4.876     1312.00   1898.00   2           0.02        
7     fri26       1302.00     1326.63   5.294     1307.00   1775.14   2           0.02        
8     fri26       1302.00     1317.76   4.981     1307.00   1871.52   2           0.02        
9     fri26       1302.00     1331.74   4.877     1338.00   1924.96   7           0.02        
0     bays29      2991.00     3044.91   5.069     3090.00   4302.05   16          0.03        
1     bays29      2991.00     3069.85   5.125     3129.00   4696.26   17          0.02        
2     bays29      2991.00     3056.38   5.055     3132.00   4412.00   12          0.02        
3     bays29      2991.00     3070.95   5.232     3128.00   4427.10   18          0.02        
4     bays29      2991.00     3067.51   5.217     3115.00   4326.91   19          0.02        
5     bays29      2991.00     3071.35   5.328     3142.00   4418.68   9           0.02        
6     bays29      2991.00     3046.77   5.266     3128.00   4328.35   17          0.02        
7     bays29      2991.00     3072.50   5.478     3100.00   4234.54   4           0.02        
8     bays29      2991.00     3084.89   5.102     3184.00   4307.39   38          0.03        
9     bays29      2991.00     3045.46   5.045     3128.00   4222.57   18          0.03        
0     gr48        7594.00     7803.95   7.141     8291.00   12164.25  41          0.06        
1     gr48        7594.00     7771.43   7.231     8234.00   12814.88  130         0.06        
2     gr48        7594.00     7705.92   6.605     8320.00   13117.43  41          0.06        
3     gr48        7594.00     7676.53   6.736     8197.00   13381.07  28          0.07        
4     gr48        7594.00     7721.44   6.699     8295.00   13336.58  167         0.07        
5     gr48        7620.00     7790.15   6.736     8132.00   11957.47  26          0.06        
6     gr48        7594.00     7705.09   6.839     8340.00   11072.71  48          0.06        
7     gr48        7594.00     7768.32   7.228     8216.00   12342.37  41          0.06        
8     gr48        7594.00     7789.93   6.882     8252.00   12583.47  80          0.07        
9     gr48        7594.00     7758.66   6.905     8307.00   12999.49  32          0.06        
0     eil51       639.78      652.91    7.495     697.38    986.52    31          0.07        
1     eil51       639.78      646.75    7.476     680.57    1021.64   33          0.07        
2     eil51       639.78      647.46    7.348     693.60    1045.40   36          0.07        
3     eil51       639.78      652.35    7.256     693.38    1073.44   39          0.07        
4     eil51       639.78      650.74    6.995     695.29    1038.18   35          0.08        
5     eil51       639.78      653.45    7.136     687.78    1076.31   57          0.07        
6     eil51       639.78      647.68    7.210     685.57    1040.66   29          0.08        
7     eil51       639.78      651.92    7.029     689.38    972.56    36          0.07        
8     eil51       639.78      651.54    7.044     693.38    1089.42   40          0.07        
9     eil51       639.78      646.71    6.705     695.38    1042.82   37          0.07        
0     berlin52    11259.14    11450.87  7.154     12642.90  17281.63  56          0.07        
1     berlin52    11259.14    11511.70  7.387     12414.14  18926.68  31          0.07        
2     berlin52    11259.14    11408.79  6.761     12133.14  18942.99  43          0.07        
3     berlin52    11259.14    11508.14  7.009     12640.44  18501.70  35          0.08        
4     berlin52    11259.14    11571.59  7.115     12267.90  17676.17  39          0.07        
5     berlin52    11259.14    11469.39  6.780     12169.14  18765.39  23          0.07        
6     berlin52    11259.14    11497.92  6.939     12643.87  18745.80  66          0.07        
7     berlin52    11259.14    11424.10  6.941     12314.14  17469.76  45          0.07        
8     berlin52    11259.14    11417.75  7.073     12791.14  18569.28  213         0.08        
9     berlin52    11259.14    11417.96  7.140     12201.14  19022.12  182         0.07        
0     eil76       818.94      831.95    10.171    885.94    1460.47   44          0.15        
1     eil76       818.94      826.50    9.750     889.28    1445.29   45          0.16        
2     eil76       818.94      828.99    9.424     905.94    1432.72   121         0.13        
3     eil76       818.94      829.79    9.317     895.83    1575.16   34          0.16        
4     eil76       816.93      825.65    9.289     888.88    1415.90   74          0.15        
5     eil76       818.94      827.58    9.332     872.61    1410.81   29          0.15        
6     eil76       818.94      831.75    9.294     901.94    1494.01   36          0.15        
7     eil76       816.93      824.43    9.662     892.94    1345.00   99          0.16        
8     eil76       816.93      824.05    9.617     906.88    1579.79   336         0.17        
9     eil76       818.94      827.81    9.535     908.88    1420.38   58          0.16        
0     eil101      950.74      964.08    13.045    1061.78   1891.33   173         0.34        
1     eil101      950.74      964.00    12.794    1061.78   1812.45   51          0.29        
2     eil101      950.74      964.27    11.999    1050.71   1913.83   59          0.31        
3     eil101      954.18      962.89    12.358    1030.99   1780.65   61          0.3         
4     eil101      950.74      961.67    13.203    1061.78   1674.05   106         0.37        
5     eil101      950.74      961.09    12.041    1046.46   1679.21   55          0.34        
6     eil101      951.56      964.83    12.295    1049.74   1827.79   240         0.37        
7     eil101      950.74      962.04    12.608    1036.94   1682.15   55          0.27        
8     eil101      953.74      960.15    12.005    1048.70   1936.50   49          0.29        
9     eil101      950.74      960.61    12.427    1058.46   1646.67   81          0.31        