0     gr17        2932.00     2955.14   5.619     3056.00   4083.46   3           0.01        
1     gr17        2835.00     2874.90   6.551     3028.00   3808.00   3           0.01        
2     gr17        3000.00     3031.79   5.773     3000.00   3903.89   0           0.01        
3     gr17        2760.00     2793.23   6.055     3035.00   3844.52   4           0.01        
4     gr17        2932.00     2950.29   5.559     3000.00   3947.71   3           0.01        
5     gr17        3000.00     3040.60   5.672     3035.00   3717.88   1           0.01        
6     gr17        3000.00     3047.99   5.996     3000.00   3670.30   0           0.01        
7     gr17        2932.00     2950.11   5.664     3000.00   3780.53   1           0.01        
8     gr17        3000.00     3024.10   5.677     3060.00   3996.79   1           0.01        
9     gr17        2932.00     2961.85   5.872     2995.00   3795.21   2           0.01        
0     gr21        8286.00     8348.96   6.313     9576.00   11415.65  15          0.01        
1     gr21        8043.00     8094.97   6.764     9628.00   11464.41  14          0.02        
2     gr21        8371.00     8539.04   6.363     9067.00   11433.54  7           0.01        
3     gr21        8371.00     8613.25   6.408     9532.00   11686.08  8           0.01        
4     gr21        8371.00     8628.36   6.830     9628.00   11318.06  10          0.02        
5     gr21        8371.00     8705.09   6.308     9336.00   11330.50  10          0.01        
6     gr21        8286.00     8297.94   6.643     9210.00   11297.19  8           0.01        
7     gr21        8043.00     8047.82   6.396     9628.00   11265.65  19          0.01        
8     gr21        8371.00     8438.86   6.652     9609.00   11415.48  7           0.01        
9     gr21        8043.00     8165.49   6.816     9628.00   11361.01  15          0.02        
0     gr24        1867.00     1883.99   6.622     1937.00   2575.54   3           0.02        
1     gr24        1867.00     1894.06   6.553     1917.00   2433.87   3           0.02        
2     gr24        1867.00     1884.77   6.364     1953.00   2615.55   3           0.02        
3     gr24        1867.00     1906.26   6.302     1949.00   2631.00   1           0.02        
4     gr24        1867.00     1883.89   6.282     1903.00   2505.69   3           0.02        
5     gr24        1867.00     1897.80   6.404     1951.00   2454.68   2           0.02        
6     gr24        1867.00     1893.41   6.254     1941.00   2663.60   3           0.02        
7     gr24        1867.00     1885.63   6.755     1879.00   2471.13   1           0.02        
8     gr24        1867.00     1892.99   6.789     1867.00   2627.98   0           0.02        
9     gr24        1867.00     1894.67   6.204     1885.00   2529.23   1           0.02        
0     fri26       1302.00     1326.27   6.753     1314.00   1844.31   1           0.02        
1     fri26       1302.00     1310.19   6.703     1312.00   1863.85   2           0.02        
2     fri26       1302.00     1316.94   7.273     1339.00   1866.94   2           0.02        
3     fri26       1302.00     1318.67   7.001     1307.00   1792.67   2           0.02        
4     fri26       1302.00     1310.46   7.153     1302.00   1816.24   0           0.03        
5     fri26       1302.00     1318.25   7.888     1325.00   1686.11   2           0.02        
6     fri26       1302.00     1319.42   7.017     1312.00   1898.00   1           0.02        
7     fri26       1302.00     1318.67   7.370     1307.00   1775.14   1           0.02        
8     fri26       1302.00     1310.49   7.048     1307.00   1871.52   1           0.02        
9     fri26       1302.00     1314.79   6.970     1338.00   1924.96   1           0.02        
0     bays29      2991.00     3047.91   7.789     3090.00   4302.05   4           0.03        
1     bays29      2991.00     3075.95   7.628     3129.00   4696.26   5           0.04        
2     bays29      2991.00     3096.80   7.923     3132.00   4412.00   5           0.02        
3     bays29      2991.00     3043.60   7.537     3128.00   4427.10   3           0.02        
4     bays29      2991.00     3065.12   7.499     3115.00   4326.91   6           0.02        
5     bays29      2991.00     3052.75   7.706     3142.00   4418.68   4           0.02        
6     bays29      2991.00     3053.26   7.605     3128.00   4328.35   4           0.02        
7     bays29      2991.00     3085.26   8.193     3100.00   4234.54   3           0.02        
8     bays29      2991.00     3068.95   7.575     3184.00   4307.39   5           0.04        
9     bays29      2991.00     3074.86   7.643     3128.00   4222.57   5           0.03        
0     gr48        7594.00     7722.95   11.001    8291.00   12164.25  9           0.07        
1     gr48        7594.00     7652.94   10.854    8234.00   12814.88  11          0.07        
2     gr48        7594.00     7777.76   10.921    8320.00   13117.43  12          0.08        
3     gr48        7594.00     7790.54   10.571    8197.00   13381.07  10          0.09        
4     gr48        7594.00     7640.17   11.618    8295.00   13336.58  12          0.07        
5     gr48        7594.00     7838.29   10.595    8132.00   11957.47  15          0.07        
6     gr48        7594.00     7688.83   10.951    8340.00   11072.71  7           0.08        
7     gr48        7594.00     7786.00   10.608    8216.00   12342.37  11          0.06        
8     gr48        7594.00     7659.76   10.943    8252.00   12583.47  9           0.08        
9     gr48        7594.00     7711.14   10.507    8307.00   12999.49  12          0.07        
0     eil51       639.78      645.31    12.114    697.38    986.52    12          0.1         
1     eil51       639.78      646.59    11.813    680.57    1021.64   8           0.07        
2     eil51       639.78      655.28    11.271    693.60    1045.40   11          0.08        
3     eil51       639.78      646.27    11.896    693.38    1073.44   11          0.09        
4     eil51       639.78      651.55    11.514    695.29    1038.18   11          0.09        
5     eil51       639.78      648.18    12.791    687.78    1076.31   12          0.11        
6     eil51       639.78      643.09    11.906    685.57    1040.66   9           0.09        
7     eil51       639.78      648.00    11.919    689.38    972.56    11          0.09        
8     eil51       639.78      645.54    11.844    693.38    1089.42   6           0.07        
9     eil51       639.78      644.21    11.885    695.38    1042.82   9           0.08        
0     berlin52    11259.14    11603.81  12.231    12642.90  17281.63  9           0.12        
1     berlin52    11259.14    11528.24  11.987    12414.14  18926.68  8           0.08        
2     berlin52    11259.14    11437.28  11.650    12133.14  18942.99  9           0.09        
3     berlin52    11259.14    11654.32  12.622    12640.44  18501.70  10          0.09        
4     berlin52    11259.14    11635.54  12.157    12267.90  17676.17  6           0.07        
5     berlin52    11259.14    11341.50  11.891    12169.14  18765.39  8           0.08        
6     berlin52    11259.14    11349.16  11.788    12643.87  18745.80  8           0.08        
7     berlin52    11259.14    11574.95  11.240    12314.14  17469.76  7           0.08        
8     berlin52    11259.14    11319.35  10.968    12791.14  18569.28  10          0.08        
9     berlin52    11259.14    11373.58  10.985    12201.14  19022.12  10          0.08        
0     eil76       818.94      822.86    15.275    885.94    1460.47   10          0.16        
1     eil76       818.94      824.77    15.413    889.28    1445.29   12          0.2         
2     eil76       818.94      830.26    15.477    905.94    1432.72   8           0.15        
3     eil76       818.94      836.72    15.990    895.83    1575.16   9           0.2         
4     eil76       818.94      848.12    15.395    888.88    1415.90   10          0.16        
5     eil76       818.94      835.71    16.058    872.61    1410.81   10          0.21        
6     eil76       818.94      837.89    16.155    901.94    1494.01   6           0.18        
7     eil76       818.94      838.04    15.670    892.94    1345.00   11          0.18        
8     eil76       818.94      832.19    16.083    906.88    1579.79   7           0.22        
9     eil76       818.94      832.38    16.412    908.88    1420.38   9           0.2         
0     eil101      950.74      961.52    20.835    1061.78   1891.33   22          0.45        
1     eil101      950.74      958.02    20.399    1061.78   1812.45   17          0.36        
2     eil101      950.74      966.21    21.681    1050.71   1913.83   17          0.32        
3     eil101      950.74      975.31    20.804    1030.99   1780.65   18          0.36        
4     eil101      950.74      963.27    20.887    1061.78   1674.05   20          0.45        
5     eil101      950.74      974.33    21.462    1046.46   1679.21   17          0.41        
6     eil101      950.74      966.50    21.797    1049.74   1827.79   22          0.41        
7     eil101      950.74      968.53    20.945    1036.94   1682.15   15          0.32        
8     eil101      950.74      975.00    20.722    1048.70   1936.50   19          0.3         
9     eil101      950.74      973.32    21.016    1058.46   1646.67   23          0.34        