0     gr17        2894.00     2962.10   4.645     3056.00   4083.46   295         0.01        
1     gr17        2991.00     3103.46   4.181     3028.00   3808.00   7           0.01        
2     gr17        2760.00     2824.96   4.202     3000.00   3903.89   7           0.01        
3     gr17        2991.00     3080.15   4.467     3035.00   3844.52   123         0.01        
4     gr17        2991.00     3056.46   4.640     3000.00   3947.71   28          0.01        
5     gr17        2991.00     3095.18   4.568     3035.00   3717.88   23          0.01        
6     gr17        2991.00     3037.02   4.224     3000.00   3670.30   5           0.01        
7     gr17        2991.00     3065.74   4.500     3000.00   3780.53   28          0.01        
8     gr17        2991.00     3043.55   4.243     3060.00   3996.79   24          0.01        
9     gr17        2927.00     3018.85   4.533     2995.00   3795.21   76          0.01        
0     gr21        8258.00     8572.13   5.171     9576.00   11415.65  20          0.01        
1     gr21        8371.00     8874.75   5.005     9628.00   11464.41  11          0.01        
2     gr21        8371.00     8751.29   4.985     9067.00   11433.54  10          0.01        
3     gr21        8371.00     8872.67   5.076     9532.00   11686.08  16          0.01        
4     gr21        8371.00     8732.13   5.156     9628.00   11318.06  24          0.01        
5     gr21        8371.00     8803.98   5.129     9336.00   11330.50  14          0.01        
6     gr21        8371.00     8641.30   5.201     9210.00   11297.19  13          0.01        
7     gr21        8013.00     8534.53   5.213     9628.00   11265.65  29          0.01        
8     gr21        8371.00     8782.78   5.309     9609.00   11415.48  37          0.01        
9     gr21        8013.00     8429.19   4.956     9628.00   11361.01  33          0.01        
0     gr24        1867.00     1915.86   5.374     1937.00   2575.54   6           0.02        
1     gr24        1867.00     1914.41   5.260     1917.00   2433.87   4           0.02        
2     gr24        1867.00     1929.14   5.346     1953.00   2615.55   3           0.01        
3     gr24        1867.00     1924.59   5.373     1949.00   2631.00   6           0.01        
4     gr24        1867.00     1929.15   5.169     1903.00   2505.69   5           0.02        
5     gr24        1867.00     1915.92   5.319     1951.00   2454.68   4           0.02        
6     gr24        1867.00     1906.68   5.044     1941.00   2663.60   6           0.01        
7     gr24        1867.00     1922.28   5.622     1879.00   2471.13   2           0.02        
8     gr24        1867.00     1914.09   5.361     1867.00   2627.98   0           0.02        
9     gr24        1867.00     1906.50   5.513     1885.00   2529.23   3           0.01        
0     fri26       1302.00     1331.57   5.771     1314.00   1844.31   2           0.02        
1     fri26       1302.00     1322.28   5.881     1312.00   1863.85   2           0.02        
2     fri26       1302.00     1327.46   5.364     1339.00   1866.94   1           0.02        
3     fri26       1283.00     1300.99   5.520     1307.00   1792.67   60          0.02        
4     fri26       1302.00     1321.35   5.755     1302.00   1816.24   0           0.02        
5     fri26       1302.00     1328.87   5.641     1325.00   1686.11   3           0.02        
6     fri26       1302.00     1319.76   5.457     1312.00   1898.00   2           0.02        
7     fri26       1302.00     1324.95   5.593     1307.00   1775.14   1           0.02        
8     fri26       1283.00     1309.35   5.791     1307.00   1871.52   88          0.02        
9     fri26       1302.00     1325.81   5.750     1338.00   1924.96   2           0.02        
0     bays29      2991.00     3034.60   6.146     3090.00   4302.05   7           0.03        
1     bays29      2991.00     3048.75   6.235     3129.00   4696.26   7           0.03        
2     bays29      2991.00     3055.77   6.196     3132.00   4412.00   8           0.02        
3     bays29      2991.00     3088.67   5.937     3128.00   4427.10   3           0.02        
4     bays29      2991.00     3058.33   5.999     3115.00   4326.91   10          0.02        
5     bays29      2991.00     3067.71   6.003     3142.00   4418.68   10          0.02        
6     bays29      2991.00     3064.71   5.919     3128.00   4328.35   4           0.02        
7     bays29      2991.00     3074.99   5.768     3100.00   4234.54   8           0.02        
8     bays29      2991.00     3042.52   6.177     3184.00   4307.39   6           0.03        
9     bays29      2991.00     3063.23   5.740     3128.00   4222.57   8           0.02        
0     gr48        7594.00     7727.62   7.849     8291.00   12164.25  20          0.06        
1     gr48        7594.00     7705.09   7.771     8234.00   12814.88  22          0.06        
2     gr48        7695.00     7825.24   7.469     8320.00   13117.43  16          0.06        
3     gr48        7594.00     7732.97   7.992     8197.00   13381.07  24          0.08        
4     gr48        7594.00     7697.31   7.484     8295.00   13336.58  22          0.07        
5     gr48        7594.00     7779.11   7.640     8132.00   11957.47  22          0.06        
6     gr48        7594.00     7699.91   7.546     8340.00   11072.71  22          0.06        
7     gr48        7594.00     7688.90   7.554     8216.00   12342.37  28          0.06        
8     gr48        7594.00     7681.60   7.525     8252.00   12583.47  30          0.07        
9     gr48        7594.00     7697.13   7.631     8307.00   12999.49  33          0.06        
0     eil51       639.78      655.90    8.396     697.38    986.52    17          0.06        
1     eil51       639.78      656.31    8.548     680.57    1021.64   14          0.07        
2     eil51       639.78      658.96    8.849     693.60    1045.40   19          0.08        
3     eil51       639.78      646.00    8.640     693.38    1073.44   19          0.08        
4     eil51       639.78      649.10    8.539     695.29    1038.18   16          0.08        
5     eil51       639.78      656.49    8.337     687.78    1076.31   22          0.07        
6     eil51       639.78      652.50    8.343     685.57    1040.66   22          0.07        
7     eil51       639.78      649.01    8.337     689.38    972.56    14          0.07        
8     eil51       639.78      649.43    8.530     693.38    1089.42   20          0.07        
9     eil51       639.78      657.15    8.438     695.38    1042.82   24          0.07        
0     berlin52    11318.28    11507.96  8.988     12642.90  17281.63  25          0.08        
1     berlin52    11259.14    11456.09  8.688     12414.14  18926.68  21          0.07        
2     berlin52    11259.14    11427.05  8.711     12133.14  18942.99  19          0.08        
3     berlin52    11259.14    11466.23  9.500     12640.44  18501.70  21          0.08        
4     berlin52    11259.14    11559.77  9.295     12267.90  17676.17  13          0.07        
5     berlin52    11259.14    11591.13  9.266     12169.14  18765.39  16          0.07        
6     berlin52    11259.14    11428.97  8.692     12643.87  18745.80  111         0.07        
7     berlin52    11259.14    11415.77  8.843     12314.14  17469.76  24          0.07        
8     berlin52    11259.14    11534.13  9.451     12791.14  18569.28  20          0.08        
9     berlin52    11259.14    11451.88  9.133     12201.14  19022.12  20          0.07        
0     eil76       818.94      831.49    11.679    885.94    1460.47   27          0.14        
1     eil76       818.94      829.56    11.801    889.28    1445.29   22          0.16        
2     eil76       818.94      838.75    12.303    905.94    1432.72   22          0.13        
3     eil76       818.94      834.63    11.569    895.83    1575.16   23          0.17        
4     eil76       818.94      825.91    12.057    888.88    1415.90   18          0.15        
5     eil76       818.94      824.96    12.060    872.61    1410.81   19          0.16        
6     eil76       818.94      842.89    11.520    901.94    1494.01   15          0.15        
7     eil76       818.94      822.50    11.808    892.94    1345.00   14          0.16        
8     eil76       818.94      825.06    11.881    906.88    1579.79   12          0.16        
9     eil76       818.94      825.38    12.218    908.88    1420.38   16          0.17        
0     eil101      950.74      957.94    15.949    1061.78   1891.33   25          0.35        
1     eil101      950.74      965.14    15.739    1061.78   1812.45   31          0.3         
2     eil101      950.74      963.86    15.320    1050.71   1913.83   19          0.34        
3     eil101      950.74      967.17    15.312    1030.99   1780.65   34          0.29        
4     eil101      950.74      961.58    15.108    1061.78   1674.05   26          0.32        
5     eil101      950.74      962.94    15.724    1046.46   1679.21   80          0.33        
6     eil101      950.74      956.80    15.738    1049.74   1827.79   39          0.36        
7     eil101      950.74      967.89    14.880    1036.94   1682.15   30          0.24        
8     eil101      950.74      962.36    15.154    1048.70   1936.50   31          0.29        
9     eil101      950.74      963.68    14.736    1058.46   1646.67   94          0.26        