0     gr17        2760.00     2860.76   3.773     3056.00   4083.46   11          0.01        
1     gr17        2991.00     3166.04   3.616     3028.00   3808.00   2           0.01        
2     gr17        2991.00     3158.29   3.662     3000.00   3903.89   195         0.01        
3     gr17        2760.00     2860.18   3.646     3035.00   3844.52   8           0.01        
4     gr17        2991.00     3072.10   3.715     3000.00   3947.71   219         0.01        
5     gr17        2991.00     3119.15   3.663     3035.00   3717.88   180         0.01        
6     gr17        2991.00     3129.65   3.651     3000.00   3670.30   120         0.01        
7     gr17        2760.00     2910.57   3.652     3000.00   3780.53   10          0.01        
8     gr17        2991.00     3138.54   3.664     3060.00   3996.79   233         0.01        
9     gr17        2760.00     2950.29   3.662     2995.00   3795.21   5           0.01        
0     gr21        7788.00     8555.54   4.098     9576.00   11415.65  138         0.01        
1     gr21        7788.00     8633.12   4.238     9628.00   11464.41  44          0.01        
2     gr21        8371.00     9056.69   4.285     9067.00   11433.54  13          0.01        
3     gr21        8371.00     9327.73   4.275     9532.00   11686.08  20          0.01        
4     gr21        7788.00     8459.45   4.284     9628.00   11318.06  37          0.01        
5     gr21        8141.00     9071.81   4.136     9336.00   11330.50  285         0.01        
6     gr21        8371.00     8820.61   4.239     9210.00   11297.19  17          0.01        
7     gr21        8371.00     8957.25   4.287     9628.00   11265.65  19          0.01        
8     gr21        8371.00     8880.65   4.209     9609.00   11415.48  17          0.01        
9     gr21        7788.00     8465.67   4.251     9628.00   11361.01  25          0.01        
0     gr24        1867.00     1945.14   4.842     1937.00   2575.54   8           0.01        
1     gr24        1867.00     1983.26   4.794     1917.00   2433.87   5           0.02        
2     gr24        1845.00     1924.84   4.823     1953.00   2615.55   422         0.01        
3     gr24        1850.00     1936.00   4.899     1949.00   2631.00   359         0.01        
4     gr24        1845.00     1937.36   4.793     1903.00   2505.69   373         0.01        
5     gr24        1867.00     1964.32   4.883     1951.00   2454.68   5           0.01        
6     gr24        1867.00     1920.64   4.865     1941.00   2663.60   6           0.01        
7     gr24        1867.00     1922.47   4.811     1879.00   2471.13   1           0.01        
8     gr24        1867.00     1953.40   4.880     1867.00   2627.98   0           0.02        
9     gr24        1837.00     1950.81   4.867     1885.00   2529.23   494         0.01        
0     fri26       1283.00     1322.73   5.269     1314.00   1844.31   468         0.01        
1     fri26       1302.00     1343.09   5.169     1312.00   1863.85   4           0.02        
2     fri26       1302.00     1361.36   5.247     1339.00   1866.94   3           0.02        
3     fri26       1302.00     1334.09   5.185     1307.00   1792.67   2           0.02        
4     fri26       1302.00     1333.09   5.222     1302.00   1816.24   0           0.02        
5     fri26       1302.00     1342.61   5.739     1325.00   1686.11   2           0.02        
6     fri26       1302.00     1350.83   5.292     1312.00   1898.00   2           0.02        
7     fri26       1302.00     1347.11   5.307     1307.00   1775.14   2           0.01        
8     fri26       1302.00     1354.13   5.313     1307.00   1871.52   3           0.02        
9     fri26       1302.00     1363.15   5.137     1338.00   1924.96   3           0.02        
0     bays29      2991.00     3122.09   5.748     3090.00   4302.05   11          0.02        
1     bays29      2991.00     3099.02   5.605     3129.00   4696.26   11          0.02        
2     bays29      2991.00     3145.00   5.714     3132.00   4412.00   11          0.02        
3     bays29      2991.00     3170.07   5.705     3128.00   4427.10   4           0.02        
4     bays29      2991.00     3097.83   5.722     3115.00   4326.91   12          0.02        
5     bays29      2991.00     3088.46   5.707     3142.00   4418.68   10          0.02        
6     bays29      2991.00     3294.36   5.662     3128.00   4328.35   4           0.02        
7     bays29      2991.00     3167.10   5.691     3100.00   4234.54   8           0.02        
8     bays29      2991.00     3177.25   5.699     3184.00   4307.39   5           0.02        
9     bays29      2991.00     3073.06   5.701     3128.00   4222.57   7           0.02        
0     gr48        7594.00     7860.45   9.918     8291.00   12164.25  15          0.05        
1     gr48        7594.00     7899.78   10.065    8234.00   12814.88  21          0.05        
2     gr48        7594.00     7811.68   10.219    8320.00   13117.43  24          0.05        
3     gr48        7594.00     7925.21   9.932     8197.00   13381.07  28          0.06        
4     gr48        7594.00     7902.74   10.018    8295.00   13336.58  26          0.05        
5     gr48        7583.00     8096.22   9.756     8132.00   11957.47  458         0.05        
6     gr48        7594.00     7947.58   9.844     8340.00   11072.71  18          0.05        
7     gr48        7594.00     8001.02   9.963     8216.00   12342.37  32          0.05        
8     gr48        7583.00     8074.53   6.560     8252.00   12583.47  51          0.06        
9     gr48        7616.00     7947.46   10.013    8307.00   12999.49  18          0.05        
0     eil51       639.78      658.06    6.512     697.38    986.52    30          0.06        
1     eil51       639.78      680.20    6.387     680.57    1021.64   22          0.06        
2     eil51       639.78      669.73    6.468     693.60    1045.40   22          0.06        
3     eil51       639.78      671.94    6.449     693.38    1073.44   26          0.06        
4     eil51       639.78      664.01    6.468     695.29    1038.18   23          0.07        
5     eil51       639.78      683.19    6.439     687.78    1076.31   21          0.06        
6     eil51       639.78      663.49    6.361     685.57    1040.66   23          0.06        
7     eil51       639.78      663.69    6.517     689.38    972.56    16          0.06        
8     eil51       639.78      658.25    6.510     693.38    1089.42   22          0.05        
9     eil51       639.78      662.37    6.516     695.38    1042.82   25          0.06        
0     berlin52    11259.14    11882.91  8.192     12642.90  17281.63  14          0.06        
1     berlin52    11259.14    11623.36  8.684     12414.14  18926.68  23          0.05        
2     berlin52    11259.14    11620.61  8.438     12133.14  18942.99  30          0.06        
3     berlin52    11259.14    11557.15  8.223     12640.44  18501.70  19          0.07        
4     berlin52    11259.14    11769.13  8.147     12267.90  17676.17  13          0.05        
5     berlin52    11259.14    11750.18  8.181     12169.14  18765.39  19          0.06        
6     berlin52    11259.14    11978.67  8.064     12643.87  18745.80  17          0.06        
7     berlin52    11221.71    11637.18  7.463     12314.14  17469.76  35          0.06        
8     berlin52    11259.14    11727.90  8.188     12791.14  18569.28  25          0.06        
9     berlin52    11259.14    11613.17  8.216     12201.14  19022.12  24          0.06        
0     eil76       818.94      854.22    10.247    885.94    1460.47   25          0.12        
1     eil76       818.94      859.09    10.205    889.28    1445.29   440         0.12        
2     eil76       818.94      837.78    10.129    905.94    1432.72   21          0.11        
3     eil76       818.94      844.66    10.158    895.83    1575.16   20          0.13        
4     eil76       818.94      847.50    10.193    888.88    1415.90   23          0.12        
5     eil76       818.94      842.81    10.187    872.61    1410.81   17          0.13        
6     eil76       818.94      844.28    10.070    901.94    1494.01   28          0.12        
7     eil76       818.94      845.32    10.168    892.94    1345.00   24          0.14        
8     eil76       818.94      851.85    10.143    906.88    1579.79   18          0.13        
9     eil76       818.94      846.11    10.564    908.88    1420.38   21          0.15        
0     eil101      950.74      976.31    12.745    1061.78   1891.33   36          0.23        
1     eil101      950.74      993.23    12.593    1061.78   1812.45   46          0.2         
2     eil101      950.74      983.13    12.770    1050.71   1913.83   24          0.24        
3     eil101      950.74      972.17    12.833    1030.99   1780.65   82          0.23        
4     eil101      950.74      978.64    12.780    1061.78   1674.05   34          0.24        
5     eil101      950.74      966.66    12.692    1046.46   1679.21   50          0.26        
6     eil101      950.74      980.90    13.461    1049.74   1827.79   34          0.25        
7     eil101      950.74      1022.35   12.641    1036.94   1682.15   34          0.18        
8     eil101      950.74      979.98    12.761    1048.70   1936.50   36          0.21        
9     eil101      950.74      990.42    12.906    1058.46   1646.67   48          0.21        