0     gr17        2932.00     3050.85   4.047     3056.00   4083.46   4           0.01        
1     gr17        2835.00     2893.83   4.188     3028.00   3808.00   9           0.01        
2     gr17        2991.00     3133.35   3.995     3000.00   3903.89   24          0.01        
3     gr17        2991.00     3117.41   4.008     3035.00   3844.52   20          0.01        
4     gr17        2991.00     3090.68   3.891     3000.00   3947.71   13          0.01        
5     gr17        2991.00     3123.85   3.867     3035.00   3717.88   18          0.01        
6     gr17        2991.00     3104.56   4.054     3000.00   3670.30   33          0.01        
7     gr17        2991.00     3081.66   4.178     3000.00   3780.53   113         0.01        
8     gr17        2991.00     3088.92   4.412     3060.00   3996.79   163         0.01        
9     gr17        2894.00     2975.91   4.145     2995.00   3795.21   315         0.01        
0     gr21        8371.00     9036.85   4.430     9576.00   11415.65  39          0.01        
1     gr21        8371.00     9330.38   4.372     9628.00   11464.41  39          0.01        
2     gr21        8371.00     9025.47   4.402     9067.00   11433.54  21          0.01        
3     gr21        8371.00     9124.94   4.421     9532.00   11686.08  22          0.01        
4     gr21        8371.00     9155.86   4.665     9628.00   11318.06  78          0.01        
5     gr21        8371.00     8862.97   4.489     9336.00   11330.50  23          0.01        
6     gr21        8371.00     9111.07   4.396     9210.00   11297.19  26          0.01        
7     gr21        8013.00     8870.32   4.286     9628.00   11265.65  52          0.01        
8     gr21        8371.00     9139.70   4.455     9609.00   11415.48  74          0.01        
9     gr21        8357.00     8882.92   4.410     9628.00   11361.01  60          0.01        
0     gr24        1867.00     1941.97   4.711     1937.00   2575.54   13          0.02        
1     gr24        1867.00     1926.97   4.726     1917.00   2433.87   15          0.02        
2     gr24        1867.00     1931.18   4.803     1953.00   2615.55   6           0.01        
3     gr24        1867.00     1923.05   4.609     1949.00   2631.00   4           0.01        
4     gr24        1867.00     1943.00   4.469     1903.00   2505.69   14          0.02        
5     gr24        1867.00     1945.33   4.389     1951.00   2454.68   8           0.02        
6     gr24        1867.00     1918.03   4.635     1941.00   2663.60   7           0.01        
7     gr24        1867.00     1951.30   4.319     1879.00   2471.13   2           0.01        
8     gr24        1867.00     1936.97   4.622     1867.00   2627.98   0           0.02        
9     gr24        1867.00     1923.86   4.424     1885.00   2529.23   2           0.01        
0     fri26       1302.00     1333.80   4.676     1314.00   1844.31   4           0.02        
1     fri26       1302.00     1323.34   4.591     1312.00   1863.85   4           0.02        
2     fri26       1302.00     1333.19   4.454     1339.00   1866.94   7           0.02        
3     fri26       1302.00     1337.86   4.654     1307.00   1792.67   2           0.02        
4     fri26       1302.00     1332.09   5.010     1302.00   1816.24   0           0.02        
5     fri26       1302.00     1323.73   4.551     1325.00   1686.11   4           0.02        
6     fri26       1302.00     1329.56   4.889     1312.00   1898.00   3           0.02        
7     fri26       1302.00     1330.15   4.756     1307.00   1775.14   6           0.01        
8     fri26       1302.00     1332.46   4.892     1307.00   1871.52   2           0.02        
9     fri26       1302.00     1330.66   4.708     1338.00   1924.96   7           0.02        
0     bays29      2991.00     3041.39   5.200     3090.00   4302.05   16          0.03        
1     bays29      2991.00     3083.14   5.092     3129.00   4696.26   10          0.03        
2     bays29      2991.00     3073.52   5.297     3132.00   4412.00   19          0.02        
3     bays29      2991.00     3107.60   5.032     3128.00   4427.10   11          0.02        
4     bays29      2991.00     3129.24   5.247     3115.00   4326.91   24          0.02        
5     bays29      2991.00     3055.09   5.054     3142.00   4418.68   20          0.02        
6     bays29      2991.00     3103.58   5.317     3128.00   4328.35   29          0.02        
7     bays29      2991.00     3055.37   5.112     3100.00   4234.54   241         0.02        
8     bays29      2991.00     3102.06   5.275     3184.00   4307.39   33          0.03        
9     bays29      2991.00     3104.40   5.561     3128.00   4222.57   21          0.03        
0     gr48        7594.00     7795.34   7.258     8291.00   12164.25  47          0.06        
1     gr48        7594.00     7802.53   7.009     8234.00   12814.88  37          0.06        
2     gr48        7594.00     7772.87   6.914     8320.00   13117.43  26          0.05        
3     gr48        7594.00     7806.45   7.124     8197.00   13381.07  54          0.08        
4     gr48        7594.00     7766.90   7.440     8295.00   13336.58  166         0.07        
5     gr48        7594.00     7843.33   7.415     8132.00   11957.47  28          0.07        
6     gr48        7594.00     7797.23   7.403     8340.00   11072.71  38          0.06        
7     gr48        7594.00     7750.93   6.797     8216.00   12342.37  287         0.06        
8     gr48        7594.00     7764.42   7.257     8252.00   12583.47  60          0.07        
9     gr48        7594.00     7841.82   7.367     8307.00   12999.49  45          0.06        
0     eil51       639.78      652.40    7.632     697.38    986.52    36          0.06        
1     eil51       639.78      649.40    7.541     680.57    1021.64   22          0.07        
2     eil51       639.78      654.46    7.638     693.60    1045.40   34          0.07        
3     eil51       639.78      653.25    7.497     693.38    1073.44   59          0.08        
4     eil51       639.78      654.86    7.579     695.29    1038.18   242         0.08        
5     eil51       639.78      650.81    7.872     687.78    1076.31   35          0.07        
6     eil51       639.78      656.68    7.586     685.57    1040.66   39          0.07        
7     eil51       639.78      655.59    8.169     689.38    972.56    35          0.07        
8     eil51       639.78      656.87    7.637     693.38    1089.42   34          0.07        
9     eil51       639.78      654.98    7.464     695.38    1042.82   39          0.07        
0     berlin52    11259.14    11452.84  7.528     12642.90  17281.63  37          0.07        
1     berlin52    11259.14    11519.67  7.645     12414.14  18926.68  61          0.07        
2     berlin52    11259.14    11695.19  7.743     12133.14  18942.99  36          0.08        
3     berlin52    11401.32    11657.66  7.907     12640.44  18501.70  26          0.08        
4     berlin52    11259.14    11411.31  7.432     12267.90  17676.17  46          0.06        
5     berlin52    11259.14    11482.04  7.558     12169.14  18765.39  49          0.07        
6     berlin52    11259.14    11506.06  7.550     12643.87  18745.80  41          0.07        
7     berlin52    11259.14    11466.91  7.841     12314.14  17469.76  24          0.07        
8     berlin52    11259.14    11583.35  7.731     12791.14  18569.28  104         0.08        
9     berlin52    11259.14    11540.24  7.822     12201.14  19022.12  49          0.07        
0     eil76       818.94      830.80    10.003    885.94    1460.47   287         0.14        
1     eil76       815.95      834.78    9.900     889.28    1445.29   291         0.15        
2     eil76       816.93      824.90    9.917     905.94    1432.72   151         0.13        
3     eil76       818.94      823.83    10.127    895.83    1575.16   196         0.15        
4     eil76       816.93      832.67    10.306    888.88    1415.90   77          0.16        
5     eil76       818.94      830.35    10.348    872.61    1410.81   34          0.16        
6     eil76       818.94      842.16    10.157    901.94    1494.01   54          0.15        
7     eil76       818.94      829.42    10.124    892.94    1345.00   39          0.16        
8     eil76       818.94      843.79    9.824     906.88    1579.79   29          0.16        
9     eil76       818.94      828.39    9.911     908.88    1420.38   44          0.17        
0     eil101      950.74      978.76    12.366    1061.78   1891.33   56          0.3         
1     eil101      950.74      960.96    12.134    1061.78   1812.45   287         0.25        
2     eil101      950.74      969.05    12.602    1050.71   1913.83   92          0.28        
3     eil101      950.74      962.86    11.847    1030.99   1780.65   62          0.26        
4     eil101      951.56      967.78    12.295    1061.78   1674.05   150         0.29        
5     eil101      954.07      968.50    12.282    1046.46   1679.21   41          0.3         
6     eil101      950.74      963.71    12.251    1049.74   1827.79   57          0.31        
7     eil101      950.74      967.24    12.644    1036.94   1682.15   54          0.23        
8     eil101      950.74      973.08    12.567    1048.70   1936.50   60          0.27        
9     eil101      950.74      958.77    12.438    1058.46   1646.67   78          0.26        