1     gr17        2760.00     2830.30   5.572     2932.00   3501.26   5         
3     gr17        2760.00     2918.18   5.586     3089.00   3760.96   8         
5     gr17        2760.00     2791.38   5.637     3087.00   3663.36   12        
2     gr17        3000.00     3027.04   5.641     3092.00   3690.36   3         
4     gr17        2760.00     2829.68   5.667     3029.00   3450.24   12        
0     gr17        2991.00     3023.94   5.714     3035.00   3640.24   153       
6     gr17        2760.00     2878.02   5.551     3087.00   3398.52   9         
7     gr17        2760.00     2823.62   5.610     2884.00   3415.22   2         
8     gr17        2760.00     2811.36   5.560     3009.00   3526.70   4         
9     gr17        2760.00     2836.14   5.580     3066.00   3640.70   2         
0     gr21        8371.00     8542.22   6.272     9937.00   11137.46  25        
1     gr21        8371.00     8523.90   6.348     9795.00   10768.86  24        
5     gr21        8211.00     8519.20   7.062     9628.00   11024.46  25        
2     gr21        8433.00     8590.76   7.228     9937.00   10815.42  15        
3     gr21        7788.00     8059.34   7.328     9628.00   10947.94  32        
4     gr21        8035.00     8238.96   7.417     9531.00   10583.14  32        
6     gr21        7788.00     8158.44   7.536     9628.00   10553.00  53        
7     gr21        7788.00     8228.78   7.542     9628.00   10568.26  34        
8     gr21        8431.00     8631.60   6.219     9937.00   11014.54  57        
9     gr21        8035.00     8363.18   6.467     9628.00   10915.60  21        
0     gr24        1867.00     1922.72   6.980     1975.00   2520.40   10        
1     gr24        1867.00     1925.82   7.105     1951.00   2293.28   3         
2     gr24        1867.00     1901.82   7.192     1960.00   2589.56   6         
3     gr24        1867.00     1963.92   7.132     1951.00   2577.30   6         
4     gr24        1867.00     1908.76   6.884     1975.00   2376.70   13        
5     gr24        1867.00     1883.02   6.837     1939.00   2691.78   9         
6     gr24        1867.00     1897.96   6.841     1975.00   2213.96   12        
7     gr24        1867.00     1894.36   6.939     1975.00   2242.78   12        
8     gr24        1867.00     1873.58   6.964     1975.00   2329.30   11        
9     gr24        1867.00     1913.82   6.929     1975.00   2307.14   9         
0     fri26       1302.00     1352.76   7.171     1339.00   1837.70   4         
1     fri26       1302.00     1317.14   7.087     1339.00   1577.50   5         
2     fri26       1302.00     1332.24   7.252     1337.00   1771.86   2         
3     fri26       1302.00     1308.56   7.274     1339.00   1791.84   4         
4     fri26       1302.00     1337.06   7.320     1310.00   1643.24   2         
5     fri26       1302.00     1313.44   7.379     1339.00   1757.06   8         
6     fri26       1302.00     1317.90   7.171     1339.00   1591.36   4         
7     fri26       1302.00     1334.58   7.205     1339.00   1536.58   1         
8     fri26       1302.00     1307.88   7.347     1302.00   1586.90   0         
9     fri26       1302.00     1336.50   7.356     1302.00   1566.04   0         
0     bays29      2991.00     3064.34   7.828     3182.00   4340.10   14        
1     bays29      2991.00     3013.14   7.855     3190.00   4007.68   9         
2     bays29      2991.00     3084.34   7.716     3365.00   4085.56   13        
3     bays29      2991.00     3057.68   7.712     3159.00   4107.78   4         
4     bays29      2991.00     3083.62   7.656     3132.00   3869.68   14        
5     bays29      2991.00     3052.04   7.760     3156.00   3907.26   23        
7     bays29      2991.00     3061.18   7.758     3230.00   3896.92   17        
6     bays29      2991.00     3074.08   7.851     3091.00   3792.12   12        
9     bays29      2991.00     3072.62   7.634     3277.00   3794.78   21        
8     bays29      2991.00     3112.88   7.794     3084.00   3899.16   7         
0     gr48        7594.00     7682.92   11.455    8305.00   10611.98  48        
1     gr48        7594.00     7809.02   11.541    8367.00   9840.40   18        
3     gr48        7594.00     7778.90   11.552    8816.00   11084.04  44        
2     gr48        7594.00     7836.84   11.708    8729.00   11269.80  33        
4     gr48        7594.00     7730.68   11.640    8341.00   10726.48  26        
5     gr48        7594.00     7963.06   11.527    8470.00   11235.18  27        
7     gr48        7583.00     7788.22   10.528    8562.00   9605.58   245       
6     gr48        7594.00     7735.00   11.891    8522.00   10381.66  21        
8     gr48        7594.00     7900.38   11.581    8757.00   9948.40   48        
9     gr48        7594.00     7771.06   11.546    8305.00   9514.20   29        
1     eil51       639.78      645.15    10.131    718.29    825.89    23        
0     eil51       639.78      654.47    10.253    718.78    950.65    26        
2     eil51       639.78      656.68    10.021    689.57    1056.51   42        
3     eil51       639.78      659.67    10.123    710.19    948.34    24        
4     eil51       639.78      650.32    10.172    675.89    854.37    31        
5     eil51       639.78      649.62    10.267    713.95    949.09    26        
6     eil51       639.78      652.04    10.258    702.19    875.75    10        
7     eil51       639.78      662.70    10.271    706.38    813.44    29        
8     eil51       639.78      657.06    10.107    734.38    841.30    32        
9     eil51       639.78      653.79    10.031    682.89    807.89    20        
0     berlin52    11259.14    11572.58  11.033    12918.14  16940.26  27        
1     berlin52    11259.14    11586.95  11.126    12914.87  14571.30  31        
3     berlin52    11218.12    11508.39  10.734    12490.41  16243.36  56        
2     berlin52    11259.14    11453.07  11.069    12401.90  18187.31  27        
4     berlin52    11259.14    11635.73  11.136    12475.46  15147.87  20        
5     berlin52    11259.14    11372.30  11.118    12665.14  17105.16  16        
7     berlin52    11218.12    11379.42  10.713    12490.41  14111.02  55        
6     berlin52    11259.14    11384.46  11.143    12145.90  15443.61  30        
9     berlin52    11259.14    11307.93  11.522    12401.90  13948.17  22        
8     berlin52    11259.14    11455.94  11.888    12858.14  14753.00  24        
0     eil76       818.94      840.28    15.283    929.94    1385.58   14        
1     eil76       818.94      833.59    15.326    922.94    1116.44   26        
2     eil76       818.94      842.95    15.070    897.88    1236.42   26        
3     eil76       818.94      852.78    15.073    877.94    1214.79   35        
5     eil76       818.94      841.72    14.543    901.94    1256.58   24        
4     eil76       818.94      824.69    14.684    903.28    1032.13   21        
6     eil76       818.94      841.99    15.761    901.94    1142.50   21        
7     eil76       818.94      851.22    15.764    928.94    1050.39   29        
8     eil76       818.94      829.88    15.964    902.94    1351.35   22        
9     eil76       818.94      861.18    15.962    914.94    1191.87   27        
0     eil101      950.74      990.83    20.629    1061.78   1696.05   57        
1     eil101      950.74      988.55    20.776    1061.78   1378.46   57        
2     eil101      950.74      959.38    19.609    1061.78   1567.89   67        
3     eil101      950.74      970.59    19.599    1061.78   1384.03   62        
4     eil101      950.74      983.84    19.240    1061.78   1403.72   42        
5     eil101      950.74      973.62    19.152    1061.78   1622.35   53        
6     eil101      950.74      962.72    16.485    1061.78   1377.34   41        
7     eil101      950.74      984.12    16.434    1057.71   1228.03   53        
8     eil101      950.74      983.95    12.653    1057.32   1210.47   61        
9     eil101      950.74      981.89    12.324    1061.78   1330.95   49    