1     gr17        2760.00     2860.28   1.220     2932.00   3501.26   5           0.01        
5     gr17        2760.00     2803.24   1.225     3087.00   3663.36   12          0.01        
0     gr17        3000.00     3068.32   1.231     3035.00   3640.24   1           0.01        
2     gr17        3000.00     3098.48   1.237     3092.00   3690.36   3           0.01        
3     gr17        2760.00     2817.66   1.244     3089.00   3760.96   8           0.01        
4     gr17        2760.00     2829.12   1.255     3029.00   3450.24   12          0.01        
6     gr17        2760.00     2848.28   1.148     3087.00   3398.52   9           0.01        
9     gr17        2760.00     2811.00   1.161     3066.00   3640.70   2           0.01        
7     gr17        2760.00     2838.22   1.166     2884.00   3415.22   2           0.01        
8     gr17        2760.00     2827.06   1.167     3009.00   3526.70   4           0.01        
1     gr21        8371.00     8654.66   1.278     9795.00   10768.86  24          0.01        
0     gr21        8371.00     8452.80   1.285     9937.00   11137.46  25          0.02        
5     gr21        8211.00     8533.86   1.219     9628.00   11024.46  25          0.02        
2     gr21        8433.00     8588.46   1.223     9937.00   10815.42  15          0.02        
3     gr21        7788.00     7940.32   1.275     9628.00   10947.94  32          0.02        
4     gr21        8035.00     8242.96   1.280     9531.00   10583.14  32          0.01        
6     gr21        7788.00     8224.02   1.275     9628.00   10553.00  53          0.01        
7     gr21        7788.00     8255.24   1.278     9628.00   10568.26  34          0.02        
8     gr21        8431.00     8639.00   1.217     9937.00   11014.54  57          0.02        
9     gr21        8035.00     8235.08   1.259     9628.00   10915.60  21          0.01        
1     gr24        1867.00     1911.64   1.379     1951.00   2293.28   3           0.02        
0     gr24        1867.00     1898.76   1.397     1975.00   2520.40   10          0.03        
3     gr24        1867.00     1914.92   1.416     1951.00   2577.30   6           0.02        
2     gr24        1867.00     1908.58   1.413     1960.00   2589.56   6           0.02        
4     gr24        1867.00     1917.20   1.426     1975.00   2376.70   13          0.02        
5     gr24        1867.00     1932.38   1.462     1939.00   2691.78   9           0.02        
6     gr24        1867.00     1897.54   1.450     1975.00   2213.96   12          0.02        
7     gr24        1867.00     1883.62   1.489     1975.00   2242.78   12          0.03        
8     gr24        1867.00     1867.78   1.473     1975.00   2329.30   11          0.02        
9     gr24        1867.00     1926.70   1.486     1975.00   2307.14   9           0.02        
0     fri26       1302.00     1373.24   1.518     1339.00   1837.70   4           0.02        
1     fri26       1302.00     1309.54   1.499     1339.00   1577.50   5           0.02        
2     fri26       1302.00     1323.68   1.542     1337.00   1771.86   2           0.03        
3     fri26       1302.00     1316.48   1.610     1339.00   1791.84   4           0.03        
4     fri26       1302.00     1335.42   1.607     1310.00   1643.24   2           0.03        
5     fri26       1302.00     1319.84   1.642     1339.00   1757.06   8           0.03        
7     fri26       1302.00     1338.86   1.524     1339.00   1536.58   1           0.02        
6     fri26       1302.00     1326.62   1.541     1339.00   1591.36   4           0.03        
8     fri26       1302.00     1336.70   1.608     1302.00   1586.90   0           0.03        
9     fri26       1302.00     1346.06   1.627     1302.00   1566.04   0           0.03        
1     bays29      2991.00     3065.54   1.740     3190.00   4007.68   9           0.03        
0     bays29      2991.00     3092.02   1.821     3182.00   4340.10   14          0.04        
3     bays29      2991.00     3094.34   1.681     3159.00   4107.78   4           0.02        
2     bays29      2991.00     3051.54   1.680     3365.00   4085.56   13          0.03        
5     bays29      2991.00     3058.58   1.622     3156.00   3907.26   23          0.03        
4     bays29      2991.00     3094.26   1.683     3132.00   3869.68   14          0.04        
7     bays29      2991.00     3078.40   1.673     3230.00   3896.92   17          0.03        
6     bays29      2991.00     3037.94   1.721     3091.00   3792.12   12          0.03        
9     bays29      2991.00     3108.08   1.597     3277.00   3794.78   21          0.03        
8     bays29      2991.00     3065.72   1.667     3084.00   3899.16   7           0.04        
0     gr48        7594.00     7697.80   2.438     8305.00   10611.98  48          0.08        
1     gr48        7594.00     7804.20   2.565     8367.00   9840.40   18          0.07        
2     gr48        7594.00     7785.98   2.538     8729.00   11269.80  33          0.11        
3     gr48        7594.00     7914.32   2.567     8816.00   11084.04  44          0.12        
5     gr48        7594.00     7805.06   2.333     8470.00   11235.18  27          0.09        
4     gr48        7594.00     7845.72   2.355     8341.00   10726.48  26          0.07        
6     gr48        7594.00     7673.94   2.359     8522.00   10381.66  21          0.07        
7     gr48        7594.00     7822.16   2.508     8562.00   9605.58   31          0.09        
8     gr48        7594.00     7756.86   2.434     8757.00   9948.40   48          0.09        
9     gr48        7594.00     7771.56   2.466     8305.00   9514.20   29          0.08        
0     eil51       639.78      647.72    2.070     718.78    950.65    26          0.08        
1     eil51       639.78      653.59    2.115     718.29    825.89    23          0.08        
2     eil51       639.78      665.28    2.173     689.57    1056.51   42          0.09        
3     eil51       639.78      662.51    2.203     710.19    948.34    24          0.08        
4     eil51       639.78      648.84    2.233     675.89    854.37    31          0.09        
5     eil51       639.78      650.35    2.302     713.95    949.09    26          0.1         
7     eil51       639.78      663.80    2.222     706.38    813.44    29          0.08        
6     eil51       639.78      649.85    2.269     702.19    875.75    10          0.11        
8     eil51       639.78      649.44    2.232     734.38    841.30    32          0.11        
9     eil51       639.78      654.65    2.250     682.89    807.89    20          0.1         
0     berlin52    11259.14    11545.04  2.428     12918.14  16940.26  27          0.1         
1     berlin52    11259.14    11667.52  2.522     12914.87  14571.30  31          0.13        
3     berlin52    11218.12    11537.71  2.244     12490.41  16243.36  56          0.11        
2     berlin52    11259.14    11552.27  2.302     12401.90  18187.31  27          0.11        
4     berlin52    11259.14    11541.54  2.346     12475.46  15147.87  20          0.09        
5     berlin52    11259.14    11539.62  2.360     12665.14  17105.16  16          0.1         
7     berlin52    11218.12    11569.77  2.257     12490.41  14111.02  55          0.09        
6     berlin52    11259.14    11759.80  2.493     12145.90  15443.61  30          0.11        
8     berlin52    11259.14    11688.70  2.311     12858.14  14753.00  24          0.11        
9     berlin52    11259.14    11522.83  2.298     12401.90  13948.17  22          0.11        
0     eil76       818.94      855.50    3.108     929.94    1385.58   14          0.22        
1     eil76       818.94      844.26    3.103     922.94    1116.44   26          0.25        
2     eil76       818.94      843.01    3.138     897.88    1236.42   26          0.22        
3     eil76       818.94      840.27    3.158     877.94    1214.79   35          0.22        
5     eil76       818.94      839.80    3.198     901.94    1256.58   24          0.28        
4     eil76       818.94      840.67    3.221     903.28    1032.13   21          0.29        
6     eil76       818.94      845.11    3.219     901.94    1142.50   21          0.3         
7     eil76       818.94      828.61    3.279     928.94    1050.39   29          0.25        
8     eil76       818.94      826.08    3.229     902.94    1351.35   22          0.2         
9     eil76       818.94      839.52    3.251     914.94    1191.87   27          0.26        
0     eil101      950.74      980.21    3.955     1061.78   1696.05   57          0.34        
1     eil101      950.74      979.30    4.045     1061.78   1378.46   57          0.46        
2     eil101      950.74      956.53    4.078     1061.78   1567.89   67          0.36        
3     eil101      950.74      974.55    4.199     1061.78   1384.03   62          0.45        
4     eil101      950.74      974.33    4.164     1061.78   1403.72   42          0.42        
5     eil101      950.74      958.61    4.147     1061.78   1622.35   53          0.41        
6     eil101      950.74      971.73    3.143     1061.78   1377.34   41          0.3         
7     eil101      950.74      972.39    3.125     1057.71   1228.03   53          0.31        
8     eil101      950.74      973.15    2.398     1057.32   1210.47   61          0.33        
9     eil101      950.74      969.10    2.317     1061.78   1330.95   49          0.3  