0     gr17        2991.00     3160.21   16.141    3053.00   3391.31   30          0.01        
1     gr17        2760.00     2953.34   15.957    3002.00   3539.36   4           0.0         
2     gr17        2760.00     2957.15   16.147    3002.00   3447.80   12          0.01        
3     gr17        2760.00     2964.04   15.783    2835.00   3572.27   11          0.0         
4     gr17        2760.00     2955.01   16.101    3000.00   3490.94   5           0.01        
5     gr17        2760.00     2952.80   15.803    3000.00   3669.08   1           0.01        
6     gr17        2991.00     3177.64   15.915    3000.00   3466.10   22          0.01        
7     gr17        2760.00     2938.44   16.122    2835.00   3461.83   11          0.0         
8     gr17        2760.00     2947.09   16.081    3000.00   3478.85   7           0.01        
9     gr17        2760.00     2963.94   16.207    2995.00   3460.52   6           0.01        
0     gr21        8035.00     8745.80   18.478    9406.00   10776.01  18          0.01        
1     gr21        8196.00     9008.76   18.512    9579.00   10807.19  193         0.01        
2     gr21        8196.00     8929.18   18.882    9613.00   10637.84  326         0.01        
3     gr21        8196.00     9261.57   18.214    9167.00   10770.61  111         0.01        
4     gr21        8054.00     8720.69   19.478    9220.00   10722.74  115         0.01        
5     gr21        8151.00     8859.63   18.483    9628.00   10986.34  104         0.01        
6     gr21        7788.00     8895.06   18.955    9365.00   10768.86  371         0.01        
7     gr21        8196.00     9022.61   18.329    9499.00   10856.63  258         0.01        
8     gr21        8141.00     9079.44   18.280    9063.00   10828.57  201         0.01        
9     gr21        8196.00     8992.84   19.571    9381.00   10678.53  203         0.01        
0     gr24        1841.00     1960.07   20.359    1900.00   2300.14   115         0.01        
1     gr24        1841.00     1953.85   19.522    1956.00   2276.28   121         0.01        
2     gr24        1841.00     1977.36   19.359    1937.00   2244.08   354         0.01        
3     gr24        1841.00     1967.19   19.364    1908.00   2332.79   160         0.01        
4     gr24        1841.00     1952.83   19.525    1937.00   2301.87   130         0.01        
5     gr24        1830.00     1948.65   19.414    1896.00   2421.78   161         0.01        
6     gr24        1845.00     1990.26   19.359    1908.00   2289.48   230         0.01        
7     gr24        1841.00     1988.86   19.343    1933.00   2331.54   368         0.01        
8     gr24        1824.00     1971.54   19.294    1867.00   2317.72   249         0.01        
9     gr24        1841.00     1974.35   19.235    1896.00   2279.04   289         0.01        
0     fri26       1283.00     1371.24   20.559    1302.00   1591.86   166         0.01        
1     fri26       1283.00     1364.95   20.701    1312.00   1555.62   147         0.01        
2     fri26       1283.00     1365.70   20.425    1302.00   1559.77   244         0.01        
3     fri26       1283.00     1373.10   20.006    1317.00   1600.36   377         0.01        
4     fri26       1283.00     1373.31   19.987    1307.00   1576.12   467         0.01        
5     fri26       1302.00     1381.74   20.079    1307.00   1636.07   3           0.01        
6     fri26       1283.00     1362.32   19.914    1322.00   1590.64   455         0.01        
7     fri26       1302.00     1382.66   20.791    1302.00   1600.85   0           0.01        
8     fri26       1283.00     1362.72   20.449    1302.00   1598.00   395         0.01        
9     fri26       1283.00     1357.92   20.148    1314.00   1560.88   63          0.01        
0     bays29      2991.00     3209.57   21.202    3131.00   3765.14   7           0.02        
1     bays29      2991.00     3230.81   21.254    3129.00   3822.75   5           0.02        
2     bays29      2991.00     3217.23   21.319    3094.00   3801.61   6           0.01        
3     bays29      2991.00     3229.99   21.517    3159.00   3735.97   6           0.01        
4     bays29      2991.00     3216.23   21.216    3174.00   3821.05   7           0.02        
5     bays29      2991.00     3213.84   21.324    3177.00   3878.03   5           0.02        
6     bays29      2991.00     3196.65   21.334    3128.00   3832.58   6           0.02        
7     bays29      2991.00     3192.62   21.396    3135.00   3757.99   5           0.01        
8     bays29      2991.00     3199.97   21.337    3141.00   3834.81   4           0.02        
9     bays29      2991.00     3199.74   21.191    3190.00   3823.78   2           0.01        
0     gr48        7583.00     8104.93   30.873    8291.00   9924.81   101         0.05        
1     gr48        7594.00     8069.95   32.054    8210.00   10603.26  11          0.04        
2     gr48        7594.00     8097.41   32.225    8062.00   9894.26   21          0.05        
3     gr48        7583.00     8131.66   30.552    8333.00   9687.00   82          0.04        
4     gr48        7594.00     8176.32   32.066    8336.00   9929.44   15          0.04        
5     gr48        7567.00     8168.33   32.081    8038.00   10777.77  424         0.04        
6     gr48        7583.00     8071.50   32.085    8133.00   9708.34   185         0.05        
7     gr48        7583.00     8052.89   32.877    8406.00   10459.50  130         0.04        
8     gr48        7567.00     8203.39   32.083    8252.00   10214.68  486         0.06        
9     gr48        7583.00     8076.55   32.244    8307.00   9985.79   250         0.04        
0     eil51       639.78      688.02    34.831    693.29    859.85    18          0.04        
1     eil51       639.78      688.19    34.794    704.60    854.05    19          0.04        
2     eil51       639.78      688.33    35.116    702.19    832.21    17          0.05        
3     eil51       639.78      689.64    34.762    679.95    818.16    13          0.05        
4     eil51       639.78      680.77    34.840    690.57    832.63    12          0.04        
5     eil51       639.78      678.11    35.194    698.19    882.96    17          0.05        
6     eil51       639.78      681.94    35.128    699.89    860.94    29          0.05        
7     eil51       639.78      685.74    35.143    699.89    884.81    13          0.05        
8     eil51       639.78      672.59    35.734    693.67    859.25    7           0.04        
9     eil51       639.78      689.11    34.933    692.89    862.75    13          0.05        
0     berlin52    11259.14    12200.69  36.134    12662.14  15368.77  11          0.05        
1     berlin52    11259.14    12396.22  35.800    11874.46  14909.76  14          0.05        
2     berlin52    11218.12    11912.89  36.563    12366.44  14899.96  30          0.04        
3     berlin52    11259.14    11998.50  35.857    12431.46  14419.77  12          0.05        
4     berlin52    11259.14    12226.39  34.843    12387.14  14631.71  12          0.05        
5     berlin52    11259.14    11996.73  35.682    12350.87  14820.80  14          0.06        
6     berlin52    11259.14    12087.50  35.298    12377.56  15148.05  10          0.05        
7     berlin52    11259.14    11891.67  35.450    12499.23  15677.84  17          0.04        
8     berlin52    11259.14    12242.85  34.358    12101.23  15065.17  17          0.04        
9     berlin52    11259.14    11933.31  35.729    12251.87  15129.15  10          0.05        
0     eil76       816.93      877.58    46.897    885.94    1056.94   314         0.07        
1     eil76       816.93      868.48    47.672    899.28    1130.06   91          0.11        
2     eil76       816.93      868.28    47.520    891.28    1141.00   365         0.11        
3     eil76       816.93      869.69    47.533    885.94    1108.48   412         0.09        
4     eil76       816.93      876.69    47.578    887.94    1076.08   114         0.08        
5     eil76       816.93      865.69    47.230    864.94    1070.92   464         0.1         
6     eil76       816.93      861.48    47.245    878.94    1188.17   402         0.08        
7     eil76       815.15      867.41    47.381    886.18    1127.55   150         0.11        
8     eil76       816.93      872.77    47.497    870.94    1114.98   230         0.1         
9     eil76       816.93      869.29    47.545    886.88    1134.88   25          0.08        
0     eil101      950.74      1018.44   62.145    1061.78   1327.92   29          0.2         
1     eil101      950.74      1007.62   65.392    1061.70   1373.23   30          0.2         
2     eil101      950.74      1013.65   64.641    1054.77   1357.02   143         0.16        
3     eil101      950.74      1012.38   64.650    1061.78   1393.00   27          0.19        
4     eil101      950.74      1007.70   65.654    1040.46   1399.35   28          0.18        
5     eil101      950.74      1010.33   65.108    1055.77   1340.67   35          0.15        
6     eil101      950.74      1011.17   64.483    1047.74   1275.88   27          0.19        
7     eil101      950.74      1016.36   64.348    1053.71   1364.08   26          0.19        
8     eil101      950.74      999.61    65.546    1048.32   1322.77   28          0.2         
9     eil101      950.74      1019.18   64.022    1046.46   1313.65   34          0.17        
seed  ins         mejor       pob       time      mejor_i   pob_i     mejor_iter  t_pob       
