0     gr17        2991.00     3113.67   4.609     3066.00   3247.04   168         0.01        
1     gr17        2760.00     2899.23   4.721     2995.00   3275.84   6           0.01        
2     gr17        2991.00     3087.76   4.611     3066.00   3227.47   200         0.01        
3     gr17        2991.00     3123.03   4.605     3066.00   3284.83   267         0.01        
4     gr17        2760.00     2899.29   4.492     2927.00   3316.15   5           0.01        
5     gr17        2760.00     2877.52   4.378     3000.00   3289.12   7           0.01        
6     gr17        2991.00     3115.16   4.337     3000.00   3308.29   45          0.01        
7     gr17        3000.00     3085.15   4.382     3087.00   3302.60   2           0.01        
8     gr17        2760.00     2873.43   4.301     3014.00   3280.40   6           0.01        
9     gr17        2760.00     2949.81   4.343     3035.00   3324.60   11          0.01        
0     gr21        8141.00     8618.89   4.653     9628.00   10378.76  222         0.01        
1     gr21        8371.00     8917.07   4.937     9795.00   10411.63  10          0.01        
2     gr21        8141.00     8786.17   4.667     9937.00   10394.84  236         0.01        
3     gr21        8106.00     8669.36   4.780     9628.00   10482.81  123         0.01        
4     gr21        8035.00     8619.81   4.793     9628.00   10383.03  14          0.01        
5     gr21        8141.00     8558.37   4.601     9660.00   10431.48  148         0.01        
6     gr21        7788.00     8194.68   4.798     9628.00   10448.07  120         0.01        
7     gr21        8151.00     8704.43   4.567     9436.00   10483.39  318         0.01        
8     gr21        8371.00     8942.81   4.811     9937.00   10418.25  25          0.01        
9     gr21        8371.00     9051.76   4.772     9815.00   10450.96  18          0.01        
0     gr24        1867.00     1938.95   5.394     1975.00   2098.12   5           0.02        
1     gr24        1824.00     1911.77   5.351     1951.00   2091.92   343         0.02        
2     gr24        1867.00     1961.49   5.356     1872.00   2071.09   1           0.02        
3     gr24        1867.00     1968.69   5.340     1975.00   2157.13   4           0.02        
4     gr24        1850.00     1940.60   5.291     1879.00   2180.89   116         0.02        
5     gr24        1845.00     1924.03   5.333     1900.00   2152.57   157         0.01        
6     gr24        1867.00     1949.28   5.380     1940.00   2127.32   3           0.02        
7     gr24        1850.00     1889.76   5.361     1975.00   2138.44   43          0.02        
8     gr24        1867.00     1989.73   5.394     1867.00   2169.71   0           0.02        
9     gr24        1850.00     1938.57   5.397     1968.00   2166.23   427         0.01        
0     fri26       1302.00     1349.79   5.723     1339.00   1424.37   3           0.02        
1     fri26       1302.00     1355.56   5.728     1314.00   1411.37   1           0.02        
2     fri26       1302.00     1365.53   5.730     1305.00   1395.24   1           0.02        
3     fri26       1302.00     1370.52   5.770     1339.00   1455.23   2           0.02        
4     fri26       1302.00     1358.24   5.743     1312.00   1463.32   1           0.02        
5     fri26       1302.00     1370.32   5.750     1312.00   1440.35   2           0.02        
6     fri26       1302.00     1349.17   6.046     1339.00   1455.68   3           0.02        
7     fri26       1302.00     1359.79   5.919     1307.00   1448.47   2           0.02        
8     fri26       1302.00     1354.37   5.999     1339.00   1471.75   2           0.02        
9     fri26       1302.00     1364.27   5.834     1312.00   1471.47   1           0.02        
0     bays29      2991.00     3170.99   6.127     3263.00   3534.85   8           0.02        
1     bays29      2991.00     3086.55   6.290     3277.00   3526.33   9           0.03        
2     bays29      2991.00     3126.01   6.402     3222.00   3481.39   5           0.02        
3     bays29      2991.00     3109.36   6.430     3153.00   3510.07   5           0.02        
4     bays29      2991.00     3119.68   6.530     3128.00   3540.11   8           0.02        
5     bays29      2991.00     3097.52   6.387     3128.00   3540.31   9           0.02        
6     bays29      2991.00     3105.59   6.364     3091.00   3547.76   9           0.02        
7     bays29      2991.00     3140.16   6.253     3138.00   3558.49   9           0.02        
8     bays29      2991.00     3122.95   6.590     3128.00   3578.13   10          0.03        
9     bays29      2991.00     3181.60   6.410     3141.00   3500.89   5           0.02        
0     gr48        7594.00     7984.05   9.949     8333.00   8997.04   20          0.06        
1     gr48        7594.00     7831.77   9.586     8357.00   8991.04   14          0.07        
2     gr48        7583.00     7917.65   8.585     8378.00   8870.63   103         0.07        
3     gr48        7594.00     7945.55   9.956     8197.00   9098.52   22          0.07        
4     gr48        7609.00     8000.89   8.320     8138.00   9053.40   59          0.05        
5     gr48        7594.00     7861.17   9.807     8236.00   9100.59   15          0.07        
6     gr48        7594.00     7753.36   9.988     8236.00   8952.08   19          0.06        
7     gr48        7594.00     8164.03   9.882     8205.00   9046.93   19          0.06        
8     gr48        7594.00     7830.11   9.687     8455.00   9115.07   15          0.07        
9     gr48        7594.00     7980.05   9.590     8518.00   9068.43   16          0.06        
0     eil51       639.78      663.30    8.900     721.29    763.00    16          0.07        
1     eil51       639.78      659.82    8.979     722.29    761.65    13          0.08        
2     eil51       639.78      658.63    8.723     693.38    754.08    17          0.07        
3     eil51       639.78      688.35    8.576     669.67    768.99    19          0.07        
4     eil51       639.78      667.44    8.905     693.60    772.74    12          0.07        
5     eil51       639.78      660.80    8.883     664.58    769.63    11          0.07        
6     eil51       639.78      661.48    8.798     713.95    772.99    11          0.08        
7     eil51       639.78      661.03    8.656     693.38    771.75    14          0.06        
8     eil51       639.78      662.91    8.792     695.95    771.74    18          0.08        
9     eil51       639.78      660.31    8.950     696.78    772.90    6           0.06        
0     berlin52    11259.14    11657.76  9.807     12490.41  13349.88  17          0.07        
1     berlin52    11259.14    11611.21  9.709     12685.44  13283.41  11          0.09        
2     berlin52    11259.14    11993.65  9.583     12617.90  13212.28  14          0.07        
3     berlin52    11259.14    11662.39  9.672     12107.44  13405.71  11          0.08        
4     berlin52    11259.14    11748.79  9.599     12234.90  13440.44  13          0.07        
5     berlin52    11259.14    11595.64  9.375     12651.23  13394.68  10          0.07        
6     berlin52    11259.14    11679.32  9.657     12237.44  13381.96  13          0.08        
7     berlin52    11218.12    11502.02  9.246     12490.41  13436.13  22          0.07        
8     berlin52    11259.14    11541.86  9.556     12497.71  13534.54  10          0.07        
9     berlin52    11259.14    11554.22  9.466     12594.14  13447.63  15          0.06        
0     eil76       818.94      862.56    12.495    875.28    973.09    12          0.16        
1     eil76       818.94      851.44    12.581    885.94    977.44    18          0.16        
2     eil76       818.94      860.25    12.039    881.88    969.31    9           0.17        
3     eil76       818.94      868.35    12.213    910.28    982.45    10          0.14        
4     eil76       818.94      849.36    12.369    913.94    980.08    17          0.16        
5     eil76       818.94      838.60    12.530    885.88    980.94    10          0.14        
6     eil76       818.94      849.63    12.604    899.28    979.60    15          0.14        
7     eil76       818.94      872.00    12.336    889.28    983.02    15          0.14        
8     eil76       818.94      846.93    12.374    908.28    981.41    17          0.18        
9     eil76       816.93      854.77    11.849    902.94    990.01    15          0.15        
0     eil101      950.74      988.12    15.717    1061.78   1113.70   27          0.27        
1     eil101      950.74      989.40    15.575    1061.78   1107.16   34          0.31        
2     eil101      950.74      973.48    16.008    1058.74   1100.21   143         0.27        
3     eil101      950.74      983.09    15.708    1052.32   1125.59   33          0.29        
4     eil101      950.74      983.86    15.870    1061.78   1134.35   29          0.28        
5     eil101      950.74      999.06    15.738    1061.78   1128.05   32          0.32        
6     eil101      950.74      971.57    15.854    1057.32   1130.62   33          0.27        
7     eil101      950.74      979.69    15.756    1061.78   1134.29   29          0.28        
8     eil101      950.74      980.68    15.706    1060.74   1141.71   25          0.28        
9     eil101      950.74      996.08    15.800    1057.99   1127.45   25          0.3         
seed  ins         mejor       pob       time      mejor_i   pob_i     mejor_iter  t_pob       
