0     gr17        3000.00     3081.60   1.985     3066.00   3761.76   2           0.0         
1     gr17        3000.00     3145.48   1.928     3060.00   3823.08   1           0.0         
2     gr17        3000.00     3087.24   1.858     3081.00   4087.84   2           0.0         
3     gr17        3000.00     3034.76   2.017     3143.00   3733.52   2           0.0         
4     gr17        3000.00     3172.08   1.906     3141.00   3898.08   2           0.0         
5     gr17        3000.00     3180.84   2.086     3092.00   4065.40   2           0.0         
6     gr17        3000.00     3086.16   1.824     3143.00   3676.64   2           0.0         
7     gr17        3000.00     3121.60   2.133     3066.00   3453.52   2           0.0         
8     gr17        3000.00     3138.12   2.270     3129.00   4111.20   1           0.0         
9     gr17        3000.00     3165.68   2.266     3000.00   3850.72   0           0.0         
0     gr21        7788.00     8038.40   2.158     9894.00   11491.84  352         0.0         
1     gr21        8371.00     8686.28   2.215     9413.00   11497.08  14          0.0         
2     gr21        8159.00     8380.80   2.239     10013.00  11840.32  57          0.0         
3     gr21        8371.00     8427.40   2.212     9796.00   11705.72  26          0.0         
4     gr21        8371.00     8616.64   2.048     9220.00   11263.68  10          0.0         
5     gr21        8371.00     8586.32   2.137     9894.00   11970.36  11          0.0         
6     gr21        8371.00     8547.68   2.199     9851.00   11091.48  9           0.0         
7     gr21        8371.00     8674.52   2.118     9499.00   11406.16  12          0.0         
8     gr21        8371.00     8829.80   2.163     9907.00   11604.76  13          0.0         
9     gr21        8371.00     8984.76   2.138     9826.00   11243.00  287         0.0         
0     gr24        1867.00     2028.60   2.394     1953.00   2768.36   5           0.0         
1     gr24        1867.00     1985.24   2.503     1975.00   2527.84   5           0.0         
2     gr24        1867.00     1906.48   2.455     1872.00   2749.16   1           0.0         
3     gr24        1867.00     1909.68   2.369     1925.00   2668.48   4           0.0         
4     gr24        1850.00     1966.64   2.442     1908.00   2472.44   286         0.0         
5     gr24        1867.00     1928.28   2.487     1919.00   2938.88   4           0.0         
6     gr24        1867.00     1888.92   2.244     1908.00   2661.92   5           0.0         
7     gr24        1867.00     1970.96   2.347     1975.00   2762.96   4           0.0         
8     gr24        1867.00     1904.92   2.402     1971.00   2749.84   4           0.0         
9     gr24        1867.00     1964.84   2.320     1975.00   2536.68   3           0.0         
0     fri26       1302.00     1355.80   2.208     1314.00   1839.32   1           0.0         
1     fri26       1302.00     1329.08   2.542     1339.00   1902.20   2           0.0         
2     fri26       1302.00     1302.16   2.680     1302.00   1982.52   0           0.0         
3     fri26       1302.00     1370.04   2.636     1339.00   1728.52   3           0.0         
4     fri26       1302.00     1356.56   2.324     1339.00   1580.60   1           0.0         
5     fri26       1302.00     1349.12   2.526     1302.00   1819.80   0           0.0         
6     fri26       1302.00     1349.20   2.738     1339.00   2279.28   2           0.0         
7     fri26       1302.00     1366.32   2.191     1339.00   1914.68   3           0.0         
8     fri26       1302.00     1319.44   2.439     1302.00   1947.76   0           0.0         
9     fri26       1302.00     1348.92   2.371     1312.00   1959.76   1           0.0         
0     bays29      2991.00     3074.88   2.584     3157.00   4183.84   7           0.0         
1     bays29      3078.00     3135.84   2.750     3157.00   4491.88   4           0.0         
2     bays29      2991.00     3041.68   2.436     3200.00   4523.44   7           0.0         
3     bays29      2991.00     3050.16   2.518     3178.00   4168.60   4           0.0         
4     bays29      2991.00     3160.96   2.750     3153.00   3858.96   6           0.0         
5     bays29      2991.00     3059.64   2.487     3174.00   4872.36   6           0.0         
6     bays29      2991.00     3078.28   2.654     3094.00   4364.44   6           0.0         
7     bays29      2991.00     3142.96   2.632     3089.00   4476.08   4           0.0         
8     bays29      2991.00     3040.76   2.886     3128.00   4304.32   11          0.0         
9     bays29      2991.00     3022.48   3.128     3252.00   4302.80   6           0.01        
0     gr48        7594.00     7875.84   3.892     8339.00   12056.04  14          0.01        
1     gr48        7594.00     7770.08   3.393     8320.00   12019.52  22          0.01        
2     gr48        7594.00     7838.72   3.117     8357.00   15407.84  15          0.01        
3     gr48        7583.00     8010.80   3.195     8418.00   11531.36  300         0.0         
4     gr48        7594.00     7785.44   3.683     8493.00   13713.40  18          0.01        
5     gr48        7594.00     7680.52   3.388     8200.00   12254.44  9           0.01        
6     gr48        7594.00     7784.68   3.156     8321.00   11882.16  14          0.01        
7     gr48        7594.00     7750.88   3.115     8320.00   11095.96  13          0.0         
8     gr48        7594.00     8160.44   3.127     8179.00   13559.00  17          0.01        
9     gr48        7594.00     7971.00   3.201     8307.00   14593.32  11          0.01        
0     eil51       639.78      655.55    2.869     711.78    1133.64   19          0.01        
1     eil51       639.78      659.35    2.869     700.78    990.41    8           0.01        
2     eil51       639.78      657.01    2.907     693.38    1105.74   15          0.01        
3     eil51       639.78      676.66    2.900     712.38    1043.50   12          0.01        
4     eil51       639.78      649.40    2.901     714.67    894.46    18          0.01        
5     eil51       639.78      662.77    2.892     691.67    1161.44   7           0.01        
6     eil51       639.78      649.68    2.881     693.29    1034.83   17          0.01        
7     eil51       639.78      658.04    2.880     695.78    1038.03   10          0.01        
8     eil51       639.78      663.20    2.884     711.19    1123.08   14          0.01        
9     eil51       639.78      648.90    2.875     700.38    978.61    15          0.01        
0     berlin52    11218.12    11520.80  3.028     12490.41  20168.79  151         0.02        
1     berlin52    11259.14    11341.48  3.164     12608.87  17087.41  14          0.01        
2     berlin52    11259.14    11569.90  3.115     12350.87  21738.75  15          0.01        
3     berlin52    11259.14    11422.14  3.085     12390.82  18177.61  14          0.0         
4     berlin52    11259.14    11639.06  3.032     12234.90  18410.95  9           0.01        
5     berlin52    11259.14    11479.65  3.109     12398.23  20907.08  17          0.01        
6     berlin52    11259.14    11503.33  3.112     12431.46  18286.31  17          0.01        
7     berlin52    11259.14    11637.10  3.167     12343.23  18317.90  21          0.01        
8     berlin52    11259.14    11454.47  3.183     11939.82  20124.50  13          0.01        
9     berlin52    11259.14    11510.67  3.162     12766.44  17374.70  16          0.01        
0     eil76       818.94      842.09    3.934     919.88    1347.85   22          0.02        
1     eil76       818.94      839.70    3.828     892.94    1474.93   12          0.02        
2     eil76       818.94      858.20    3.819     879.94    1502.35   17          0.02        
3     eil76       818.94      839.32    3.810     893.18    1328.59   15          0.02        
4     eil76       818.94      843.66    3.815     913.71    1481.04   21          0.03        
5     eil76       818.94      850.73    3.877     889.28    1492.99   10          0.03        
6     eil76       818.94      834.42    3.841     908.88    1728.57   19          0.02        
7     eil76       818.94      839.28    3.810     890.88    1338.50   19          0.03        
8     eil76       818.94      837.11    3.835     866.28    1484.87   12          0.02        
9     eil76       818.94      830.83    3.813     914.94    1346.22   18          0.02        
0     eil101      950.74      980.79    4.661     1061.78   1976.04   32          0.05        
1     eil101      950.74      957.09    4.696     1057.71   2009.10   130         0.04        
2     eil101      950.74      954.26    4.633     1061.78   1989.43   35          0.04        
3     eil101      950.74      970.27    4.749     1051.48   1651.59   25          0.04        
4     eil101      950.74      984.57    4.669     1061.78   1767.57   31          0.04        
5     eil101      950.74      977.87    4.696     1061.78   2074.61   31          0.04        
6     eil101      950.74      972.90    4.617     1051.32   1831.48   33          0.03        
7     eil101      950.74      967.54    4.636     1046.64   1656.07   22          0.03        
8     eil101      950.74      958.36    4.572     1061.78   1853.75   28          0.03        
9     eil101      950.74      979.20    4.702     1061.78   1767.98   35          0.04        
seed  ins         mejor       pob       time      mejor_i   pob_i     mejor_iter  t_pob       
