0     gr17        2770.00     2828.40   4.971     3056.00   4083.46   35          0.01        
1     gr17        2760.00     2816.12   5.064     3028.00   3808.00   15          0.01        
2     gr17        2991.00     3025.13   5.178     3000.00   3903.89   31          0.01        
3     gr17        2760.00     2839.58   5.069     3035.00   3844.52   6           0.01        
4     gr17        2991.00     3042.35   5.114     3000.00   3947.71   416         0.01        
5     gr17        2991.00     3038.94   5.165     3035.00   3717.88   93          0.01        
6     gr17        2991.00     3050.00   5.380     3000.00   3670.30   294         0.01        
7     gr17        2991.00     3045.48   5.218     3000.00   3780.53   107         0.01        
8     gr17        2991.00     3006.88   5.091     3060.00   3996.79   122         0.01        
9     gr17        2760.00     2823.14   5.170     2995.00   3795.21   17          0.01        
0     gr21        8256.00     8462.03   5.813     9576.00   11415.65  27          0.01        
1     gr21        8371.00     8657.49   5.700     9628.00   11464.41  12          0.01        
2     gr21        8371.00     8819.61   5.509     9067.00   11433.54  9           0.01        
3     gr21        8159.00     8449.78   5.857     9532.00   11686.08  477         0.01        
4     gr21        8013.00     8283.24   5.789     9628.00   11318.06  22          0.01        
5     gr21        8371.00     8643.03   5.859     9336.00   11330.50  11          0.02        
6     gr21        8371.00     8494.54   5.616     9210.00   11297.19  10          0.01        
7     gr21        7788.00     8028.15   5.830     9628.00   11265.65  77          0.01        
8     gr21        8141.00     8245.18   5.921     9609.00   11415.48  354         0.02        
9     gr21        7788.00     8154.48   5.832     9628.00   11361.01  250         0.01        
0     gr24        1867.00     1897.90   6.086     1937.00   2575.54   5           0.02        
1     gr24        1867.00     1904.59   6.324     1917.00   2433.87   4           0.02        
2     gr24        1850.00     1877.90   6.337     1953.00   2615.55   177         0.01        
3     gr24        1867.00     1909.09   6.172     1949.00   2631.00   4           0.02        
4     gr24        1867.00     1889.58   6.255     1903.00   2505.69   4           0.02        
5     gr24        1850.00     1916.70   6.240     1951.00   2454.68   255         0.02        
6     gr24        1867.00     1895.87   6.262     1941.00   2663.60   2           0.02        
7     gr24        1850.00     1903.72   6.042     1879.00   2471.13   266         0.02        
8     gr24        1867.00     1924.20   6.451     1867.00   2627.98   0           0.02        
9     gr24        1867.00     1880.72   6.238     1885.00   2529.23   2           0.02        
0     fri26       1302.00     1325.52   6.425     1314.00   1844.31   2           0.02        
1     fri26       1302.00     1335.90   6.661     1312.00   1863.85   2           0.02        
2     fri26       1302.00     1325.94   6.610     1339.00   1866.94   1           0.02        
3     fri26       1302.00     1315.81   6.621     1307.00   1792.67   2           0.02        
4     fri26       1302.00     1316.76   6.610     1302.00   1816.24   0           0.02        
5     fri26       1302.00     1323.21   6.613     1325.00   1686.11   1           0.02        
6     fri26       1302.00     1325.31   6.458     1312.00   1898.00   1           0.02        
7     fri26       1302.00     1320.20   6.432     1307.00   1775.14   1           0.02        
8     fri26       1302.00     1313.05   6.656     1307.00   1871.52   1           0.02        
9     fri26       1302.00     1324.95   6.753     1338.00   1924.96   3           0.02        
0     bays29      2991.00     3042.01   6.906     3090.00   4302.05   7           0.04        
1     bays29      2991.00     3068.67   6.876     3129.00   4696.26   6           0.03        
2     bays29      2991.00     3072.62   6.891     3132.00   4412.00   8           0.02        
3     bays29      2991.00     3061.72   6.960     3128.00   4427.10   4           0.02        
4     bays29      2991.00     3036.14   6.852     3115.00   4326.91   5           0.02        
5     bays29      2991.00     3052.61   7.002     3142.00   4418.68   5           0.03        
6     bays29      2991.00     3055.45   7.023     3128.00   4328.35   3           0.03        
7     bays29      2991.00     3066.53   6.765     3100.00   4234.54   4           0.02        
8     bays29      2991.00     3022.50   6.915     3184.00   4307.39   5           0.03        
9     bays29      2991.00     3079.37   7.023     3128.00   4222.57   6           0.03        
0     gr48        7594.00     7688.54   9.528     8291.00   12164.25  16          0.06        
1     gr48        7594.00     7673.26   9.769     8234.00   12814.88  16          0.06        
2     gr48        7594.00     7741.25   9.591     8320.00   13117.43  16          0.07        
3     gr48        7594.00     7768.09   9.817     8197.00   13381.07  13          0.09        
4     gr48        7594.00     7746.40   9.645     8295.00   13336.58  11          0.08        
5     gr48        7594.00     7719.87   9.573     8132.00   11957.47  14          0.07        
6     gr48        7594.00     7781.60   9.717     8340.00   11072.71  11          0.06        
7     gr48        7583.00     7670.14   9.601     8216.00   12342.37  256         0.06        
8     gr48        7594.00     7664.97   9.782     8252.00   12583.47  15          0.08        
9     gr48        7594.00     7754.93   9.673     8307.00   12999.49  14          0.07        
0     eil51       639.78      653.64    10.576    697.38    986.52    11          0.08        
1     eil51       639.78      653.57    10.610    680.57    1021.64   12          0.09        
2     eil51       639.78      657.55    10.461    693.60    1045.40   12          0.09        
3     eil51       639.78      649.67    10.624    693.38    1073.44   14          0.08        
4     eil51       639.78      650.85    10.391    695.29    1038.18   13          0.09        
5     eil51       639.78      652.08    10.656    687.78    1076.31   12          0.08        
6     eil51       639.78      654.37    10.418    685.57    1040.66   14          0.08        
7     eil51       639.78      653.66    10.505    689.38    972.56    15          0.09        
8     eil51       639.78      647.27    10.549    693.38    1089.42   9           0.07        
9     eil51       639.78      651.26    10.374    695.38    1042.82   16          0.08        
0     berlin52    11259.14    11429.72  10.885    12642.90  17281.63  13          0.09        
1     berlin52    11259.14    11803.97  10.479    12414.14  18926.68  12          0.08        
2     berlin52    11259.14    11564.84  10.722    12133.14  18942.99  15          0.09        
3     berlin52    11259.14    11612.79  10.638    12640.44  18501.70  16          0.08        
4     berlin52    11259.14    11429.87  10.870    12267.90  17676.17  13          0.07        
5     berlin52    11259.14    11452.57  10.674    12169.14  18765.39  13          0.09        
6     berlin52    11259.14    11442.52  10.725    12643.87  18745.80  15          0.08        
7     berlin52    11218.12    11346.95  10.861    12314.14  17469.76  46          0.07        
8     berlin52    11259.14    11653.65  10.528    12791.14  18569.28  12          0.08        
9     berlin52    11259.14    11517.60  10.872    12201.14  19022.12  12          0.08        
0     eil76       818.94      834.19    14.300    885.94    1460.47   17          0.18        
1     eil76       818.94      824.60    14.472    889.28    1445.29   11          0.17        
2     eil76       818.94      839.56    14.156    905.94    1432.72   15          0.16        
3     eil76       818.94      835.33    14.543    895.83    1575.16   12          0.19        
4     eil76       818.94      826.36    14.782    888.88    1415.90   11          0.17        
5     eil76       818.94      831.50    14.465    872.61    1410.81   11          0.18        
6     eil76       818.94      835.36    14.382    901.94    1494.01   11          0.17        
7     eil76       818.94      832.01    14.431    892.94    1345.00   14          0.16        
8     eil76       818.94      836.51    14.318    906.88    1579.79   11          0.17        
9     eil76       818.94      831.11    14.496    908.88    1420.38   12          0.18        
0     eil101      950.74      960.97    18.529    1061.78   1891.33   34          0.36        
1     eil101      950.74      961.09    18.632    1061.78   1812.45   23          0.33        
2     eil101      950.74      962.01    18.595    1050.71   1913.83   23          0.32        
3     eil101      950.74      965.12    18.671    1030.99   1780.65   27          0.31        
4     eil101      950.74      962.62    18.430    1061.78   1674.05   19          0.36        
5     eil101      950.74      964.21    18.505    1046.46   1679.21   21          0.37        
6     eil101      950.74      971.83    18.599    1049.74   1827.79   24          0.39        
7     eil101      950.74      958.53    18.648    1036.94   1682.15   20          0.25        
8     eil101      950.74      968.69    18.551    1048.70   1936.50   25          0.27        
9     eil101      950.74      959.28    18.504    1058.46   1646.67   24          0.31        
seed  ins         mejor       pob       time      mejor_i   pob_i     mejor_iter  t_pob       
