0     gr17        2770.00     2828.40   5.133     3056.00   4083.46   35          0.01        
1     gr17        2760.00     2816.12   4.983     3028.00   3808.00   15          0.01        
2     gr17        2991.00     3025.13   5.006     3000.00   3903.89   31          0.01        
3     gr17        2760.00     2839.58   5.042     3035.00   3844.52   6           0.01        
4     gr17        2991.00     3042.35   5.207     3000.00   3947.71   416         0.01        
5     gr17        2991.00     3038.94   5.229     3035.00   3717.88   93          0.01        
6     gr17        2991.00     3050.00   5.336     3000.00   3670.30   294         0.01        
7     gr17        2991.00     3045.48   5.345     3000.00   3780.53   107         0.01        
8     gr17        2991.00     3006.88   5.188     3060.00   3996.79   122         0.01        
9     gr17        2760.00     2823.14   5.320     2995.00   3795.21   17          0.01        
0     gr21        8256.00     8462.03   5.910     9576.00   11415.65  27          0.01        
1     gr21        8371.00     8657.49   5.641     9628.00   11464.41  12          0.01        
2     gr21        8371.00     8819.61   5.705     9067.00   11433.54  9           0.01        
3     gr21        8159.00     8449.78   5.818     9532.00   11686.08  477         0.01        
4     gr21        8013.00     8283.24   5.786     9628.00   11318.06  22          0.01        
5     gr21        8371.00     8643.03   5.910     9336.00   11330.50  11          0.01        
6     gr21        8371.00     8494.54   5.799     9210.00   11297.19  10          0.01        
7     gr21        7788.00     8028.15   5.782     9628.00   11265.65  77          0.01        
8     gr21        8141.00     8245.18   5.670     9609.00   11415.48  354         0.01        
9     gr21        7788.00     8154.48   5.687     9628.00   11361.01  250         0.01        
0     gr24        1867.00     1897.90   6.120     1937.00   2575.54   5           0.02        
1     gr24        1867.00     1904.59   6.261     1917.00   2433.87   4           0.02        
2     gr24        1850.00     1877.90   6.262     1953.00   2615.55   177         0.02        
3     gr24        1867.00     1909.09   6.191     1949.00   2631.00   4           0.02        
4     gr24        1867.00     1889.58   6.230     1903.00   2505.69   4           0.02        
5     gr24        1850.00     1916.70   6.184     1951.00   2454.68   255         0.02        
6     gr24        1867.00     1895.87   6.209     1941.00   2663.60   2           0.02        
7     gr24        1850.00     1903.72   6.135     1879.00   2471.13   266         0.02        
8     gr24        1867.00     1924.20   6.217     1867.00   2627.98   0           0.02        
9     gr24        1867.00     1880.72   6.166     1885.00   2529.23   2           0.02        
0     fri26       1302.00     1325.52   6.678     1314.00   1844.31   2           0.02        
1     fri26       1302.00     1335.90   6.527     1312.00   1863.85   2           0.02        
2     fri26       1302.00     1325.94   6.529     1339.00   1866.94   1           0.02        
3     fri26       1302.00     1315.81   6.494     1307.00   1792.67   2           0.02        
4     fri26       1302.00     1316.76   6.615     1302.00   1816.24   0           0.02        
5     fri26       1302.00     1323.21   6.570     1325.00   1686.11   1           0.02        
6     fri26       1302.00     1325.31   6.319     1312.00   1898.00   1           0.02        
7     fri26       1302.00     1320.20   6.184     1307.00   1775.14   1           0.02        
8     fri26       1302.00     1313.05   6.150     1307.00   1871.52   1           0.02        
9     fri26       1302.00     1324.95   6.083     1338.00   1924.96   3           0.02        
0     bays29      2991.00     3042.01   6.366     3090.00   4302.05   7           0.03        
1     bays29      2991.00     3068.67   6.277     3129.00   4696.26   6           0.02        
2     bays29      2991.00     3072.62   6.363     3132.00   4412.00   8           0.02        
3     bays29      2991.00     3061.72   6.361     3128.00   4427.10   4           0.02        
4     bays29      2991.00     3036.14   6.414     3115.00   4326.91   5           0.02        
5     bays29      2991.00     3052.61   6.459     3142.00   4418.68   5           0.02        
6     bays29      2991.00     3055.45   6.454     3128.00   4328.35   3           0.02        
7     bays29      2991.00     3066.53   6.518     3100.00   4234.54   4           0.02        
8     bays29      2991.00     3022.50   6.295     3184.00   4307.39   5           0.03        
9     bays29      2991.00     3079.37   6.361     3128.00   4222.57   6           0.02        
0     gr48        7594.00     7688.54   8.808     8291.00   12164.25  16          0.06        
1     gr48        7594.00     7673.26   9.040     8234.00   12814.88  16          0.06        
2     gr48        7594.00     7741.25   8.816     8320.00   13117.43  16          0.06        
3     gr48        7594.00     7768.09   8.756     8197.00   13381.07  13          0.07        
4     gr48        7594.00     7746.40   8.867     8295.00   13336.58  11          0.07        
5     gr48        7594.00     7719.87   8.839     8132.00   11957.47  14          0.06        
6     gr48        7594.00     7781.60   8.985     8340.00   11072.71  11          0.06        
7     gr48        7583.00     7670.14   8.834     8216.00   12342.37  256         0.06        
8     gr48        7594.00     7664.97   8.757     8252.00   12583.47  15          0.07        
9     gr48        7594.00     7754.93   8.743     8307.00   12999.49  14          0.06        
0     eil51       639.78      653.64    9.494     697.38    986.52    11          0.06        
1     eil51       639.78      653.57    9.552     680.57    1021.64   12          0.07        
2     eil51       639.78      657.55    9.576     693.60    1045.40   12          0.07        
3     eil51       639.78      649.67    9.599     693.38    1073.44   14          0.08        
4     eil51       639.78      650.85    9.454     695.29    1038.18   13          0.08        
5     eil51       639.78      652.08    9.494     687.78    1076.31   12          0.07        
6     eil51       639.78      654.37    9.441     685.57    1040.66   14          0.07        
7     eil51       639.78      653.66    9.524     689.38    972.56    15          0.07        
8     eil51       639.78      647.27    9.603     693.38    1089.42   9           0.07        
9     eil51       639.78      651.26    9.161     695.38    1042.82   16          0.07        
0     berlin52    11259.14    11429.72  9.111     12642.90  17281.63  13          0.07        
1     berlin52    11259.14    11803.97  8.945     12414.14  18926.68  12          0.07        
2     berlin52    11259.14    11564.84  8.851     12133.14  18942.99  15          0.07        
3     berlin52    11259.14    11612.79  9.084     12640.44  18501.70  16          0.08        
4     berlin52    11259.14    11429.87  8.995     12267.90  17676.17  13          0.06        
5     berlin52    11259.14    11452.57  8.854     12169.14  18765.39  13          0.07        
6     berlin52    11259.14    11442.52  9.024     12643.87  18745.80  15          0.07        
7     berlin52    11218.12    11346.95  8.985     12314.14  17469.76  46          0.07        
8     berlin52    11259.14    11653.65  8.931     12791.14  18569.28  12          0.08        
9     berlin52    11259.14    11517.60  8.935     12201.14  19022.12  12          0.07        
0     eil76       818.94      834.19    12.040    885.94    1460.47   17          0.14        
1     eil76       818.94      824.60    12.138    889.28    1445.29   11          0.15        
2     eil76       818.94      839.56    12.054    905.94    1432.72   15          0.13        
3     eil76       818.94      835.33    12.101    895.83    1575.16   12          0.15        
4     eil76       818.94      826.36    11.975    888.88    1415.90   11          0.14        
5     eil76       818.94      831.50    12.217    872.61    1410.81   11          0.14        
6     eil76       818.94      835.36    12.457    901.94    1494.01   11          0.14        
7     eil76       818.94      832.01    12.396    892.94    1345.00   14          0.15        
8     eil76       818.94      836.51    12.216    906.88    1579.79   11          0.15        
9     eil76       818.94      831.11    12.544    908.88    1420.38   12          0.16        
0     eil101      950.74      960.97    16.275    1061.78   1891.33   34          0.3         
1     eil101      950.74      961.09    16.131    1061.78   1812.45   23          0.31        
2     eil101      950.74      962.01    16.512    1050.71   1913.83   23          0.31        
3     eil101      950.74      965.12    16.442    1030.99   1780.65   27          0.26        
4     eil101      950.74      962.62    16.488    1061.78   1674.05   19          0.3         
5     eil101      950.74      964.21    16.744    1046.46   1679.21   21          0.34        
6     eil101      950.74      971.83    16.275    1049.74   1827.79   24          0.32        
7     eil101      950.74      958.53    16.256    1036.94   1682.15   20          0.27        
8     eil101      950.74      968.69    16.347    1048.70   1936.50   25          0.25        
9     eil101      950.74      959.28    16.460    1058.46   1646.67   24          0.27        
