0     gr17        2760.00     2812.80   4.869     3000.00   3356.33   21          0.01        
1     gr17        2760.00     2818.50   4.901     2913.00   3398.30   13          0.01        
2     gr17        2991.00     3060.65   4.783     3035.00   3318.17   33          0.0         
3     gr17        2991.00     3055.43   4.768     3000.00   3342.49   37          0.01        
4     gr17        2991.00     3079.08   4.804     3000.00   3365.62   66          0.01        
5     gr17        2760.00     2823.60   4.849     2953.00   3295.78   2           0.01        
6     gr17        2760.00     2869.48   4.844     3000.00   3341.59   2           0.01        
7     gr17        2760.00     2821.20   4.809     3060.00   3359.24   13          0.0         
8     gr17        2760.00     2799.17   4.942     2953.00   3288.93   16          0.01        
9     gr17        2760.00     2831.22   4.956     3017.00   3306.09   13          0.01        
0     gr21        8021.00     8522.27   5.319     9561.00   10609.88  13          0.01        
1     gr21        8186.00     8587.36   5.334     9483.00   10584.48  18          0.01        
2     gr21        8371.00     8821.60   5.374     9264.00   10518.22  7           0.01        
3     gr21        8021.00     8317.93   5.740     9167.00   10584.60  343         0.01        
4     gr21        8130.00     8360.38   5.925     9614.00   10601.23  493         0.01        
5     gr21        8348.00     8548.16   5.623     9031.00   10436.93  293         0.01        
6     gr21        8196.00     8543.21   5.690     9365.00   10499.09  17          0.01        
7     gr21        8184.00     8517.84   5.735     9389.00   10744.23  37          0.01        
8     gr21        8348.00     8523.95   5.764     9609.00   10513.21  89          0.01        
9     gr21        8371.00     8968.64   5.764     9576.00   10618.97  9           0.01        
0     gr24        1867.00     1934.36   6.124     1917.00   2165.92   3           0.01        
1     gr24        1867.00     1947.36   5.854     1951.00   2162.99   1           0.01        
2     gr24        1850.00     1938.72   6.296     1872.00   2173.49   331         0.01        
3     gr24        1850.00     1899.70   6.150     1925.00   2217.73   170         0.01        
4     gr24        1867.00     1935.54   6.392     1925.00   2188.83   1           0.01        
5     gr24        1867.00     1924.49   6.296     1900.00   2137.56   4           0.01        
6     gr24        1867.00     1940.16   6.396     1908.00   2186.52   4           0.01        
7     gr24        1867.00     1934.49   6.569     1879.00   2222.39   1           0.01        
8     gr24        1867.00     1934.18   6.545     1867.00   2170.49   0           0.01        
9     gr24        1850.00     1902.32   6.258     1913.00   2185.87   167         0.01        
0     fri26       1302.00     1348.39   6.668     1302.00   1499.72   0           0.01        
1     fri26       1302.00     1345.48   6.569     1312.00   1486.97   1           0.01        
2     fri26       1302.00     1333.82   6.448     1338.00   1470.33   1           0.01        
3     fri26       1302.00     1327.24   6.215     1307.00   1504.27   1           0.01        
4     fri26       1302.00     1330.97   6.753     1302.00   1490.22   0           0.01        
5     fri26       1302.00     1330.44   6.569     1307.00   1487.50   1           0.01        
6     fri26       1302.00     1359.51   6.573     1307.00   1491.76   2           0.01        
7     fri26       1302.00     1333.07   6.810     1302.00   1521.72   0           0.01        
8     fri26       1302.00     1338.02   6.904     1302.00   1488.55   0           0.01        
9     fri26       1302.00     1330.52   6.893     1307.00   1479.69   1           0.01        
0     bays29      2991.00     3055.29   7.107     3083.00   3580.92   5           0.02        
1     bays29      2991.00     3135.78   6.988     3141.00   3598.56   6           0.02        
2     bays29      2991.00     3122.37   7.062     3132.00   3511.00   7           0.01        
3     bays29      2991.00     3072.79   6.836     3128.00   3595.13   5           0.01        
4     bays29      2991.00     3092.43   6.615     3089.00   3533.86   3           0.02        
5     bays29      2991.00     3078.60   6.997     3184.00   3612.68   7           0.02        
6     bays29      2991.00     3099.20   7.060     3117.00   3565.27   7           0.02        
7     bays29      2991.00     3114.34   6.995     3157.00   3675.19   2           0.01        
8     bays29      2991.00     3100.36   7.075     3135.00   3581.94   9           0.02        
9     bays29      2991.00     3070.97   7.142     3138.00   3592.01   3           0.01        
0     gr48        7594.00     7830.31   10.309    8291.00   9449.22   13          0.05        
1     gr48        7594.00     7827.10   10.111    8234.00   9509.41   15          0.04        
2     gr48        7583.00     7671.93   9.561     8268.00   9141.42   29          0.04        
3     gr48        7594.00     7933.90   10.691    8284.00   9408.13   17          0.04        
4     gr48        7583.00     7761.69   10.519    8078.00   9196.29   437         0.05        
5     gr48        7583.00     7792.81   10.123    8038.00   8966.45   147         0.04        
6     gr48        7594.00     7829.89   9.760     8123.00   9649.60   13          0.05        
7     gr48        7594.00     7719.06   10.450    8321.00   9241.08   16          0.03        
8     gr48        7594.00     7790.68   10.409    8273.00   9487.64   15          0.04        
9     gr48        7567.00     7734.07   10.335    8165.00   9242.23   372         0.05        
0     eil51       639.78      661.48    10.580    686.67    785.31    14          0.05        
1     eil51       639.78      659.62    10.561    704.60    783.58    13          0.03        
2     eil51       639.78      655.57    10.304    702.19    779.24    7           0.05        
3     eil51       639.78      665.10    10.382    676.29    782.04    12          0.05        
4     eil51       639.78      652.80    10.688    687.78    778.01    12          0.06        
5     eil51       639.78      668.43    10.316    700.78    813.09    17          0.05        
6     eil51       639.78      661.97    9.954     695.38    790.79    13          0.05        
7     eil51       639.78      664.13    10.090    674.89    776.72    12          0.04        
8     eil51       639.78      656.66    9.942     693.67    804.50    12          0.04        
9     eil51       639.78      665.12    9.970     695.38    784.38    12          0.06        
0     berlin52    11259.14    11607.99  10.521    12406.82  13915.36  21          0.05        
1     berlin52    11259.14    11616.37  10.404    12036.14  13748.01  16          0.04        
2     berlin52    11259.14    11613.31  10.550    11957.82  13514.58  11          0.04        
3     berlin52    11259.14    11895.10  10.562    12195.71  13787.13  16          0.04        
4     berlin52    11259.14    11471.41  10.652    12330.93  13682.21  12          0.05        
5     berlin52    11259.14    11843.46  10.438    12269.82  14314.56  11          0.05        
6     berlin52    11259.14    11642.91  10.552    12431.46  13930.13  15          0.05        
7     berlin52    11259.14    11539.57  10.674    12406.82  14023.13  14          0.04        
8     berlin52    11232.49    11255.99  10.395    12101.23  14052.40  28          0.04        
9     berlin52    11259.14    11479.38  10.725    11843.46  13854.81  9           0.05        
0     eil76       818.94      840.29    14.026    899.28    996.05    14          0.08        
1     eil76       818.94      857.81    14.194    889.28    1018.00   9           0.11        
2     eil76       818.94      846.58    14.643    883.94    1008.03   11          0.12        
3     eil76       818.94      845.84    14.441    885.94    1034.66   9           0.1         
4     eil76       818.94      848.89    14.278    888.18    1004.49   10          0.12        
5     eil76       818.94      851.88    14.695    864.94    1041.87   11          0.11        
6     eil76       818.94      847.60    14.547    878.94    1044.95   10          0.1         
7     eil76       818.94      832.78    14.704    886.18    1030.29   12          0.11        
8     eil76       818.94      846.53    14.584    888.88    971.62    13          0.11        
9     eil76       818.94      836.45    14.441    882.18    1029.15   13          0.08        
0     eil101      950.74      967.56    19.229    1050.71   1250.63   31          0.18        
1     eil101      950.74      981.86    18.733    1039.70   1197.40   25          0.2         
2     eil101      950.74      971.64    19.044    1052.48   1145.75   35          0.18        
3     eil101      950.74      976.53    18.487    1059.46   1170.04   24          0.22        
4     eil101      950.74      965.89    19.019    1061.78   1138.85   32          0.17        
5     eil101      950.74      983.24    18.944    1061.78   1240.99   26          0.17        
6     eil101      950.74      967.20    19.049    1047.74   1279.77   30          0.19        
7     eil101      950.74      964.00    18.936    1037.46   1181.26   22          0.19        
8     eil101      950.74      974.35    18.989    1042.46   1240.74   39          0.2         
9     eil101      950.74      970.21    19.305    1044.70   1149.93   22          0.19        
seed  ins         mejor       pob       time      mejor_i   pob_i     mejor_iter  t_pob       
