0     gr17        2991.00     3155.60   4.945     3035.00   3228.20   46          0.01        
1     gr17        2991.00     3118.45   4.893     3081.00   3248.45   36          0.01        
2     gr17        2991.00     3102.28   4.987     3000.00   3244.77   3           0.01        
3     gr17        2991.00     3125.42   4.812     3066.00   3276.15   47          0.01        
4     gr17        2991.00     3077.58   5.033     3000.00   3265.67   96          0.01        
5     gr17        2760.00     2872.49   4.995     3066.00   3241.41   12          0.01        
6     gr17        2760.00     2888.07   5.085     3000.00   3247.88   9           0.01        
7     gr17        2991.00     3092.80   5.068     3010.00   3280.10   45          0.01        
8     gr17        2760.00     2836.81   4.995     3066.00   3261.57   6           0.01        
9     gr17        2760.00     2858.39   4.816     3000.00   3299.79   7           0.01        
0     gr21        8159.00     8615.05   5.660     10089.00  10406.89  488         0.02        
1     gr21        8371.00     8711.88   5.503     9413.00   10390.33  12          0.01        
2     gr21        8141.00     8432.64   5.386     9894.00   10445.65  167         0.01        
3     gr21        8035.00     8335.34   5.418     9167.00   10432.32  27          0.01        
4     gr21        8371.00     8756.16   5.630     9726.00   10446.00  11          0.01        
5     gr21        8371.00     8786.85   5.531     9660.00   10379.40  25          0.02        
6     gr21        7788.00     8159.59   5.486     9581.00   10409.33  27          0.02        
7     gr21        8348.00     8743.52   5.557     9628.00   10475.84  412         0.01        
8     gr21        8275.00     8624.64   5.361     9860.00   10406.55  400         0.02        
9     gr21        7976.00     8407.68   5.405     9796.00   10454.86  493         0.02        
0     gr24        1845.00     1919.57   6.145     1933.00   2064.16   492         0.02        
1     gr24        1845.00     1908.88   6.172     1950.00   2061.56   433         0.02        
2     gr24        1845.00     1874.96   6.076     1917.00   2071.30   395         0.02        
3     gr24        1845.00     1927.29   6.035     1919.00   2104.36   82          0.02        
4     gr24        1841.00     1938.72   6.013     1879.00   2091.48   377         0.02        
5     gr24        1845.00     1909.54   6.169     1900.00   2106.54   404         0.02        
6     gr24        1850.00     1911.42   6.158     1915.00   2098.52   72          0.02        
7     gr24        1850.00     1872.30   6.291     1896.00   2108.00   135         0.02        
8     gr24        1845.00     1905.49   6.414     1953.00   2127.50   86          0.02        
9     gr24        1845.00     1905.78   6.470     1913.00   2136.22   321         0.02        
0     fri26       1302.00     1362.07   6.741     1339.00   1405.13   2           0.02        
1     fri26       1302.00     1357.75   6.704     1312.00   1406.72   1           0.03        
2     fri26       1302.00     1374.33   6.438     1312.00   1414.94   1           0.02        
3     fri26       1302.00     1350.95   6.577     1302.00   1419.40   0           0.02        
4     fri26       1302.00     1362.16   6.573     1302.00   1422.11   0           0.02        
5     fri26       1302.00     1343.49   6.502     1314.00   1421.40   2           0.02        
6     fri26       1302.00     1342.74   6.726     1338.00   1424.87   3           0.02        
7     fri26       1302.00     1342.13   6.911     1307.00   1424.44   1           0.03        
8     fri26       1302.00     1364.67   6.858     1307.00   1430.59   2           0.03        
9     fri26       1302.00     1351.04   6.785     1307.00   1432.07   1           0.02        
0     bays29      2991.00     3050.34   6.981     3215.00   3455.73   7           0.03        
1     bays29      2991.00     3139.35   6.881     3092.00   3475.40   4           0.03        
2     bays29      2991.00     3111.99   6.840     3089.00   3474.03   6           0.03        
3     bays29      2991.00     3109.01   6.943     3153.00   3476.29   3           0.03        
4     bays29      2991.00     3131.56   7.083     3128.00   3495.81   7           0.03        
5     bays29      2991.00     3122.28   7.245     3128.00   3522.90   7           0.03        
6     bays29      2991.00     3085.21   7.308     3200.00   3506.95   10          0.03        
7     bays29      2991.00     3177.45   7.131     3115.00   3513.18   6           0.03        
8     bays29      2991.00     3091.85   7.031     3230.00   3515.60   9           0.03        
9     bays29      2991.00     3079.27   6.909     3128.00   3496.76   6           0.03        
0     gr48        7567.00     7778.23   9.167     8189.00   8844.19   263         0.08        
1     gr48        7594.00     7868.81   10.511    8113.00   8903.79   18          0.08        
2     gr48        7567.00     7807.96   9.664     8344.00   8889.02   483         0.08        
3     gr48        7583.00     7812.70   10.076    8269.00   8970.10   218         0.08        
4     gr48        7583.00     7775.56   9.574     8334.00   8958.40   175         0.08        
5     gr48        7583.00     7878.12   9.500     8320.00   8991.72   249         0.08        
6     gr48        7583.00     7937.58   9.711     8385.00   8940.38   256         0.08        
7     gr48        7583.00     7816.91   9.175     8284.00   8935.45   32          0.08        
8     gr48        7583.00     7863.25   9.724     8404.00   9044.12   120         0.07        
9     gr48        7594.00     7885.52   10.810    8291.00   9033.52   18          0.08        
0     eil51       639.78      646.08    9.947     702.67    753.63    16          0.1         
1     eil51       639.78      649.67    9.808     697.38    761.45    16          0.09        
2     eil51       639.78      665.21    9.778     689.57    757.29    14          0.08        
3     eil51       639.78      658.21    9.918     687.95    755.89    16          0.09        
4     eil51       639.78      659.18    10.169    675.89    759.97    9           0.08        
5     eil51       639.78      661.62    10.006    695.95    759.50    12          0.09        
6     eil51       639.78      663.03    9.880     693.78    760.93    13          0.09        
7     eil51       639.78      658.20    9.784     697.38    761.87    14          0.09        
8     eil51       639.78      653.08    9.761     695.95    765.16    11          0.09        
9     eil51       639.78      658.19    9.982     695.38    769.92    13          0.08        
0     berlin52    11259.14    11588.44  11.254    12339.87  13166.43  10          0.09        
1     berlin52    11259.14    11495.77  10.871    12432.14  13234.73  12          0.09        
2     berlin52    11259.14    11648.13  10.371    12324.82  13227.33  13          0.08        
3     berlin52    11259.14    11658.66  10.667    12490.41  13238.63  13          0.09        
4     berlin52    11218.12    11498.36  10.385    12312.14  13253.80  29          0.09        
5     berlin52    11232.49    11589.28  10.509    12642.90  13282.58  15          0.1         
6     berlin52    11259.14    11602.27  10.938    12367.26  13216.73  11          0.1         
7     berlin52    11259.14    11662.32  10.707    12490.41  13328.96  12          0.1         
8     berlin52    11218.12    11504.96  10.267    12246.85  13344.50  27          0.09        
9     berlin52    11259.14    11705.18  10.514    12146.14  13386.04  11          0.08        
0     eil76       818.94      836.13    14.371    901.88    965.69    13          0.2         
1     eil76       818.94      857.21    14.284    894.88    971.47    14          0.18        
2     eil76       816.93      837.33    13.838    885.88    968.56    340         0.17        
3     eil76       818.94      839.37    13.864    885.94    970.50    9           0.17        
4     eil76       816.93      841.51    13.671    893.94    971.32    142         0.18        
5     eil76       818.94      843.95    14.480    871.94    969.93    16          0.2         
6     eil76       818.94      845.92    15.118    893.28    978.07    12          0.2         
7     eil76       818.94      841.96    15.010    886.28    974.09    11          0.2         
8     eil76       818.94      844.03    15.211    886.71    976.17    12          0.21        
9     eil76       818.94      840.39    15.324    906.88    979.60    18          0.21        
0     eil101      950.74      967.96    19.862    1060.32   1097.78   31          0.39        
1     eil101      950.74      970.94    19.533    1061.78   1103.70   18          0.44        
2     eil101      950.74      970.26    19.648    1061.78   1107.69   34          0.43        
3     eil101      950.74      976.03    19.360    1060.78   1107.01   37          0.43        
4     eil101      950.74      991.29    19.734    1054.70   1102.98   27          0.47        
5     eil101      950.74      976.43    19.592    1052.64   1109.17   18          0.45        
6     eil101      950.74      972.12    19.806    1057.32   1111.75   33          0.39        
7     eil101      950.74      962.54    19.553    1038.78   1118.90   27          0.4         
8     eil101      950.74      986.97    19.433    1061.78   1121.05   35          0.43        
9     eil101      950.74      966.21    19.610    1039.70   1118.37   22          0.43        
seed  ins         mejor       pob       time      mejor_i   pob_i     mejor_iter  t_pob       
