0     gr17        2760.00     2834.67   20.003    3056.00   4083.46   1288        0.01        
1     gr17        2760.00     2807.45   20.002    3028.00   3808.00   15          0.01        
2     gr17        2991.00     3022.42   20.002    3000.00   3903.89   31          0.01        
3     gr17        2760.00     2812.01   20.003    3035.00   3844.52   6           0.01        
4     gr17        2991.00     3005.96   20.008    3000.00   3947.71   416         0.01        
5     gr17        2991.00     3044.70   20.002    3035.00   3717.88   93          0.01        
6     gr17        2991.00     3048.19   20.001    3000.00   3670.30   294         0.01        
7     gr17        2991.00     3045.74   20.003    3000.00   3780.53   107         0.01        
8     gr17        2991.00     3036.35   20.008    3060.00   3996.79   122         0.01        
9     gr17        2760.00     2805.20   20.005    2995.00   3795.21   17          0.01        
0     gr21        8256.00     8437.31   20.001    9576.00   11415.65  27          0.01        
1     gr21        8141.00     8234.93   20.006    9628.00   11464.41  1346        0.01        
2     gr21        8196.00     8471.10   20.005    9067.00   11433.54  1517        0.01        
3     gr21        8159.00     8390.63   20.006    9532.00   11686.08  477         0.01        
4     gr21        7788.00     8083.49   20.004    9628.00   11318.06  513         0.01        
5     gr21        8141.00     8260.86   20.003    9336.00   11330.50  1732        0.01        
6     gr21        8371.00     8600.41   20.006    9210.00   11297.19  10          0.01        
7     gr21        7788.00     7915.22   20.000    9628.00   11265.65  77          0.01        
8     gr21        8141.00     8164.46   20.006    9609.00   11415.48  354         0.01        
9     gr21        7788.00     8105.92   20.009    9628.00   11361.01  250         0.01        
0     gr24        1850.00     1866.31   20.007    1937.00   2575.54   1507        0.02        
1     gr24        1850.00     1876.51   20.006    1917.00   2433.87   747         0.02        
2     gr24        1845.00     1879.39   20.006    1953.00   2615.55   1294        0.01        
3     gr24        1850.00     1893.04   20.009    1949.00   2631.00   885         0.01        
4     gr24        1850.00     1892.66   20.009    1903.00   2505.69   801         0.02        
5     gr24        1850.00     1881.13   20.007    1951.00   2454.68   255         0.02        
6     gr24        1845.00     1866.70   20.001    1941.00   2663.60   1233        0.01        
7     gr24        1850.00     1869.93   20.007    1879.00   2471.13   266         0.02        
8     gr24        1867.00     1904.88   20.005    1867.00   2627.98   0           0.02        
9     gr24        1850.00     1873.32   20.002    1885.00   2529.23   960         0.01        
0     fri26       1302.00     1324.40   20.008    1314.00   1844.31   2           0.02        
1     fri26       1302.00     1328.74   20.007    1312.00   1863.85   2           0.02        
2     fri26       1302.00     1328.05   20.001    1339.00   1866.94   1           0.02        
3     fri26       1302.00     1315.43   20.009    1307.00   1792.67   2           0.02        
4     fri26       1302.00     1319.75   20.007    1302.00   1816.24   0           0.02        
5     fri26       1302.00     1318.29   20.011    1325.00   1686.11   1           0.02        
6     fri26       1302.00     1324.38   20.001    1312.00   1898.00   1           0.02        
7     fri26       1302.00     1323.69   20.005    1307.00   1775.14   1           0.02        
8     fri26       1302.00     1327.67   20.004    1307.00   1871.52   1           0.02        
9     fri26       1302.00     1313.46   20.004    1338.00   1924.96   3           0.02        
0     bays29      2991.00     3060.23   20.003    3090.00   4302.05   7           0.03        
1     bays29      2991.00     3083.37   20.011    3129.00   4696.26   6           0.03        
2     bays29      2991.00     3040.25   20.006    3132.00   4412.00   8           0.02        
3     bays29      2991.00     3061.14   20.007    3128.00   4427.10   4           0.02        
4     bays29      2991.00     3038.26   20.010    3115.00   4326.91   5           0.02        
5     bays29      2991.00     3037.41   20.005    3142.00   4418.68   5           0.02        
6     bays29      2991.00     3043.41   20.005    3128.00   4328.35   3           0.02        
7     bays29      2991.00     3053.59   20.005    3100.00   4234.54   4           0.02        
8     bays29      2991.00     3066.56   20.008    3184.00   4307.39   5           0.03        
9     bays29      2991.00     3072.18   20.008    3128.00   4222.57   6           0.03        
0     gr48        7594.00     7806.46   20.006    8291.00   12164.25  16          0.06        
1     gr48        7583.00     7703.81   20.016    8234.00   12814.88  885         0.06        
2     gr48        7594.00     7829.73   20.008    8320.00   13117.43  16          0.06        
3     gr48        7594.00     7729.67   20.014    8197.00   13381.07  13          0.07        
4     gr48        7583.00     7758.18   20.013    8295.00   13336.58  551         0.07        
5     gr48        7594.00     7735.26   20.009    8132.00   11957.47  14          0.06        
6     gr48        7583.00     7700.08   20.009    8340.00   11072.71  714         0.06        
7     gr48        7583.00     7697.95   20.003    8216.00   12342.37  256         0.06        
8     gr48        7594.00     7645.21   20.012    8252.00   12583.47  15          0.07        
9     gr48        7583.00     7768.85   20.007    8307.00   12999.49  597         0.06        
0     eil51       639.78      653.80    20.009    697.38    986.52    11          0.07        
1     eil51       639.78      656.72    20.003    680.57    1021.64   12          0.07        
2     eil51       639.78      644.94    20.017    693.60    1045.40   12          0.08        
3     eil51       639.78      651.65    20.016    693.38    1073.44   14          0.08        
4     eil51       639.78      653.84    20.007    695.29    1038.18   13          0.08        
5     eil51       639.78      648.48    20.011    687.78    1076.31   12          0.08        
6     eil51       639.78      652.46    20.006    685.57    1040.66   14          0.07        
7     eil51       639.78      647.71    20.002    689.38    972.56    15          0.07        
8     eil51       639.78      648.76    20.011    693.38    1089.42   9           0.07        
9     eil51       639.78      646.54    20.007    695.38    1042.82   16          0.06        
0     berlin52    11259.14    11555.09  20.003    12642.90  17281.63  13          0.06        
1     berlin52    11259.14    11784.28  20.015    12414.14  18926.68  12          0.06        
2     berlin52    11259.14    11572.63  20.008    12133.14  18942.99  15          0.07        
3     berlin52    11259.14    11402.82  20.018    12640.44  18501.70  16          0.07        
4     berlin52    11259.14    11462.41  20.009    12267.90  17676.17  13          0.06        
5     berlin52    11259.14    11539.51  20.018    12169.14  18765.39  13          0.06        
6     berlin52    11259.14    11780.12  20.011    12643.87  18745.80  15          0.07        
7     berlin52    11218.12    11345.26  20.016    12314.14  17469.76  46          0.06        
8     berlin52    11259.14    11556.43  20.003    12791.14  18569.28  12          0.07        
9     berlin52    11259.14    11345.98  20.013    12201.14  19022.12  12          0.07        
0     eil76       818.94      829.83    20.015    885.94    1460.47   17          0.13        
1     eil76       818.94      831.73    20.006    889.28    1445.29   11          0.13        
2     eil76       818.94      834.00    20.008    905.94    1432.72   15          0.12        
3     eil76       818.94      824.11    20.007    895.83    1575.16   12          0.13        
4     eil76       818.94      840.49    20.010    888.88    1415.90   11          0.13        
5     eil76       818.94      835.45    20.012    872.61    1410.81   11          0.15        
6     eil76       818.94      827.99    20.006    901.94    1494.01   11          0.13        
7     eil76       818.94      829.12    20.003    892.94    1345.00   14          0.14        
8     eil76       818.94      833.22    20.022    906.88    1579.79   11          0.14        
9     eil76       818.94      831.24    20.011    908.88    1420.38   12          0.14        
0     eil101      950.74      969.15    20.028    1061.78   1891.33   34          0.28        
1     eil101      950.74      962.05    20.000    1061.78   1812.45   23          0.23        
2     eil101      950.74      960.38    20.017    1050.71   1913.83   23          0.3         
3     eil101      950.74      965.11    20.009    1030.99   1780.65   27          0.28        
4     eil101      950.74      965.32    20.015    1061.78   1674.05   19          0.25        
5     eil101      950.74      960.99    20.026    1046.46   1679.21   21          0.29        
6     eil101      950.74      975.37    20.013    1049.74   1827.79   24          0.29        
7     eil101      950.74      965.98    20.004    1036.94   1682.15   20          0.21        
8     eil101      950.74      961.68    20.021    1048.70   1936.50   25          0.23        
9     eil101      950.74      968.25    20.019    1058.46   1646.67   24          0.24        
seed  ins         mejor       pob       time      mejor_i   pob_i     mejor_iter  t_pob       
