0     gr17        2760.00     2764.68   20.004    3056.00   4083.46   7           0.01        
1     gr17        2760.00     2773.64   20.011    3028.00   3808.00   6           0.01        
2     gr17        2760.00     2760.00   20.008    3000.00   3903.89   6           0.01        
3     gr17        2760.00     2766.07   20.007    3035.00   3844.52   4           0.01        
4     gr17        3000.00     3007.92   20.008    3000.00   3947.71   0           0.01        
5     gr17        3000.00     3024.71   20.009    3035.00   3717.88   1           0.01        
6     gr17        2760.00     2780.50   20.000    3000.00   3670.30   5           0.01        
7     gr17        2760.00     2793.58   20.005    3000.00   3780.53   6           0.01        
8     gr17        3000.00     3017.21   20.010    3060.00   3996.79   1           0.01        
9     gr17        2760.00     2782.41   20.010    2995.00   3795.21   3           0.01        
0     gr21        7788.00     7885.59   20.011    9576.00   11415.65  24          0.01        
1     gr21        7788.00     7938.44   20.005    9628.00   11464.41  26          0.01        
2     gr21        8001.00     8016.77   20.001    9067.00   11433.54  19          0.01        
3     gr21        8371.00     8423.48   20.009    9532.00   11686.08  15          0.01        
4     gr21        7788.00     7874.72   20.018    9628.00   11318.06  28          0.01        
5     gr21        8001.00     8001.00   20.004    9336.00   11330.50  22          0.01        
6     gr21        7788.00     7792.87   20.000    9210.00   11297.19  27          0.01        
7     gr21        7788.00     7789.39   20.016    9628.00   11265.65  23          0.01        
8     gr21        8001.00     8051.87   20.009    9609.00   11415.48  18          0.01        
9     gr21        7788.00     7793.55   20.004    9628.00   11361.01  24          0.01        
0     gr24        1867.00     1881.65   20.019    1937.00   2575.54   5           0.02        
1     gr24        1867.00     1891.93   20.003    1917.00   2433.87   3           0.02        
2     gr24        1867.00     1887.34   20.001    1953.00   2615.55   5           0.01        
3     gr24        1867.00     1891.11   20.000    1949.00   2631.00   5           0.02        
4     gr24        1867.00     1888.06   20.000    1903.00   2505.69   4           0.02        
5     gr24        1867.00     1886.02   20.014    1951.00   2454.68   3           0.02        
6     gr24        1867.00     1871.49   20.004    1941.00   2663.60   3           0.01        
7     gr24        1867.00     1885.80   20.016    1879.00   2471.13   2           0.02        
8     gr24        1867.00     1886.39   20.010    1867.00   2627.98   0           0.02        
9     gr24        1867.00     1880.63   20.015    1885.00   2529.23   2           0.01        
0     fri26       1302.00     1314.82   20.001    1314.00   1844.31   1           0.02        
1     fri26       1302.00     1311.76   20.007    1312.00   1863.85   1           0.02        
2     fri26       1302.00     1308.84   20.001    1339.00   1866.94   1           0.02        
3     fri26       1302.00     1304.01   20.015    1307.00   1792.67   2           0.02        
4     fri26       1302.00     1307.16   20.022    1302.00   1816.24   0           0.02        
5     fri26       1302.00     1311.52   20.019    1325.00   1686.11   2           0.02        
6     fri26       1302.00     1304.22   20.010    1312.00   1898.00   1           0.02        
7     fri26       1302.00     1310.46   20.019    1307.00   1775.14   1           0.02        
8     fri26       1302.00     1311.16   20.015    1307.00   1871.52   1           0.02        
9     fri26       1302.00     1314.01   20.003    1338.00   1924.96   2           0.02        
0     bays29      2991.00     3046.49   20.004    3090.00   4302.05   5           0.03        
1     bays29      2991.00     3048.26   20.005    3129.00   4696.26   9           0.03        
2     bays29      2991.00     3027.32   20.018    3132.00   4412.00   7           0.02        
3     bays29      2991.00     3025.97   20.021    3128.00   4427.10   7           0.02        
4     bays29      2991.00     3046.00   20.000    3115.00   4326.91   8           0.02        
5     bays29      2991.00     3015.16   20.009    3142.00   4418.68   5           0.02        
6     bays29      2991.00     3024.38   20.026    3128.00   4328.35   5           0.02        
7     bays29      2991.00     3054.70   20.012    3100.00   4234.54   4           0.02        
8     bays29      2991.00     3023.17   20.011    3184.00   4307.39   6           0.03        
9     bays29      2991.00     3020.70   20.012    3128.00   4222.57   9           0.03        
0     gr48        7594.00     7755.89   20.023    8291.00   12164.25  15          0.06        
1     gr48        7594.00     7639.15   20.033    8234.00   12814.88  17          0.06        
2     gr48        7594.00     7729.41   20.047    8320.00   13117.43  14          0.06        
3     gr48        7594.00     7653.11   20.042    8197.00   13381.07  17          0.07        
4     gr48        7594.00     7631.24   20.017    8295.00   13336.58  17          0.07        
5     gr48        7594.00     7608.51   20.055    8132.00   11957.47  13          0.07        
6     gr48        7594.00     7631.58   20.001    8340.00   11072.71  13          0.06        
7     gr48        7594.00     7594.00   20.034    8216.00   12342.37  15          0.06        
8     gr48        7594.00     7594.00   20.062    8252.00   12583.47  16          0.07        
9     gr48        7594.00     7631.53   20.023    8307.00   12999.49  14          0.06        
0     eil51       639.78      642.35    20.015    697.38    986.52    12          0.07        
1     eil51       639.78      652.18    20.002    680.57    1021.64   10          0.07        
2     eil51       639.78      642.59    20.010    693.60    1045.40   18          0.07        
3     eil51       639.78      646.87    20.010    693.38    1073.44   16          0.07        
4     eil51       639.78      641.20    20.001    695.29    1038.18   10          0.08        
5     eil51       639.78      643.48    20.011    687.78    1076.31   16          0.07        
6     eil51       639.78      646.50    20.004    685.57    1040.66   15          0.07        
7     eil51       639.78      644.07    20.004    689.38    972.56    13          0.07        
8     eil51       639.78      648.07    20.005    693.38    1089.42   16          0.07        
9     eil51       639.78      643.70    20.005    695.38    1042.82   13          0.07        
0     berlin52    11259.14    11429.78  20.019    12642.90  17281.63  12          0.07        
1     berlin52    11259.14    11449.52  20.000    12414.14  18926.68  12          0.07        
2     berlin52    11259.14    11335.36  20.027    12133.14  18942.99  16          0.07        
3     berlin52    11259.14    11514.85  20.037    12640.44  18501.70  17          0.08        
4     berlin52    11259.14    11466.37  20.005    12267.90  17676.17  13          0.06        
5     berlin52    11259.14    11291.52  20.000    12169.14  18765.39  13          0.07        
6     berlin52    11259.14    11334.59  20.006    12643.87  18745.80  13          0.07        
7     berlin52    11259.14    11526.73  20.030    12314.14  17469.76  15          0.07        
8     berlin52    11259.14    11314.19  20.025    12791.14  18569.28  21          0.08        
9     berlin52    11259.14    11290.59  20.024    12201.14  19022.12  16          0.07        
0     eil76       818.94      833.41    20.044    885.94    1460.47   20          0.15        
1     eil76       818.94      818.94    20.028    889.28    1445.29   15          0.16        
2     eil76       818.94      830.01    20.017    905.94    1432.72   15          0.13        
3     eil76       818.94      832.35    20.039    895.83    1575.16   12          0.16        
4     eil76       818.94      829.77    20.004    888.88    1415.90   11          0.16        
5     eil76       818.94      829.52    20.003    872.61    1410.81   17          0.15        
6     eil76       818.94      826.77    20.022    901.94    1494.01   12          0.15        
7     eil76       818.94      818.94    20.009    892.94    1345.00   17          0.16        
8     eil76       818.94      826.85    20.002    906.88    1579.79   12          0.15        
9     eil76       818.94      826.57    20.025    908.88    1420.38   18          0.16        
0     eil101      950.74      965.79    20.038    1061.78   1891.33   22          0.28        
1     eil101      950.74      952.25    20.021    1061.78   1812.45   28          0.24        
2     eil101      950.74      958.77    20.043    1050.71   1913.83   20          0.29        
3     eil101      950.74      950.74    20.021    1030.99   1780.65   43          0.26        
4     eil101      950.74      952.16    20.043    1061.78   1674.05   32          0.29        
5     eil101      950.74      958.91    20.002    1046.46   1679.21   25          0.31        
6     eil101      950.74      954.83    20.021    1049.74   1827.79   38          0.3         
7     eil101      950.74      956.56    20.042    1036.94   1682.15   25          0.23        
8     eil101      950.74      958.59    20.021    1048.70   1936.50   27          0.27        
9     eil101      950.74      966.98    20.042    1058.46   1646.67   32          0.28        
seed  ins         mejor       pob       time      mejor_i   pob_i     mejor_iter  t_pob       
