0     gr17        2932.00     2941.31   20.001    3056.00   4083.46   2           0.01        
1     gr17        2835.00     2888.47   20.003    3028.00   3808.00   3           0.01        
2     gr17        3000.00     3038.60   20.006    3000.00   3903.89   0           0.01        
3     gr17        2760.00     2787.89   20.000    3035.00   3844.52   6           0.01        
4     gr17        3000.00     3022.14   20.002    3000.00   3947.71   0           0.01        
5     gr17        3000.00     3038.05   20.004    3035.00   3717.88   1           0.01        
6     gr17        3000.00     3030.46   20.005    3000.00   3670.30   0           0.01        
7     gr17        2932.00     2966.41   20.001    3000.00   3780.53   1           0.01        
8     gr17        2835.00     2864.19   20.009    3060.00   3996.79   2           0.01        
9     gr17        2932.00     2969.13   20.001    2995.00   3795.21   3           0.01        
0     gr21        8288.00     8420.08   20.005    9576.00   11415.65  11          0.01        
1     gr21        8286.00     8361.58   20.006    9628.00   11464.41  9           0.01        
2     gr21        8371.00     8555.56   20.004    9067.00   11433.54  8           0.01        
3     gr21        8371.00     8414.76   20.004    9532.00   11686.08  13          0.01        
4     gr21        8371.00     8689.29   20.002    9628.00   11318.06  17          0.01        
5     gr21        8371.00     8657.47   20.005    9336.00   11330.50  10          0.01        
6     gr21        8371.00     8478.51   20.009    9210.00   11297.19  8           0.01        
7     gr21        8043.00     8261.60   20.001    9628.00   11265.65  24          0.01        
8     gr21        8371.00     8619.53   20.011    9609.00   11415.48  12          0.01        
9     gr21        8187.00     8350.53   20.002    9628.00   11361.01  17          0.01        
0     gr24        1867.00     1877.51   20.004    1937.00   2575.54   5           0.02        
1     gr24        1867.00     1885.16   20.000    1917.00   2433.87   4           0.02        
2     gr24        1867.00     1901.32   20.008    1953.00   2615.55   4           0.01        
3     gr24        1867.00     1904.96   20.004    1949.00   2631.00   1           0.02        
4     gr24        1867.00     1893.88   20.006    1903.00   2505.69   4           0.02        
5     gr24        1867.00     1910.80   20.009    1951.00   2454.68   4           0.02        
6     gr24        1867.00     1894.22   20.005    1941.00   2663.60   3           0.01        
7     gr24        1867.00     1888.46   20.011    1879.00   2471.13   1           0.02        
8     gr24        1867.00     1918.85   20.004    1867.00   2627.98   0           0.02        
9     gr24        1867.00     1904.58   20.002    1885.00   2529.23   1           0.01        
0     fri26       1302.00     1312.27   20.010    1314.00   1844.31   2           0.02        
1     fri26       1302.00     1307.73   20.011    1312.00   1863.85   2           0.02        
2     fri26       1302.00     1312.13   20.004    1339.00   1866.94   2           0.02        
3     fri26       1302.00     1320.77   20.009    1307.00   1792.67   1           0.02        
4     fri26       1302.00     1319.89   20.005    1302.00   1816.24   0           0.02        
5     fri26       1302.00     1309.71   20.008    1325.00   1686.11   1           0.02        
6     fri26       1302.00     1322.57   20.009    1312.00   1898.00   1           0.02        
7     fri26       1302.00     1323.21   20.004    1307.00   1775.14   1           0.02        
8     fri26       1302.00     1312.00   20.010    1307.00   1871.52   1           0.02        
9     fri26       1302.00     1322.07   20.001    1338.00   1924.96   2           0.02        
0     bays29      2991.00     3043.77   20.008    3090.00   4302.05   6           0.03        
1     bays29      2991.00     3051.21   20.011    3129.00   4696.26   6           0.03        
2     bays29      2991.00     3045.81   20.008    3132.00   4412.00   6           0.02        
3     bays29      2991.00     3027.76   20.007    3128.00   4427.10   4           0.02        
4     bays29      2991.00     3058.49   20.005    3115.00   4326.91   6           0.02        
5     bays29      2991.00     3020.82   20.012    3142.00   4418.68   6           0.02        
6     bays29      2991.00     3004.74   20.007    3128.00   4328.35   4           0.02        
7     bays29      2991.00     3022.64   20.011    3100.00   4234.54   3           0.02        
8     bays29      2991.00     3051.38   20.002    3184.00   4307.39   6           0.03        
9     bays29      2991.00     3065.99   20.000    3128.00   4222.57   7           0.03        
0     gr48        7594.00     7645.44   20.008    8291.00   12164.25  12          0.06        
1     gr48        7594.00     7694.20   20.015    8234.00   12814.88  14          0.06        
2     gr48        7594.00     7650.15   20.014    8320.00   13117.43  11          0.06        
3     gr48        7594.00     7721.54   20.014    8197.00   13381.07  17          0.07        
4     gr48        7594.00     7707.58   20.005    8295.00   13336.58  13          0.07        
5     gr48        7594.00     7723.00   20.017    8132.00   11957.47  9           0.07        
6     gr48        7594.00     7684.73   20.003    8340.00   11072.71  10          0.06        
7     gr48        7594.00     7791.38   20.009    8216.00   12342.37  16          0.06        
8     gr48        7594.00     7671.66   20.006    8252.00   12583.47  16          0.07        
9     gr48        7594.00     7604.67   20.013    8307.00   12999.49  11          0.06        
0     eil51       639.78      657.95    20.014    697.38    986.52    13          0.07        
1     eil51       639.78      649.00    20.020    680.57    1021.64   12          0.07        
2     eil51       639.78      647.57    20.016    693.60    1045.40   9           0.07        
3     eil51       639.78      652.23    20.015    693.38    1073.44   15          0.07        
4     eil51       639.78      644.99    20.003    695.29    1038.18   15          0.08        
5     eil51       639.78      653.38    20.002    687.78    1076.31   12          0.07        
6     eil51       639.78      645.66    20.020    685.57    1040.66   11          0.07        
7     eil51       639.78      644.68    20.015    689.38    972.56    15          0.07        
8     eil51       639.78      653.73    20.008    693.38    1089.42   7           0.07        
9     eil51       639.78      650.80    20.000    695.38    1042.82   13          0.08        
0     berlin52    11259.14    11408.01  20.008    12642.90  17281.63  12          0.07        
1     berlin52    11259.14    11714.93  20.008    12414.14  18926.68  10          0.07        
2     berlin52    11259.14    11631.21  20.003    12133.14  18942.99  15          0.07        
3     berlin52    11259.14    11624.39  20.003    12640.44  18501.70  13          0.08        
4     berlin52    11259.14    11357.03  20.006    12267.90  17676.17  11          0.07        
5     berlin52    11259.14    11621.28  20.021    12169.14  18765.39  10          0.07        
6     berlin52    11259.14    11381.83  20.009    12643.87  18745.80  11          0.07        
7     berlin52    11259.14    11431.90  20.008    12314.14  17469.76  9           0.07        
8     berlin52    11259.14    11503.79  20.002    12791.14  18569.28  8           0.08        
9     berlin52    11259.14    11543.28  20.017    12201.14  19022.12  10          0.07        
0     eil76       818.94      837.85    20.024    885.94    1460.47   14          0.15        
1     eil76       818.94      828.35    20.016    889.28    1445.29   16          0.15        
2     eil76       818.94      835.73    20.012    905.94    1432.72   11          0.13        
3     eil76       818.94      824.44    20.006    895.83    1575.16   11          0.16        
4     eil76       818.94      833.04    20.018    888.88    1415.90   11          0.16        
5     eil76       818.94      828.70    20.017    872.61    1410.81   13          0.15        
6     eil76       818.94      828.01    20.023    901.94    1494.01   16          0.15        
7     eil76       818.94      841.36    20.004    892.94    1345.00   13          0.16        
8     eil76       818.94      831.77    20.011    906.88    1579.79   10          0.16        
9     eil76       818.94      829.02    20.002    908.88    1420.38   12          0.16        
0     eil101      950.74      975.43    20.001    1061.78   1891.33   27          0.29        
1     eil101      950.74      969.23    20.016    1061.78   1812.45   23          0.24        
2     eil101      950.74      962.56    20.013    1050.71   1913.83   19          0.29        
3     eil101      950.74      974.96    20.003    1030.99   1780.65   26          0.27        
4     eil101      950.74      958.18    20.024    1061.78   1674.05   25          0.29        
5     eil101      950.74      956.96    20.013    1046.46   1679.21   30          0.31        
6     eil101      950.74      959.85    20.007    1049.74   1827.79   25          0.3         
7     eil101      950.74      972.07    20.004    1036.94   1682.15   21          0.23        
8     eil101      950.74      960.59    20.011    1048.70   1936.50   26          0.26        
9     eil101      950.74      968.69    20.009    1058.46   1646.67   30          0.28        
seed  ins         mejor       pob       time      mejor_i   pob_i     mejor_iter  t_pob       
