0     gr17        2894.00     2955.49   20.007    3056.00   4083.46   295         0.01        
1     gr17        2991.00     3077.62   20.001    3028.00   3808.00   7           0.01        
2     gr17        2760.00     2806.11   20.002    3000.00   3903.89   7           0.01        
3     gr17        2991.00     3067.41   20.004    3035.00   3844.52   123         0.01        
4     gr17        2991.00     3060.11   20.008    3000.00   3947.71   28          0.01        
5     gr17        2991.00     3084.58   20.006    3035.00   3717.88   23          0.01        
6     gr17        2991.00     3088.84   20.001    3000.00   3670.30   5           0.01        
7     gr17        2991.00     3079.84   20.006    3000.00   3780.53   28          0.01        
8     gr17        2991.00     3059.88   20.001    3060.00   3996.79   24          0.01        
9     gr17        2927.00     2975.32   20.007    2995.00   3795.21   76          0.01        
0     gr21        8258.00     8632.32   20.003    9576.00   11415.65  20          0.01        
1     gr21        8371.00     8730.53   20.004    9628.00   11464.41  11          0.01        
2     gr21        8371.00     8587.11   20.007    9067.00   11433.54  10          0.01        
3     gr21        8371.00     8717.36   20.009    9532.00   11686.08  16          0.01        
4     gr21        8371.00     8704.50   20.007    9628.00   11318.06  24          0.01        
5     gr21        8371.00     8882.06   20.002    9336.00   11330.50  14          0.01        
6     gr21        8371.00     8631.02   20.001    9210.00   11297.19  13          0.01        
7     gr21        8013.00     8389.50   20.005    9628.00   11265.65  29          0.01        
8     gr21        8371.00     8800.31   20.007    9609.00   11415.48  37          0.01        
9     gr21        8013.00     8513.36   20.008    9628.00   11361.01  33          0.01        
0     gr24        1867.00     1902.34   20.008    1937.00   2575.54   6           0.02        
1     gr24        1867.00     1925.90   20.011    1917.00   2433.87   4           0.02        
2     gr24        1867.00     1917.21   20.007    1953.00   2615.55   3           0.01        
3     gr24        1867.00     1908.72   20.009    1949.00   2631.00   6           0.02        
4     gr24        1867.00     1914.16   20.001    1903.00   2505.69   5           0.02        
5     gr24        1867.00     1899.67   20.000    1951.00   2454.68   4           0.02        
6     gr24        1867.00     1910.40   20.008    1941.00   2663.60   6           0.01        
7     gr24        1867.00     1916.25   20.008    1879.00   2471.13   2           0.02        
8     gr24        1867.00     1897.85   20.004    1867.00   2627.98   0           0.02        
9     gr24        1867.00     1933.22   20.001    1885.00   2529.23   3           0.01        
0     fri26       1302.00     1323.83   20.004    1314.00   1844.31   2           0.02        
1     fri26       1302.00     1318.75   20.008    1312.00   1863.85   2           0.02        
2     fri26       1302.00     1327.81   20.010    1339.00   1866.94   1           0.02        
3     fri26       1283.00     1312.42   20.008    1307.00   1792.67   60          0.02        
4     fri26       1302.00     1321.30   20.004    1302.00   1816.24   0           0.02        
5     fri26       1302.00     1337.66   20.010    1325.00   1686.11   3           0.02        
6     fri26       1302.00     1335.78   20.005    1312.00   1898.00   2           0.02        
7     fri26       1302.00     1334.04   20.002    1307.00   1775.14   1           0.02        
8     fri26       1283.00     1318.57   20.008    1307.00   1871.52   88          0.02        
9     fri26       1302.00     1322.71   20.005    1338.00   1924.96   2           0.02        
0     bays29      2991.00     3036.67   20.007    3090.00   4302.05   7           0.03        
1     bays29      2991.00     3055.68   20.000    3129.00   4696.26   7           0.03        
2     bays29      2991.00     3096.04   20.001    3132.00   4412.00   8           0.02        
3     bays29      2991.00     3070.51   20.008    3128.00   4427.10   3           0.02        
4     bays29      2991.00     3074.70   20.011    3115.00   4326.91   10          0.02        
5     bays29      2991.00     3047.62   20.010    3142.00   4418.68   10          0.02        
6     bays29      2991.00     3051.55   20.011    3128.00   4328.35   4           0.02        
7     bays29      2991.00     3088.55   20.012    3100.00   4234.54   8           0.02        
8     bays29      2991.00     3047.98   20.004    3184.00   4307.39   6           0.03        
9     bays29      2991.00     3065.96   20.008    3128.00   4222.57   8           0.03        
0     gr48        7594.00     7748.26   20.015    8291.00   12164.25  20          0.06        
1     gr48        7594.00     7698.38   20.001    8234.00   12814.88  22          0.06        
2     gr48        7695.00     7843.16   20.014    8320.00   13117.43  16          0.06        
3     gr48        7594.00     7803.75   20.012    8197.00   13381.07  24          0.08        
4     gr48        7594.00     7720.58   20.009    8295.00   13336.58  22          0.07        
5     gr48        7594.00     7865.31   20.001    8132.00   11957.47  22          0.07        
6     gr48        7594.00     7738.79   20.001    8340.00   11072.71  22          0.06        
7     gr48        7594.00     7696.03   20.007    8216.00   12342.37  28          0.06        
8     gr48        7594.00     7739.10   20.008    8252.00   12583.47  30          0.07        
9     gr48        7594.00     7716.51   20.007    8307.00   12999.49  33          0.06        
0     eil51       639.78      648.42    20.003    697.38    986.52    17          0.07        
1     eil51       639.78      663.83    20.009    680.57    1021.64   14          0.07        
2     eil51       639.78      648.89    20.016    693.60    1045.40   19          0.07        
3     eil51       639.78      649.06    20.006    693.38    1073.44   19          0.07        
4     eil51       639.78      646.15    20.008    695.29    1038.18   16          0.08        
5     eil51       639.78      657.96    20.013    687.78    1076.31   22          0.07        
6     eil51       639.78      653.44    20.009    685.57    1040.66   22          0.07        
7     eil51       639.78      647.56    20.017    689.38    972.56    14          0.07        
8     eil51       639.78      652.99    20.014    693.38    1089.42   20          0.07        
9     eil51       639.78      656.34    20.011    695.38    1042.82   24          0.07        
0     berlin52    11318.28    11490.39  20.002    12642.90  17281.63  25          0.08        
1     berlin52    11259.14    11423.86  20.013    12414.14  18926.68  21          0.07        
2     berlin52    11259.14    11523.15  20.007    12133.14  18942.99  19          0.07        
3     berlin52    11259.14    11527.35  20.003    12640.44  18501.70  21          0.08        
4     berlin52    11259.14    11605.58  20.009    12267.90  17676.17  13          0.07        
5     berlin52    11259.14    11521.84  20.000    12169.14  18765.39  16          0.07        
6     berlin52    11259.14    11414.20  20.006    12643.87  18745.80  111         0.07        
7     berlin52    11259.14    11467.64  20.007    12314.14  17469.76  24          0.07        
8     berlin52    11259.14    11487.06  20.012    12791.14  18569.28  20          0.08        
9     berlin52    11259.14    11463.55  20.000    12201.14  19022.12  20          0.07        
0     eil76       818.94      830.74    20.004    885.94    1460.47   27          0.15        
1     eil76       818.94      827.94    20.023    889.28    1445.29   22          0.16        
2     eil76       818.94      834.82    20.020    905.94    1432.72   22          0.13        
3     eil76       818.94      825.25    20.019    895.83    1575.16   23          0.16        
4     eil76       818.94      830.07    20.012    888.88    1415.90   18          0.16        
5     eil76       818.94      823.35    20.021    872.61    1410.81   19          0.15        
6     eil76       818.94      836.63    20.010    901.94    1494.01   15          0.15        
7     eil76       818.94      823.49    20.018    892.94    1345.00   14          0.16        
8     eil76       818.94      834.23    20.016    906.88    1579.79   12          0.16        
9     eil76       818.94      824.51    20.012    908.88    1420.38   16          0.16        
0     eil101      950.74      966.54    20.001    1061.78   1891.33   25          0.28        
1     eil101      950.74      969.82    20.011    1061.78   1812.45   31          0.24        
2     eil101      950.74      964.58    20.028    1050.71   1913.83   19          0.29        
3     eil101      950.74      958.74    20.016    1030.99   1780.65   34          0.26        
4     eil101      950.74      960.58    20.013    1061.78   1674.05   26          0.29        
5     eil101      950.74      959.91    20.007    1046.46   1679.21   80          0.31        
6     eil101      950.74      954.85    20.028    1049.74   1827.79   39          0.3         
7     eil101      950.74      960.29    20.010    1036.94   1682.15   30          0.23        
8     eil101      950.74      969.36    20.002    1048.70   1936.50   31          0.26        
9     eil101      950.74      960.13    20.016    1058.46   1646.67   94          0.28        
seed  ins         mejor       pob       time      mejor_i   pob_i     mejor_iter  t_pob       
