0     gr17        2894.00     3006.63   20.002    3056.00   4083.46   800         0.01        
1     gr17        2835.00     2946.40   20.003    3028.00   3808.00   9           0.01        
2     gr17        2991.00     3072.15   20.004    3000.00   3903.89   24          0.01        
3     gr17        2991.00     3064.58   20.003    3035.00   3844.52   20          0.01        
4     gr17        2991.00     3097.03   20.007    3000.00   3947.71   13          0.01        
5     gr17        2991.00     3096.95   20.008    3035.00   3717.88   18          0.01        
6     gr17        2991.00     3074.86   20.007    3000.00   3670.30   33          0.01        
7     gr17        2991.00     3072.41   20.000    3000.00   3780.53   113         0.01        
8     gr17        2991.00     3095.41   20.003    3060.00   3996.79   163         0.01        
9     gr17        2894.00     2985.34   20.003    2995.00   3795.21   315         0.01        
0     gr21        8371.00     9207.49   20.005    9576.00   11415.65  39          0.01        
1     gr21        8371.00     9217.40   20.002    9628.00   11464.41  39          0.01        
2     gr21        8371.00     9025.55   20.004    9067.00   11433.54  21          0.01        
3     gr21        8371.00     9307.88   20.004    9532.00   11686.08  22          0.01        
4     gr21        8371.00     9038.28   20.007    9628.00   11318.06  78          0.01        
5     gr21        8371.00     9126.13   20.002    9336.00   11330.50  23          0.01        
6     gr21        8371.00     9118.40   20.004    9210.00   11297.19  26          0.01        
7     gr21        8013.00     8989.63   20.006    9628.00   11265.65  52          0.01        
8     gr21        8371.00     9380.91   20.000    9609.00   11415.48  74          0.01        
9     gr21        8357.00     8986.58   20.000    9628.00   11361.01  60          0.01        
0     gr24        1867.00     1927.38   20.007    1937.00   2575.54   13          0.02        
1     gr24        1867.00     1933.92   20.004    1917.00   2433.87   15          0.02        
2     gr24        1867.00     1937.57   20.007    1953.00   2615.55   6           0.01        
3     gr24        1867.00     1928.52   20.005    1949.00   2631.00   4           0.02        
4     gr24        1867.00     1935.65   20.003    1903.00   2505.69   14          0.02        
5     gr24        1867.00     1924.76   20.004    1951.00   2454.68   8           0.02        
6     gr24        1867.00     1930.21   20.008    1941.00   2663.60   7           0.01        
7     gr24        1867.00     1940.26   20.008    1879.00   2471.13   2           0.02        
8     gr24        1867.00     1897.08   20.002    1867.00   2627.98   0           0.02        
9     gr24        1867.00     1936.20   20.006    1885.00   2529.23   2           0.01        
0     fri26       1302.00     1356.83   20.007    1314.00   1844.31   4           0.02        
1     fri26       1302.00     1330.99   20.007    1312.00   1863.85   4           0.02        
2     fri26       1302.00     1326.07   20.009    1339.00   1866.94   7           0.02        
3     fri26       1302.00     1345.92   20.003    1307.00   1792.67   2           0.02        
4     fri26       1302.00     1336.46   20.007    1302.00   1816.24   0           0.02        
5     fri26       1302.00     1330.02   20.005    1325.00   1686.11   4           0.02        
6     fri26       1302.00     1324.95   20.001    1312.00   1898.00   3           0.02        
7     fri26       1302.00     1321.68   20.008    1307.00   1775.14   6           0.02        
8     fri26       1302.00     1321.22   20.003    1307.00   1871.52   2           0.02        
9     fri26       1302.00     1326.62   20.002    1338.00   1924.96   7           0.02        
0     bays29      2991.00     3063.05   20.009    3090.00   4302.05   16          0.03        
1     bays29      2991.00     3062.01   20.010    3129.00   4696.26   10          0.03        
2     bays29      2991.00     3049.94   20.001    3132.00   4412.00   19          0.02        
3     bays29      2991.00     3086.10   20.006    3128.00   4427.10   11          0.02        
4     bays29      2991.00     3093.94   20.005    3115.00   4326.91   24          0.02        
5     bays29      2991.00     3045.38   20.006    3142.00   4418.68   20          0.02        
6     bays29      2991.00     3119.49   20.010    3128.00   4328.35   29          0.02        
7     bays29      2991.00     3103.40   20.005    3100.00   4234.54   241         0.02        
8     bays29      2991.00     3065.72   20.010    3184.00   4307.39   33          0.03        
9     bays29      2991.00     3069.62   20.003    3128.00   4222.57   21          0.03        
0     gr48        7594.00     7816.29   20.007    8291.00   12164.25  47          0.06        
1     gr48        7594.00     7797.67   20.000    8234.00   12814.88  37          0.06        
2     gr48        7594.00     7788.99   20.001    8320.00   13117.43  26          0.06        
3     gr48        7594.00     7775.61   20.007    8197.00   13381.07  54          0.07        
4     gr48        7594.00     7814.47   20.012    8295.00   13336.58  166         0.07        
5     gr48        7594.00     7757.86   20.010    8132.00   11957.47  28          0.07        
6     gr48        7594.00     7804.70   20.004    8340.00   11072.71  38          0.06        
7     gr48        7594.00     7725.19   20.001    8216.00   12342.37  287         0.06        
8     gr48        7594.00     7737.43   20.012    8252.00   12583.47  60          0.07        
9     gr48        7594.00     7759.46   20.001    8307.00   12999.49  45          0.06        
0     eil51       639.78      651.47    20.010    697.38    986.52    36          0.07        
1     eil51       639.78      647.84    20.011    680.57    1021.64   22          0.07        
2     eil51       639.78      656.34    20.012    693.60    1045.40   34          0.07        
3     eil51       639.78      652.40    20.002    693.38    1073.44   59          0.07        
4     eil51       639.78      652.65    20.001    695.29    1038.18   242         0.08        
5     eil51       639.78      663.62    20.014    687.78    1076.31   35          0.07        
6     eil51       639.78      664.84    20.007    685.57    1040.66   39          0.07        
7     eil51       639.78      659.30    20.005    689.38    972.56    35          0.07        
8     eil51       639.78      654.43    20.009    693.38    1089.42   34          0.07        
9     eil51       639.78      657.29    20.014    695.38    1042.82   39          0.07        
0     berlin52    11259.14    11650.56  20.003    12642.90  17281.63  37          0.07        
1     berlin52    11259.14    11425.36  20.006    12414.14  18926.68  61          0.07        
2     berlin52    11259.14    11608.29  20.003    12133.14  18942.99  36          0.07        
3     berlin52    11259.14    11671.79  20.005    12640.44  18501.70  700         0.08        
4     berlin52    11259.14    11520.65  20.004    12267.90  17676.17  46          0.06        
5     berlin52    11259.14    11541.86  20.006    12169.14  18765.39  49          0.07        
6     berlin52    11259.14    11434.16  20.004    12643.87  18745.80  41          0.07        
7     berlin52    11259.14    11373.27  20.010    12314.14  17469.76  24          0.07        
8     berlin52    11259.14    11405.65  20.004    12791.14  18569.28  104         0.08        
9     berlin52    11259.14    11637.55  20.012    12201.14  19022.12  49          0.07        
0     eil76       818.94      827.80    20.018    885.94    1460.47   287         0.15        
1     eil76       815.95      831.08    20.015    889.28    1445.29   291         0.16        
2     eil76       816.93      833.32    20.005    905.94    1432.72   151         0.13        
3     eil76       818.94      825.64    20.008    895.83    1575.16   196         0.16        
4     eil76       816.93      827.98    20.003    888.88    1415.90   77          0.16        
5     eil76       818.94      828.15    20.003    872.61    1410.81   34          0.15        
6     eil76       818.94      847.89    20.004    901.94    1494.01   54          0.15        
7     eil76       818.94      830.76    20.010    892.94    1345.00   39          0.16        
8     eil76       818.94      841.24    20.000    906.88    1579.79   29          0.15        
9     eil76       818.94      828.40    20.011    908.88    1420.38   44          0.17        
0     eil101      950.74      981.19    20.012    1061.78   1891.33   56          0.28        
1     eil101      950.74      974.05    20.018    1061.78   1812.45   287         0.24        
2     eil101      950.74      962.62    20.014    1050.71   1913.83   92          0.29        
3     eil101      950.74      967.40    20.017    1030.99   1780.65   62          0.26        
4     eil101      951.56      962.60    20.006    1061.78   1674.05   150         0.29        
5     eil101      954.07      966.14    20.018    1046.46   1679.21   41          0.31        
6     eil101      950.74      957.27    20.021    1049.74   1827.79   57          0.3         
7     eil101      950.74      970.10    20.005    1036.94   1682.15   54          0.23        
8     eil101      950.74      971.97    20.024    1048.70   1936.50   60          0.26        
9     eil101      950.74      963.52    20.014    1058.46   1646.67   78          0.28        
seed  ins         mejor       pob       time      mejor_i   pob_i     mejor_iter  t_pob       
