0     gr17        2894.00     2972.93   20.003    3056.00   4083.46   183         0.01        
1     gr17        2991.00     3047.91   20.003    3028.00   3808.00   443         0.01        
2     gr17        2991.00     3042.57   20.001    3000.00   3903.89   57          0.01        
3     gr17        2991.00     3046.98   20.004    3035.00   3844.52   1985        0.01        
4     gr17        2991.00     3063.44   20.005    3000.00   3947.71   819         0.01        
5     gr17        2991.00     3045.77   20.004    3035.00   3717.88   17          0.01        
6     gr17        2991.00     3090.45   20.000    3000.00   3670.30   43          0.01        
7     gr17        2991.00     3058.81   20.001    3000.00   3780.53   61          0.01        
8     gr17        3000.00     3082.56   20.006    3060.00   3996.79   4           0.01        
9     gr17        2927.00     3015.18   20.006    2995.00   3795.21   233         0.01        
0     gr21        8371.00     8836.26   20.005    9576.00   11415.65  38          0.01        
1     gr21        8371.00     9035.79   20.000    9628.00   11464.41  29          0.01        
2     gr21        8371.00     9043.49   20.004    9067.00   11433.54  23          0.01        
3     gr21        8567.00     9037.99   20.009    9532.00   11686.08  22          0.01        
4     gr21        8371.00     8994.25   20.006    9628.00   11318.06  28          0.01        
5     gr21        8371.00     9124.49   20.002    9336.00   11330.50  24          0.01        
6     gr21        8371.00     9038.26   20.001    9210.00   11297.19  21          0.01        
7     gr21        8013.00     8723.78   20.006    9628.00   11265.65  77          0.01        
8     gr21        8371.00     8906.67   20.000    9609.00   11415.48  40          0.01        
9     gr21        8013.00     8779.71   20.002    9628.00   11361.01  77          0.01        
0     gr24        1867.00     1907.05   20.005    1937.00   2575.54   12          0.02        
1     gr24        1867.00     1914.12   20.004    1917.00   2433.87   6           0.02        
2     gr24        1867.00     1904.91   20.006    1953.00   2615.55   9           0.01        
3     gr24        1867.00     1917.93   20.005    1949.00   2631.00   2           0.02        
4     gr24        1867.00     1932.82   20.000    1903.00   2505.69   10          0.02        
5     gr24        1867.00     1921.39   20.007    1951.00   2454.68   7           0.02        
6     gr24        1867.00     1901.44   20.006    1941.00   2663.60   20          0.01        
7     gr24        1867.00     1913.54   20.009    1879.00   2471.13   2           0.02        
8     gr24        1867.00     1924.28   20.005    1867.00   2627.98   0           0.02        
9     gr24        1867.00     1922.66   20.002    1885.00   2529.23   2           0.01        
0     fri26       1302.00     1320.09   20.007    1314.00   1844.31   5           0.02        
1     fri26       1302.00     1327.13   20.001    1312.00   1863.85   2           0.02        
2     fri26       1302.00     1319.40   20.003    1339.00   1866.94   4           0.02        
3     fri26       1302.00     1332.71   20.009    1307.00   1792.67   3           0.02        
4     fri26       1302.00     1328.74   20.000    1302.00   1816.24   0           0.02        
5     fri26       1302.00     1328.60   20.009    1325.00   1686.11   2           0.02        
6     fri26       1302.00     1316.62   20.005    1312.00   1898.00   2           0.02        
7     fri26       1302.00     1322.50   20.007    1307.00   1775.14   2           0.02        
8     fri26       1302.00     1316.67   20.007    1307.00   1871.52   2           0.02        
9     fri26       1302.00     1317.09   20.009    1338.00   1924.96   7           0.02        
0     bays29      2991.00     3031.61   20.005    3090.00   4302.05   16          0.03        
1     bays29      2991.00     3046.87   20.003    3129.00   4696.26   17          0.03        
2     bays29      2991.00     3060.63   20.002    3132.00   4412.00   12          0.02        
3     bays29      2991.00     3067.39   20.001    3128.00   4427.10   18          0.02        
4     bays29      2991.00     3059.06   20.005    3115.00   4326.91   19          0.02        
5     bays29      2991.00     3081.10   20.000    3142.00   4418.68   9           0.02        
6     bays29      2991.00     3055.90   20.003    3128.00   4328.35   17          0.02        
7     bays29      2991.00     3075.93   20.011    3100.00   4234.54   4           0.02        
8     bays29      2991.00     3075.17   20.005    3184.00   4307.39   38          0.03        
9     bays29      2991.00     3058.31   20.009    3128.00   4222.57   18          0.03        
0     gr48        7594.00     7729.33   20.003    8291.00   12164.25  41          0.06        
1     gr48        7594.00     7742.78   20.009    8234.00   12814.88  130         0.06        
2     gr48        7594.00     7737.46   20.009    8320.00   13117.43  41          0.06        
3     gr48        7594.00     7700.67   20.004    8197.00   13381.07  28          0.07        
4     gr48        7594.00     7724.49   20.006    8295.00   13336.58  167         0.07        
5     gr48        7594.00     7741.84   20.005    8132.00   11957.47  570         0.07        
6     gr48        7594.00     7729.17   20.000    8340.00   11072.71  48          0.06        
7     gr48        7594.00     7765.53   20.004    8216.00   12342.37  41          0.06        
8     gr48        7594.00     7733.62   20.002    8252.00   12583.47  80          0.07        
9     gr48        7594.00     7743.07   20.004    8307.00   12999.49  32          0.06        
0     eil51       639.78      654.43    20.005    697.38    986.52    31          0.07        
1     eil51       639.78      651.34    20.011    680.57    1021.64   33          0.07        
2     eil51       639.78      651.83    20.005    693.60    1045.40   36          0.07        
3     eil51       639.78      649.95    20.014    693.38    1073.44   39          0.07        
4     eil51       639.78      654.52    20.001    695.29    1038.18   35          0.08        
5     eil51       639.78      649.89    20.002    687.78    1076.31   57          0.07        
6     eil51       639.78      655.97    20.013    685.57    1040.66   29          0.07        
7     eil51       639.78      652.06    20.003    689.38    972.56    36          0.07        
8     eil51       639.78      653.56    20.005    693.38    1089.42   40          0.07        
9     eil51       639.78      653.70    20.009    695.38    1042.82   37          0.07        
0     berlin52    11259.14    11554.97  20.002    12642.90  17281.63  56          0.07        
1     berlin52    11259.14    11496.19  20.003    12414.14  18926.68  31          0.07        
2     berlin52    11259.14    11419.76  20.006    12133.14  18942.99  43          0.08        
3     berlin52    11259.14    11449.14  20.008    12640.44  18501.70  35          0.08        
4     berlin52    11259.14    11373.81  20.001    12267.90  17676.17  39          0.07        
5     berlin52    11259.14    11465.13  20.003    12169.14  18765.39  23          0.07        
6     berlin52    11259.14    11419.13  20.004    12643.87  18745.80  66          0.07        
7     berlin52    11259.14    11497.43  20.001    12314.14  17469.76  45          0.07        
8     berlin52    11259.14    11489.57  20.004    12791.14  18569.28  213         0.08        
9     berlin52    11259.14    11431.71  20.007    12201.14  19022.12  182         0.07        
0     eil76       818.94      832.79    20.016    885.94    1460.47   44          0.15        
1     eil76       818.94      826.92    20.002    889.28    1445.29   45          0.16        
2     eil76       818.94      831.01    20.009    905.94    1432.72   121         0.13        
3     eil76       818.94      829.69    20.020    895.83    1575.16   34          0.16        
4     eil76       816.93      824.32    20.013    888.88    1415.90   74          0.16        
5     eil76       818.94      828.44    20.011    872.61    1410.81   29          0.15        
6     eil76       818.94      830.87    20.001    901.94    1494.01   36          0.15        
7     eil76       816.93      825.62    20.013    892.94    1345.00   99          0.16        
8     eil76       816.93      823.44    20.013    906.88    1579.79   336         0.15        
9     eil76       818.94      827.08    20.004    908.88    1420.38   58          0.17        
0     eil101      950.74      963.77    20.014    1061.78   1891.33   173         0.28        
1     eil101      950.74      964.54    20.009    1061.78   1812.45   51          0.24        
2     eil101      950.74      971.17    20.008    1050.71   1913.83   59          0.29        
3     eil101      950.74      965.01    20.012    1030.99   1780.65   714         0.26        
4     eil101      950.74      964.99    20.017    1061.78   1674.05   106         0.29        
5     eil101      950.74      962.00    20.019    1046.46   1679.21   55          0.31        
6     eil101      951.56      961.96    20.003    1049.74   1827.79   240         0.3         
7     eil101      950.74      961.11    20.016    1036.94   1682.15   55          0.23        
8     eil101      953.74      961.91    20.005    1048.70   1936.50   49          0.26        
9     eil101      950.74      961.73    20.020    1058.46   1646.67   81          0.28        
seed  ins         mejor       pob       time      mejor_i   pob_i     mejor_iter  t_pob       
