0     gr17        2760.00     2910.59   20.008    3056.00   4083.46   11          0.01        
1     gr17        2991.00     3128.76   20.008    3028.00   3808.00   2           0.01        
2     gr17        2991.00     3053.09   20.006    3000.00   3903.89   195         0.01        
3     gr17        2760.00     2917.37   20.008    3035.00   3844.52   8           0.01        
4     gr17        2991.00     3133.25   20.005    3000.00   3947.71   219         0.01        
5     gr17        2991.00     3116.17   20.008    3035.00   3717.88   180         0.01        
6     gr17        2991.00     3054.21   20.007    3000.00   3670.30   120         0.01        
7     gr17        2760.00     2936.43   20.008    3000.00   3780.53   10          0.01        
8     gr17        2991.00     3113.84   20.008    3060.00   3996.79   233         0.01        
9     gr17        2760.00     2858.84   20.001    2995.00   3795.21   5           0.01        
0     gr21        7788.00     8563.83   20.003    9576.00   11415.65  138         0.01        
1     gr21        7788.00     8452.07   20.005    9628.00   11464.41  44          0.01        
2     gr21        8371.00     9118.55   20.008    9067.00   11433.54  13          0.01        
3     gr21        8371.00     9026.23   20.007    9532.00   11686.08  20          0.01        
4     gr21        7788.00     8493.08   20.010    9628.00   11318.06  37          0.01        
5     gr21        8141.00     8995.80   20.003    9336.00   11330.50  285         0.01        
6     gr21        8371.00     8725.64   20.004    9210.00   11297.19  17          0.01        
7     gr21        8159.00     9125.71   20.006    9628.00   11265.65  670         0.01        
8     gr21        8371.00     9039.29   20.009    9609.00   11415.48  17          0.01        
9     gr21        7788.00     8440.91   20.010    9628.00   11361.01  25          0.01        
0     gr24        1867.00     1936.57   20.010    1937.00   2575.54   8           0.02        
1     gr24        1841.00     1909.26   20.000    1917.00   2433.87   850         0.02        
2     gr24        1841.00     1930.84   20.008    1953.00   2615.55   1237        0.01        
3     gr24        1841.00     1912.78   20.005    1949.00   2631.00   1143        0.02        
4     gr24        1841.00     1911.62   20.010    1903.00   2505.69   594         0.02        
5     gr24        1867.00     1988.63   20.007    1951.00   2454.68   5           0.02        
6     gr24        1841.00     1911.99   20.009    1941.00   2663.60   1581        0.01        
7     gr24        1867.00     1943.12   20.013    1879.00   2471.13   1           0.02        
8     gr24        1867.00     1951.90   20.004    1867.00   2627.98   0           0.02        
9     gr24        1824.00     1903.20   20.001    1885.00   2529.23   528         0.01        
0     fri26       1283.00     1310.93   20.003    1314.00   1844.31   468         0.02        
1     fri26       1302.00     1365.24   20.008    1312.00   1863.85   4           0.02        
2     fri26       1302.00     1361.23   20.011    1339.00   1866.94   3           0.02        
3     fri26       1302.00     1364.82   20.003    1307.00   1792.67   2           0.02        
4     fri26       1302.00     1361.04   20.004    1302.00   1816.24   0           0.02        
5     fri26       1302.00     1323.04   20.009    1325.00   1686.11   2           0.02        
6     fri26       1302.00     1381.51   20.007    1312.00   1898.00   2           0.02        
7     fri26       1302.00     1343.98   20.009    1307.00   1775.14   2           0.02        
8     fri26       1302.00     1372.85   20.009    1307.00   1871.52   3           0.02        
9     fri26       1302.00     1378.31   20.013    1338.00   1924.96   3           0.02        
0     bays29      2991.00     3118.08   20.010    3090.00   4302.05   11          0.03        
1     bays29      2991.00     3144.45   20.013    3129.00   4696.26   11          0.02        
2     bays29      2991.00     3108.53   20.006    3132.00   4412.00   11          0.02        
3     bays29      2991.00     3132.66   20.010    3128.00   4427.10   4           0.02        
4     bays29      2991.00     3073.36   20.012    3115.00   4326.91   12          0.02        
5     bays29      2991.00     3139.73   20.003    3142.00   4418.68   10          0.02        
6     bays29      2991.00     3147.42   20.012    3128.00   4328.35   4           0.02        
7     bays29      2991.00     3164.53   20.003    3100.00   4234.54   8           0.02        
8     bays29      2991.00     3098.91   20.011    3184.00   4307.39   5           0.03        
9     bays29      2991.00     3147.24   20.016    3128.00   4222.57   7           0.03        
0     gr48        7594.00     7964.36   20.000    8291.00   12164.25  15          0.06        
1     gr48        7594.00     7965.71   20.004    8234.00   12814.88  21          0.06        
2     gr48        7594.00     7832.89   20.011    8320.00   13117.43  24          0.06        
3     gr48        7594.00     7972.44   20.007    8197.00   13381.07  28          0.08        
4     gr48        7594.00     7834.67   20.013    8295.00   13336.58  26          0.07        
5     gr48        7583.00     8084.86   20.013    8132.00   11957.47  458         0.06        
6     gr48        7594.00     7892.25   20.011    8340.00   11072.71  18          0.06        
7     gr48        7594.00     7881.33   20.009    8216.00   12342.37  32          0.06        
8     gr48        7583.00     7898.80   20.001    8252.00   12583.47  51          0.07        
9     gr48        7616.00     7860.13   20.009    8307.00   12999.49  18          0.06        
0     eil51       639.78      664.60    20.004    697.38    986.52    30          0.07        
1     eil51       639.78      673.47    20.012    680.57    1021.64   22          0.07        
2     eil51       639.78      672.22    20.007    693.60    1045.40   22          0.07        
3     eil51       639.78      666.56    20.008    693.38    1073.44   26          0.08        
4     eil51       639.78      655.52    20.006    695.29    1038.18   23          0.08        
5     eil51       639.78      658.11    20.015    687.78    1076.31   21          0.07        
6     eil51       639.78      669.58    20.016    685.57    1040.66   23          0.08        
7     eil51       639.78      663.59    20.008    689.38    972.56    16          0.07        
8     eil51       639.78      671.02    20.008    693.38    1089.42   22          0.07        
9     eil51       639.78      667.56    20.004    695.38    1042.82   25          0.07        
0     berlin52    11259.14    11584.42  20.010    12642.90  17281.63  14          0.07        
1     berlin52    11259.14    11676.45  20.014    12414.14  18926.68  23          0.06        
2     berlin52    11259.14    11810.95  20.006    12133.14  18942.99  30          0.08        
3     berlin52    11259.14    11708.68  20.006    12640.44  18501.70  19          0.08        
4     berlin52    11259.14    11837.79  20.006    12267.90  17676.17  13          0.07        
5     berlin52    11259.14    11895.30  20.012    12169.14  18765.39  19          0.07        
6     berlin52    11259.14    11905.43  20.001    12643.87  18745.80  17          0.07        
7     berlin52    11221.71    11773.19  20.008    12314.14  17469.76  35          0.07        
8     berlin52    11259.14    11817.79  20.012    12791.14  18569.28  25          0.08        
9     berlin52    11259.14    11868.51  20.001    12201.14  19022.12  24          0.07        
0     eil76       818.94      843.75    20.009    885.94    1460.47   25          0.14        
1     eil76       818.94      835.36    20.001    889.28    1445.29   440         0.15        
2     eil76       818.94      846.28    20.023    905.94    1432.72   21          0.14        
3     eil76       818.94      832.99    20.001    895.83    1575.16   20          0.16        
4     eil76       818.94      841.68    20.006    888.88    1415.90   23          0.15        
5     eil76       818.94      838.12    20.001    872.61    1410.81   17          0.15        
6     eil76       818.94      855.97    20.023    901.94    1494.01   28          0.15        
7     eil76       818.94      844.00    20.006    892.94    1345.00   24          0.16        
8     eil76       818.94      847.18    20.007    906.88    1579.79   18          0.16        
9     eil76       818.94      836.55    20.010    908.88    1420.38   21          0.17        
0     eil101      950.74      993.18    20.012    1061.78   1891.33   36          0.28        
1     eil101      950.74      982.95    20.016    1061.78   1812.45   46          0.25        
2     eil101      950.74      971.58    20.017    1050.71   1913.83   24          0.28        
3     eil101      950.74      969.55    20.025    1030.99   1780.65   82          0.27        
4     eil101      950.74      1000.45   20.013    1061.78   1674.05   34          0.3         
5     eil101      950.74      990.32    20.016    1046.46   1679.21   50          0.29        
6     eil101      950.74      978.70    20.002    1049.74   1827.79   34          0.31        
7     eil101      950.74      1001.79   20.005    1036.94   1682.15   34          0.24        
8     eil101      950.74      980.90    20.003    1048.70   1936.50   36          0.27        
9     eil101      950.74      990.59    20.025    1058.46   1646.67   48          0.25        
seed  ins         mejor       pob       time      mejor_i   pob_i     mejor_iter  t_pob       
