1 13457.0 13488.2 1551.61 15963.0 71426.46 498.6 69.71
2 13988.0 14010.7 1504.89 16565.0 72333.38 494.7 81.5
3 12874.0 12874.0 1322.8 15098.0 62636.83 437.6 61.58
4 13194.0 13195.2 1323.85 15602.0 63276.78 475.8 65.27
5 13419.0 13425.7 1493.98 15967.0 70113.71 477.8 75.56
6 13753.0 13765.8 1560.26 16296.0 69342.66 490.7 75.75
7 13255.0 13255.0 1441.12 15615.0 67778.6 468.9 70.89
8 13320.0 13325.3 1361.35 15850.0 65418.46 487.1 64.63
9 13582.0 13604.4 1483.58 16010.0 70902.83 499.0 74.87
10 13241.0 13241.9 1279.32 15678.0 66461.55 448.6 66.54
11 12739.0 12739.0 1193.09 15132.0 60469.99 439.3 61.54
12 13125.0 13134.8 1440.49 15559.0 68761.57 483.2 75.18
13 12747.0 12747.0 1185.04 14997.0 58572.39 439.7 62.3
14 13517.0 13559.4 1610.65 16144.0 64448.57 499.4 81.78
15 13177.0 13180.6 1255.54 15709.0 62989.83 481.1 61.99
16 12903.0 12903.9 1129.59 15256.0 58930.1 424.4 58.16
17 12862.0 12862.0 1146.49 15279.0 64236.94 446.0 59.5
18 13288.0 13301.5 1382.56 15809.0 63247.99 493.0 68.23
19 13592.0 13651.1 1672.59 16164.0 69513.87 499.5 75.84
20 13627.0 13641.9 1566.12 16220.0 68472.55 495.8 78.04
21 13041.0 13041.0 1364.61 15440.0 65174.01 451.4 69.85
22 13494.0 13528.9 1351.71 16086.0 65860.26 498.5 70.61
23 12922.0 12922.5 1272.24 15396.0 63870.14 459.2 63.4
24 13598.0 13624.8 1420.85 16185.0 62228.46 499.6 74.28
25 13798.0 13861.0 1575.26 16380.0 68551.23 499.6 78.16
26 13671.0 13679.0 1542.21 16157.0 72021.65 484.8 82.51
27 12846.0 12846.0 1175.24 15260.0 58924.72 454.9 59.01
28 13210.0 13213.3 1262.23 15643.0 64958.87 481.7 63.62
29 13013.0 13014.4 1283.35 15437.0 64689.09 470.1 60.7
30 13166.0 13169.9 1227.28 15672.0 65602.34 478.9 65.88
31 13261.0 13261.0 1270.21 15658.0 64961.08 422.0 69.23
32 13287.0 13287.9 1458.07 15734.0 64343.08 461.1 73.19
33 13327.0 13327.0 1510.44 15767.0 67577.86 479.6 75.68
34 13846.0 13865.8 1583.48 16398.0 67396.95 493.6 81.96
35 12368.0 12372.5 1165.24 14654.0 64983.82 464.9 59.07
36 13428.0 13428.2 1332.88 15965.0 64596.62 473.7 71.15
37 13263.0 13264.5 1486.88 15652.0 65889.03 463.8 72.46
38 13213.0 13220.9 1548.27 15690.0 70450.04 494.4 78.79
39 13746.0 13789.6 1590.79 16338.0 72043.88 498.1 86.72
40 13483.0 13496.3 1544.5 16021.0 73584.88 492.5 81.63
41 13081.0 13083.1 1465.93 15597.0 67726.79 476.6 73.31
42 13482.0 13492.8 1488.26 16068.0 69658.76 489.2 76.61
43 13250.0 13250.5 1280.26 15813.0 64141.67 473.8 62.22
44 12510.0 12510.0 1192.18 14926.0 59720.94 466.9 61.47
45 12826.0 12827.2 1172.09 15088.0 60350.19 456.3 65.25
46 13374.0 13411.3 1503.16 15976.0 66580.85 497.2 74.31
47 14166.0 14206.8 1589.96 16837.0 74355.33 498.7 75.73
48 13655.0 13679.4 1592.65 16279.0 73690.91 488.8 90.08
49 13813.0 13838.5 1636.35 16435.0 67052.57 493.2 83.11
50 13468.0 13476.3 1558.24 16027.0 75693.84 481.0 77.02
51 13665.0 13665.8 1599.62 16190.0 70508.19 477.5 78.37
52 13437.0 13446.1 1559.03 15968.0 69018.92 483.7 79.13
53 13500.0 13509.2 1519.13 16030.0 69150.01 489.5 77.85
54 13350.0 13357.3 1423.82 15936.0 63686.54 485.0 67.85
55 13306.0 13308.9 1430.92 15726.0 63858.82 476.0 73.73
56 13339.0 13352.2 1352.12 15920.0 68327.38 485.7 66.59
57 13389.0 13390.8 1391.18 15893.0 63249.67 443.4 68.45
58 13885.0 13891.5 1578.51 16544.0 73448.96 483.6 79.69
59 13181.0 13182.3 1283.32 15668.0 64758.1 468.9 66.36
60 13273.0 13282.2 1357.29 15763.0 67626.48 483.7 70.01
61 13134.0 13134.0 1280.06 15565.0 64395.81 444.1 63.71
62 13159.0 13166.0 1264.45 15681.0 61898.52 486.8 60.71
63 13458.0 13461.9 1512.57 15881.0 69824.21 473.4 80.02
64 12763.0 12763.2 1167.82 15132.0 59135.1 413.2 62.89
65 13255.0 13255.9 1417.22 15762.0 61253.86 477.0 74.1
66 13948.0 13971.1 1591.12 16601.0 76510.15 498.2 77.2
67 13218.0 13222.9 1378.09 15662.0 69209.95 485.3 68.28
68 12963.0 12963.0 1216.78 15292.0 67423.23 421.1 68.56
69 13256.0 13295.0 1416.31 15776.0 68086.64 498.5 69.99
70 13269.0 13269.7 1469.25 15773.0 69183.09 469.2 78.74
71 13072.0 13072.0 1272.99 15487.0 66456.5 448.3 64.64
72 13383.0 13407.5 1532.59 15916.0 68318.76 496.4 76.64
73 13679.0 13722.6 1353.96 16348.0 67900.73 495.9 68.81
74 13739.0 13792.0 1508.92 16338.0 73163.24 499.2 73.53
75 13204.0 13205.1 1382.47 15611.0 62242.07 447.1 66.9
76 13524.0 13528.6 1533.31 16125.0 70941.27 491.0 80.53
77 12868.0 12868.0 1165.91 15254.0 60462.93 448.8 60.85
78 13706.0 13742.6 1601.66 16283.0 70366.68 498.3 83.76
79 13210.0 13211.8 1345.99 15674.0 66366.56 458.1 71.6
80 13183.0 13183.0 1325.37 15510.0 65196.62 420.1 68.29
81 12686.0 12686.0 1163.79 15153.0 60743.62 462.4 62.24
82 13495.0 13513.9 1558.91 16039.0 71486.85 491.4 79.58
83 12755.0 12756.2 1219.88 15128.0 62087.86 467.7 61.61
84 13278.0 13278.6 1437.6 15715.0 67237.33 475.3 70.6
85 12740.0 12745.4 1230.97 15035.0 63666.69 480.8 61.55
86 13941.0 13952.2 1614.76 16381.0 65964.73 477.5 80.78
87 12671.0 12671.0 1190.93 15029.0 66426.7 444.6 63.75
88 13066.0 13066.3 1257.8 15557.0 63159.29 454.7 60.17
89 12988.0 13009.7 1297.3 15339.0 63226.65 493.9 65.62
90 13594.0 13595.2 1387.15 16204.0 65203.41 462.1 71.77
91 13628.0 13630.6 1536.08 16189.0 69196.23 472.3 78.75
92 13172.0 13175.0 1420.16 15643.0 58749.68 474.5 70.04
93 13288.0 13296.0 1301.93 15713.0 63218.13 460.1 65.59
94 13321.0 13337.2 1437.39 15871.0 70092.23 494.1 71.16
95 13447.0 13454.7 1347.93 16041.0 68007.51 486.7 68.77
96 13069.0 13069.0 1127.87 15516.0 59107.59 435.2 59.05
97 12795.0 12797.4 1272.03 15212.0 66358.31 468.1 61.86
98 13145.0 13145.0 1248.94 15585.0 58651.32 471.5 66.23
99 14457.0 14481.4 1312.98 17218.0 78024.38 499.2 76.41
100 12800.0 12805.1 956.21 15216.0 69191.12 485.3 58.3
