1 13457.0 13460.1 299.61 15963.0 71426.46 434.1 72.28
2 13988.0 13996.2 302.59 16565.0 72333.39 435.4 76.89
3 12874.0 12878.7 265.18 15098.0 62636.83 359.8 59.19
4 13194.0 13195.8 280.02 15602.0 63276.78 398.5 68.19
5 13419.0 13420.0 292.71 15967.0 70113.71 404.5 72.4
6 13753.0 13753.1 308.15 16296.0 69342.66 422.9 74.66
7 13255.0 13260.2 293.09 15615.0 67778.6 396.2 72.03
8 13320.0 13322.7 273.37 15850.0 65418.46 409.9 62.44
9 13571.0 13580.8 292.19 16010.0 70902.83 432.6 72.21
10 13241.0 13244.4 272.42 15678.0 66461.55 366.0 65.38
11 12739.0 12741.8 255.29 15132.0 60469.99 373.6 60.59
12 13125.0 13131.1 295.64 15559.0 68761.57 405.0 72.69
13 12747.0 12752.6 258.61 14997.0 58572.39 364.1 59.27
14 13504.0 13509.9 311.04 16144.0 64448.57 456.1 81.29
15 13177.0 13179.9 264.64 15709.0 62989.83 410.2 60.65
16 12903.0 12903.3 258.84 15256.0 58930.1 340.1 62.23
17 12862.0 12863.5 252.57 15279.0 64236.94 361.0 59.51
18 13288.0 13291.5 273.9 15809.0 63247.99 435.4 65.62
19 13566.0 13571.5 303.37 16164.0 69513.87 457.1 73.0
20 13627.0 13631.0 304.23 16220.0 68472.55 431.3 73.6
21 13041.0 13045.1 287.46 15440.0 65174.01 378.6 66.66
22 13494.0 13497.4 273.6 16086.0 65860.26 425.1 67.27
23 12922.0 12924.5 261.62 15396.0 63870.14 381.8 60.48
24 13588.0 13589.6 287.06 16185.0 62228.46 441.5 69.49
25 13794.0 13797.7 307.16 16380.0 68551.23 460.5 77.73
26 13671.0 13674.6 298.95 16157.0 72021.65 416.8 73.79
27 12846.0 12851.1 249.95 15260.0 58924.72 383.8 56.02
28 13210.0 13210.4 265.23 15643.0 64958.87 393.3 60.52
29 13013.0 13017.6 264.05 15437.0 64689.09 380.1 60.42
30 13166.0 13167.5 259.49 15672.0 65602.34 410.4 63.11
31 13261.0 13264.1 275.44 15658.0 64961.08 373.9 65.69
32 13287.0 13288.5 294.57 15734.0 64343.08 393.2 71.71
33 13327.0 13331.0 295.66 15767.0 67577.86 392.4 73.23
34 13846.0 13852.0 308.06 16398.0 67396.95 426.5 77.44
35 12368.0 12370.0 249.13 14654.0 64983.82 373.8 55.43
36 13428.0 13431.8 282.02 15965.0 64596.62 386.2 68.68
37 13263.0 13267.8 292.95 15652.0 65889.03 404.1 72.37
38 13213.0 13216.7 301.93 15690.0 70450.04 423.6 77.76
39 13746.0 13749.3 305.99 16338.0 72043.88 421.1 78.18
40 13483.0 13486.6 300.96 16021.0 73584.88 441.2 77.89
41 13081.0 13083.9 292.99 15597.0 67726.79 408.3 69.44
42 13482.0 13484.7 289.63 16068.0 69658.76 425.1 72.19
43 13250.0 13256.3 262.69 15813.0 64141.67 403.0 59.14
44 12510.0 12513.5 255.69 14926.0 59720.94 388.0 58.83
45 12826.0 12828.8 256.75 15088.0 60350.19 372.0 59.28
46 13374.0 13374.3 295.17 15976.0 66580.85 438.0 73.31
47 14166.0 14170.0 299.35 16837.0 74355.33 451.6 73.96
48 13655.0 13658.9 311.08 16279.0 73690.91 438.8 81.31
49 13813.0 13815.8 307.49 16435.0 67052.57 435.6 76.87
50 13468.0 13473.8 297.48 16027.0 75693.84 417.6 73.25
51 13665.0 13667.2 307.92 16190.0 70508.19 412.4 77.19
52 13437.0 13438.6 307.48 15968.0 69018.92 406.7 74.61
53 13500.0 13501.2 298.83 16030.0 69150.01 411.8 72.87
54 13350.0 13352.4 283.29 15936.0 63686.54 417.1 67.98
55 13306.0 13309.0 288.8 15726.0 63858.82 391.9 66.55
56 13339.0 13339.5 278.47 15920.0 68327.38 421.8 64.18
57 13389.0 13391.5 279.76 15893.0 63249.67 376.0 64.14
58 13885.0 13886.7 303.83 16544.0 73448.96 420.6 76.65
59 13181.0 13185.4 264.01 15668.0 64758.1 391.4 59.87
60 13273.0 13273.0 278.91 15763.0 67626.48 406.3 65.43
61 13134.0 13140.9 269.02 15565.0 64395.81 371.9 60.54
62 13159.0 13166.1 254.92 15681.0 61898.52 405.5 56.39
63 13458.0 13458.2 303.03 15881.0 69824.21 394.4 74.66
64 12763.0 12764.7 256.88 15132.0 59135.1 326.0 58.8
65 13255.0 13258.5 284.45 15762.0 61253.86 399.8 68.04
66 13936.0 13939.0 300.91 16601.0 76510.15 458.0 72.94
67 13218.0 13222.2 278.4 15662.0 69209.95 396.5 68.09
68 12963.0 12964.5 262.67 15292.0 67423.23 375.5 63.61
69 13256.0 13260.5 277.8 15776.0 68086.64 436.9 65.36
70 13269.0 13273.2 306.83 15773.0 69183.09 395.9 78.51
71 13072.0 13075.0 264.63 15487.0 66456.5 361.5 59.06
72 13383.0 13385.6 295.72 15916.0 68318.76 414.0 71.24
73 13679.0 13682.5 278.68 16348.0 67900.73 441.8 67.97
74 13732.0 13734.8 286.95 16338.0 73163.24 454.5 71.4
75 13204.0 13208.3 287.26 15611.0 62242.07 390.3 66.94
76 13524.0 13526.0 300.31 16125.0 70941.27 422.3 76.82
77 12868.0 12871.1 260.17 15254.0 60462.93 377.8 60.95
78 13706.0 13712.8 306.0 16283.0 70366.68 420.7 79.4
79 13210.0 13214.4 279.29 15674.0 66366.56 388.7 66.13
80 13183.0 13186.6 277.27 15510.0 65196.62 351.6 65.0
81 12686.0 12687.3 257.65 15153.0 60743.62 379.6 60.65
82 13495.0 13499.8 303.13 16039.0 71486.85 419.5 74.11
83 12755.0 12758.8 254.03 15128.0 62087.86 389.8 55.99
84 13278.0 13279.9 281.34 15715.0 67237.33 392.6 64.77
85 12740.0 12742.9 260.18 15035.0 63666.7 395.9 62.89
86 13941.0 13943.1 309.42 16381.0 65964.73 429.3 80.84
87 12671.0 12672.6 252.63 15029.0 66426.7 376.1 60.1
88 13066.0 13069.8 262.16 15557.0 63159.29 382.1 59.64
89 12988.0 12991.1 271.6 15339.0 63226.65 420.5 63.83
90 13594.0 13594.9 284.29 16204.0 65203.41 378.3 68.37
91 13628.0 13633.3 304.03 16189.0 69196.23 378.6 75.76
92 13172.0 13174.4 282.15 15643.0 58749.68 390.4 66.94
93 13288.0 13293.3 276.1 15713.0 63218.13 383.2 64.87
94 13321.0 13322.1 288.76 15871.0 70092.23 421.5 71.05
95 13447.0 13448.7 281.88 16041.0 68007.51 411.7 65.54
96 13069.0 13074.5 248.4 15516.0 59107.59 375.3 57.64
97 12795.0 12796.7 267.43 15212.0 66358.31 412.2 61.96
98 13145.0 13145.6 251.36 15585.0 58651.32 391.3 57.43
99 14453.0 14457.8 253.56 17218.0 78024.38 425.9 69.35
100 12800.0 12801.7 208.68 15216.0 69191.12 409.9 51.65
