1 14117.0 14247.7 1807.07 15963.0 71426.46 162.0 71.6
2 14657.0 14728.0 1803.3 16565.0 72333.38 167.8 76.9
3 13204.0 13337.7 1805.74 15098.0 62636.83 190.0 61.94
4 13505.0 13717.5 1805.47 15602.0 63276.78 191.1 66.46
5 13959.0 14083.0 1803.79 15967.0 70113.71 167.2 72.76
6 14449.0 14570.4 1803.34 16296.0 69342.66 159.1 73.42
7 13786.0 13850.8 1806.29 15615.0 67778.61 178.4 71.64
8 13813.0 13915.2 1808.62 15850.0 65418.46 190.1 62.84
9 14178.0 14325.3 1806.95 16010.0 70902.83 166.2 71.52
10 13632.0 13733.8 1806.34 15678.0 66461.55 199.1 65.85
11 12960.0 13089.1 1805.08 15132.0 60469.99 217.9 60.92
12 13660.0 13752.1 1806.21 15559.0 68761.57 180.4 74.12
13 13038.0 13114.3 1803.58 14997.0 58572.39 219.5 57.08
14 14264.0 14364.1 1806.65 16144.0 64448.57 153.7 80.79
15 13576.0 13669.4 1804.93 15709.0 62989.83 200.3 64.69
16 13076.0 13166.0 1806.55 15256.0 58930.1 231.8 57.7
17 13085.0 13242.8 1804.87 15279.0 64236.94 218.5 58.75
18 13798.0 13929.6 1802.95 15809.0 63247.99 184.6 65.69
19 14256.0 14418.4 1807.66 16164.0 69513.87 154.1 74.3
20 14288.0 14417.4 1805.56 16220.0 68472.55 162.1 76.32
21 13429.0 13564.8 1805.03 15440.0 65174.01 186.8 68.48
22 14045.0 14151.5 1803.8 16086.0 65860.26 185.4 66.27
23 13224.0 13318.2 1803.19 15396.0 63870.14 203.0 62.5
24 14118.0 14292.7 1804.56 16185.0 62228.46 177.5 70.59
25 14524.0 14652.6 1806.72 16380.0 68551.23 159.3 75.17
26 14293.0 14390.8 1807.7 16157.0 72021.65 163.6 73.67
27 13150.0 13247.9 1804.77 15260.0 58924.72 214.4 55.63
28 13611.0 13736.6 1803.36 15643.0 64958.87 203.0 61.06
29 13345.0 13476.0 1804.77 15437.0 64689.09 204.0 64.96
30 13466.0 13601.9 1805.55 15672.0 65602.34 210.1 61.43
31 13483.0 13685.5 1805.25 15658.0 64961.08 199.2 66.12
32 13690.0 13878.2 1802.91 15734.0 64343.08 175.2 72.96
33 13872.0 13957.9 1805.17 15767.0 67577.86 167.1 71.25
34 14529.0 14656.7 1804.31 16398.0 67396.95 159.3 77.34
35 12640.0 12712.0 1806.15 14654.0 64983.82 222.9 56.52
36 13820.0 13985.3 1807.5 15965.0 64596.62 189.0 67.49
37 13800.0 13945.8 1804.84 15652.0 65889.03 172.6 69.53
38 13917.0 13983.5 1802.92 15690.0 70450.04 159.0 75.69
39 14447.0 14595.0 1804.19 16338.0 72043.88 161.3 78.94
40 14145.0 14206.4 1807.44 16021.0 73584.88 162.6 79.74
41 13647.0 13741.7 1808.3 15597.0 67726.79 170.3 68.66
42 14074.0 14168.6 1807.83 16068.0 69658.76 171.8 74.56
43 13651.0 13759.6 1805.04 15813.0 64141.67 201.8 61.12
44 12773.0 12932.7 1803.59 14926.0 59720.94 212.9 60.14
45 13058.0 13183.6 1804.46 15088.0 60350.19 219.4 61.4
46 14007.0 14117.5 1805.61 15976.0 66580.85 169.6 73.86
47 14847.0 15048.7 1805.44 16837.0 74355.33 160.2 74.81
48 14435.0 14541.0 1805.92 16279.0 73690.91 152.6 84.41
49 14541.0 14645.9 1806.3 16435.0 67052.57 152.3 78.35
50 14028.0 14195.7 1805.2 16027.0 75693.84 163.4 72.7
51 14333.0 14404.0 1807.41 16190.0 70508.19 158.2 77.57
52 14033.0 14129.4 1805.71 15968.0 69018.92 164.4 74.11
53 14175.0 14266.8 1804.24 16030.0 69150.01 160.1 74.35
54 13903.0 14023.9 1804.38 15936.0 63686.54 176.5 68.37
55 13852.0 13903.8 1805.65 15726.0 63858.82 174.7 69.33
56 13813.0 13921.1 1804.2 15920.0 68327.38 191.2 63.92
57 13857.0 13915.7 1807.66 15893.0 63249.67 182.0 65.95
58 14471.0 14685.6 1809.58 16544.0 73448.96 159.4 75.03
59 13537.0 13655.0 1803.77 15668.0 64758.1 203.5 61.85
60 13868.0 13934.6 1805.57 15763.0 67626.48 179.8 66.83
61 13470.0 13555.1 1802.73 15565.0 64395.81 204.5 59.18
62 13574.0 13652.0 1806.15 15681.0 61898.52 206.3 55.92
63 14069.0 14173.7 1805.72 15881.0 69824.21 160.5 74.64
64 12963.0 13064.6 1804.63 15132.0 59135.1 217.9 59.08
65 13706.0 13783.6 1805.76 15762.0 61253.86 185.8 68.63
66 14715.0 14813.3 1803.02 16601.0 76510.15 164.0 74.53
67 13613.0 13764.9 1806.19 15662.0 69209.95 182.5 71.76
68 13201.0 13278.2 1803.72 15292.0 67423.23 216.5 65.94
69 13840.0 13901.3 1804.19 15776.0 68086.64 179.9 66.21
70 13832.0 13922.2 1805.56 15773.0 69183.09 168.3 74.43
71 13423.0 13522.3 1804.45 15487.0 66456.5 196.9 59.9
72 14042.0 14153.3 1805.83 15916.0 68318.76 166.3 72.66
73 14265.0 14372.2 1806.99 16348.0 67900.73 183.5 65.51
74 14373.0 14498.7 1805.15 16338.0 73163.24 168.6 73.12
75 13673.0 13738.7 1804.44 15611.0 62242.07 182.6 66.66
76 14214.0 14286.2 1806.64 16125.0 70941.27 162.5 77.69
77 13207.0 13265.7 1805.6 15254.0 60462.93 216.3 58.18
78 14416.0 14514.0 1805.02 16283.0 70366.68 156.5 79.77
79 13545.0 13738.6 1807.07 15674.0 66366.56 196.5 65.1
80 13573.0 13657.1 1804.96 15510.0 65196.62 188.8 65.98
81 12954.0 13083.0 1803.03 15153.0 60743.62 223.3 59.79
82 14144.0 14220.5 1806.94 16039.0 71486.85 165.7 74.3
83 13118.0 13187.5 1805.51 15128.0 62087.86 213.7 59.19
84 13785.0 13914.9 1805.81 15715.0 67237.33 171.5 66.6
85 13116.0 13212.9 1804.79 15035.0 63666.69 210.2 61.81
86 14626.0 14755.3 1807.27 16381.0 65964.73 153.8 78.02
87 12988.0 13058.6 1803.77 15029.0 66426.7 212.3 58.95
88 13375.0 13475.3 1806.45 15557.0 63159.29 207.5 59.69
89 13451.0 13527.1 1803.66 15339.0 63226.65 201.8 62.61
90 14055.0 14190.5 1806.37 16204.0 65203.41 182.9 66.52
91 14192.0 14337.0 1806.8 16189.0 69196.23 161.8 81.35
92 13627.0 13752.9 1807.15 15643.0 58749.68 182.3 67.59
93 13720.0 13806.1 1805.73 15713.0 63218.13 196.0 61.84
94 13945.0 14021.0 1805.48 15871.0 70092.23 177.5 68.47
95 13929.0 14044.0 1805.31 16041.0 68007.51 186.8 66.6
96 13274.0 13390.7 1804.55 15516.0 59107.59 228.9 58.74
97 13134.0 13240.8 1806.37 15212.0 66358.31 208.3 59.52
98 13524.0 13620.0 1804.21 15585.0 58651.32 206.6 57.17
99 15134.0 15233.3 1804.27 17218.0 78024.38 174.8 69.79
100 13102.0 13149.6 1803.79 15216.0 69191.12 243.0 52.8
