1 3138.0 3138.6 85.53 3650.0 11036.44 152.8 9.04
2 3370.0 3370.8 79.51 3925.0 11457.88 153.8 7.97
3 3370.0 3370.5 93.1 3914.0 12411.82 217.0 10.05
4 3370.0 3370.0 85.94 3942.0 11520.38 157.9 8.93
5 3550.0 3550.7 104.96 4173.0 12927.96 216.3 13.16
6 3179.0 3180.5 82.36 3682.0 10680.83 141.0 8.22
7 3430.0 3430.2 98.48 3996.0 12015.83 198.2 10.9
8 3479.0 3479.9 103.98 4096.0 12502.25 225.3 13.51
9 3245.0 3245.2 86.42 3808.0 11962.47 186.2 9.11
10 3439.0 3439.8 98.6 4019.0 12767.97 194.1 11.3
11 3283.0 3283.1 88.97 3775.0 11305.04 148.7 10.7
12 3392.0 3393.2 87.22 3956.0 11501.35 149.5 8.85
13 3422.0 3422.4 103.16 3994.0 13126.41 179.5 12.33
14 3362.0 3362.1 87.72 3932.0 11922.78 161.2 10.3
15 3368.0 3368.4 91.86 3936.0 11755.83 169.0 10.14
16 3585.0 3585.4 100.6 4185.0 13191.29 199.5 11.89
17 3456.0 3456.1 93.84 4034.0 12337.99 164.8 11.71
18 3502.0 3502.0 95.89 4060.0 12291.89 151.7 11.87
19 3394.0 3396.3 86.95 3906.0 12007.84 138.4 8.72
20 3376.0 3376.3 88.58 3930.0 11979.8 162.0 9.65
21 3481.0 3481.3 94.56 4081.0 12821.03 194.8 11.39
22 3581.0 3582.0 101.9 4208.0 13515.18 210.8 11.91
23 3286.0 3287.1 80.87 3834.0 10832.06 153.8 7.54
24 3352.0 3352.4 96.99 3940.0 12007.06 172.3 11.05
25 3552.0 3553.1 102.58 4132.0 13215.07 195.9 11.76
26 3367.0 3367.4 87.81 3917.0 11890.46 171.5 9.7
27 3458.0 3459.4 94.01 4029.0 12683.37 168.7 10.13
28 3391.0 3391.4 91.87 3944.0 11395.75 152.8 10.04
29 3207.0 3208.0 80.48 3748.0 10939.28 166.3 7.79
30 3138.0 3138.9 87.16 3669.0 11521.68 146.2 9.48
31 3189.0 3191.7 79.63 3713.0 10487.24 155.1 7.67
32 3466.0 3466.0 94.35 4039.0 12218.9 162.5 10.77
33 3548.0 3548.6 102.54 4123.0 13011.9 151.0 13.43
34 3377.0 3377.3 90.72 3956.0 11377.21 161.2 10.1
35 3389.0 3389.2 93.19 3952.0 11963.06 173.3 10.23
36 3389.0 3390.0 84.57 3914.0 11802.3 146.6 9.76
37 3567.0 3567.1 106.28 4145.0 12709.4 202.8 13.57
38 3521.0 3522.0 95.37 4106.0 13155.4 150.2 10.93
39 3313.0 3314.0 94.66 3886.0 12355.12 154.7 11.09
40 3173.0 3175.1 81.66 3712.0 10758.11 145.7 8.06
41 3344.0 3345.7 92.14 3886.0 12164.19 139.4 9.7
42 3386.0 3387.2 96.16 3915.0 11772.22 167.2 11.19
43 3306.0 3306.0 90.63 3898.0 12064.79 197.7 9.99
44 3496.0 3496.3 94.4 4092.0 12256.23 159.9 10.14
45 3468.0 3472.2 91.82 4007.0 12619.47 210.1 10.77
46 3285.0 3286.7 83.55 3826.0 12090.74 149.2 7.83
47 3219.0 3220.8 87.3 3693.0 11359.03 174.0 9.33
48 3478.0 3478.0 89.25 4049.0 12161.24 184.8 9.75
49 3487.0 3488.0 93.04 4073.0 12358.79 163.1 10.77
50 3464.0 3464.8 98.88 4061.0 11813.05 177.5 11.64
51 3271.0 3272.4 80.39 3805.0 11039.24 140.9 7.52
52 3227.0 3227.0 92.56 3707.0 11675.16 162.5 10.14
53 3410.0 3411.8 88.63 3972.0 11509.08 155.3 10.45
54 3263.0 3263.6 87.45 3813.0 11437.41 169.5 9.07
55 3600.0 3601.3 99.13 4240.0 12930.14 196.1 11.82
56 3580.0 3580.0 93.51 4201.0 12415.8 178.8 10.38
57 3591.0 3592.1 105.21 4162.0 12705.18 182.3 12.43
58 3518.0 3518.1 100.08 4079.0 12201.24 170.4 11.66
59 3194.0 3194.4 83.83 3754.0 11434.3 165.9 8.94
60 3295.0 3296.2 85.44 3825.0 11650.21 155.3 9.1
61 3310.0 3310.5 90.82 3853.0 11420.5 151.9 10.38
62 3510.0 3511.8 88.83 4130.0 12334.53 168.5 9.98
63 3450.0 3452.1 101.72 4015.0 13043.17 162.6 12.02
64 3373.0 3375.6 90.42 3960.0 11332.69 159.8 9.41
65 3586.0 3586.3 106.45 4199.0 13315.27 170.7 13.18
66 3515.0 3516.2 96.75 4119.0 12094.33 182.5 11.06
67 3326.0 3326.0 81.02 3874.0 11258.04 156.2 7.97
68 3234.0 3234.1 89.25 3770.0 10878.14 155.5 9.84
69 3509.0 3510.0 96.9 4134.0 12932.06 207.1 10.78
70 3414.0 3414.1 96.09 4013.0 12392.68 176.6 10.84
71 3472.0 3474.2 88.32 4050.0 11828.89 177.8 9.7
72 3517.0 3517.2 103.51 4074.0 13044.12 182.9 11.64
73 3304.0 3306.0 90.33 3875.0 11500.87 173.8 10.7
74 3178.0 3178.5 81.48 3664.0 11374.69 140.8 7.45
75 3303.0 3303.0 85.32 3819.0 12590.9 152.0 8.97
76 3511.0 3512.0 96.41 4098.0 12790.07 175.7 10.66
77 3359.0 3359.0 95.14 3920.0 12381.96 177.5 10.63
78 3338.0 3338.9 81.18 3881.0 11215.25 175.4 7.9
79 3538.0 3538.0 101.75 4156.0 13089.12 166.0 12.91
80 3430.0 3430.1 90.69 3992.0 11331.74 177.3 9.81
81 3323.0 3323.3 78.69 3860.0 10951.3 147.2 7.52
82 3367.0 3368.2 88.91 3877.0 11837.25 135.0 9.61
83 3308.0 3309.3 88.83 3865.0 12270.98 162.2 9.78
84 3431.0 3431.8 89.64 4003.0 12271.21 210.3 10.35
85 3397.0 3397.9 93.08 3945.0 11750.86 174.8 10.38
86 3450.0 3450.2 86.14 4039.0 11478.67 180.2 8.53
87 3427.0 3427.3 100.61 4015.0 11790.04 178.5 12.64
88 3276.0 3276.2 84.62 3802.0 11026.17 155.8 8.97
89 3309.0 3309.4 84.03 3822.0 10814.39 125.9 8.2
90 3719.0 3719.3 102.56 4371.0 14011.38 166.5 13.14
91 3340.0 3340.0 83.71 3888.0 11566.6 149.1 9.27
92 3444.0 3445.1 95.19 4040.0 11918.13 161.4 10.97
93 3205.0 3205.0 86.29 3713.0 12144.64 147.8 9.13
94 3344.0 3344.6 81.0 3884.0 11376.55 168.3 7.79
95 3510.0 3510.0 97.05 4125.0 12509.53 173.2 11.56
96 3378.0 3378.9 86.41 3921.0 11413.44 145.7 9.28
97 3523.0 3525.6 96.36 4130.0 12609.42 174.3 10.83
98 3185.0 3185.3 83.48 3693.0 11377.02 204.3 9.88
99 3644.0 3644.5 83.73 4244.0 12180.68 203.9 11.93
100 3395.0 3397.2 78.85 3945.0 12962.93 185.2 10.87
