1 3138.0 3138.0 94.12 3650.0 11036.44 151.8 9.06
2 3370.0 3370.0 82.28 3925.0 11457.88 162.6 7.06
3 3370.0 3370.0 98.8 3914.0 12411.82 170.4 9.74
4 3370.0 3370.0 90.02 3942.0 11520.38 178.6 9.02
5 3550.0 3550.7 112.94 4173.0 12927.96 215.0 12.95
6 3179.0 3179.0 85.4 3682.0 10680.83 144.4 8.05
7 3430.0 3430.0 102.69 3996.0 12015.83 184.8 11.26
8 3479.0 3479.0 110.7 4096.0 12502.25 220.9 12.43
9 3245.0 3245.0 89.11 3808.0 11962.47 161.6 8.42
10 3439.0 3439.0 106.13 4019.0 12767.97 190.8 11.7
11 3283.0 3283.0 94.67 3775.0 11305.04 146.0 10.17
12 3392.0 3392.0 90.47 3956.0 11501.35 153.5 8.67
13 3422.0 3422.0 109.83 3994.0 13126.41 190.9 13.29
14 3362.0 3362.0 94.61 3932.0 11922.78 156.6 9.43
15 3368.0 3368.0 98.04 3936.0 11755.83 193.7 10.26
16 3585.0 3585.0 106.81 4185.0 13191.29 183.0 12.94
17 3456.0 3456.9 101.4 4034.0 12337.99 163.7 12.04
18 3502.0 3502.1 102.39 4060.0 12291.9 159.7 11.31
19 3394.0 3394.4 90.03 3906.0 12007.84 140.8 8.91
20 3376.0 3376.0 95.09 3930.0 11979.8 171.1 10.16
21 3481.0 3481.5 99.81 4081.0 12821.03 159.8 11.97
22 3581.0 3581.0 110.48 4208.0 13515.18 191.5 12.13
23 3286.0 3286.0 83.86 3834.0 10832.06 151.7 7.54
24 3352.0 3352.1 102.96 3940.0 12007.06 171.0 11.05
25 3552.0 3552.0 112.91 4132.0 13215.07 182.5 12.27
26 3367.0 3367.0 93.57 3917.0 11890.46 144.5 9.71
27 3457.0 3457.9 98.19 4029.0 12683.37 198.5 10.4
28 3391.0 3391.0 97.08 3944.0 11395.75 157.0 9.76
29 3207.0 3207.0 83.82 3748.0 10939.28 165.7 8.35
30 3138.0 3138.7 91.84 3669.0 11521.68 151.3 9.12
31 3189.0 3189.0 84.08 3713.0 10487.24 153.6 7.95
32 3466.0 3467.2 101.66 4039.0 12218.9 158.1 11.28
33 3548.0 3548.0 109.14 4123.0 13011.9 158.3 12.52
34 3377.0 3377.0 96.66 3956.0 11377.21 188.8 10.53
35 3389.0 3389.0 97.56 3952.0 11963.06 157.8 9.86
36 3389.0 3390.3 91.64 3914.0 11802.3 151.3 10.1
37 3567.0 3567.3 114.51 4145.0 12709.4 166.5 13.64
38 3521.0 3521.3 101.13 4106.0 13155.4 150.6 10.87
39 3313.0 3313.0 100.63 3886.0 12355.11 152.1 11.47
40 3173.0 3173.2 84.2 3712.0 10758.11 145.8 7.43
41 3345.0 3346.0 97.92 3886.0 12164.19 152.7 10.4
42 3386.0 3386.0 100.89 3915.0 11772.22 167.7 11.08
43 3306.0 3307.2 97.25 3898.0 12064.79 175.3 10.26
44 3496.0 3496.6 102.8 4092.0 12256.23 165.8 9.9
45 3468.0 3470.7 94.46 4007.0 12619.47 175.8 9.36
46 3285.0 3285.4 87.6 3826.0 12090.74 148.9 8.11
47 3219.0 3219.0 91.21 3693.0 11359.03 163.5 9.26
48 3478.0 3478.0 96.07 4049.0 12161.24 188.0 10.19
49 3487.0 3487.2 98.36 4073.0 12358.79 146.2 10.38
50 3464.0 3464.0 105.04 4061.0 11813.05 166.7 11.89
51 3271.0 3271.0 84.35 3805.0 11039.24 152.0 7.98
52 3227.0 3227.1 97.15 3707.0 11675.16 152.9 10.48
53 3410.0 3410.0 92.71 3972.0 11509.08 152.8 9.93
54 3263.0 3263.0 93.17 3813.0 11437.41 174.9 9.58
55 3600.0 3600.6 106.58 4240.0 12930.14 215.0 11.79
56 3580.0 3580.2 99.16 4201.0 12415.8 181.6 11.09
57 3591.0 3591.0 109.89 4162.0 12705.18 176.8 11.96
58 3518.0 3518.0 110.1 4079.0 12201.25 176.7 12.51
59 3194.0 3194.4 86.89 3754.0 11434.3 172.8 8.44
60 3295.0 3295.0 91.73 3825.0 11650.21 159.4 8.98
61 3310.0 3310.0 95.96 3853.0 11420.5 164.6 10.36
62 3511.0 3511.0 93.79 4130.0 12334.53 166.3 9.4
63 3450.0 3450.0 106.29 4015.0 13043.17 178.4 12.45
64 3373.0 3373.0 95.57 3960.0 11332.69 164.3 9.67
65 3586.0 3586.0 114.64 4199.0 13315.27 182.4 13.29
66 3515.0 3515.0 103.3 4119.0 12094.33 169.3 11.75
67 3326.0 3327.7 84.39 3874.0 11258.04 150.7 7.96
68 3234.0 3234.9 95.29 3770.0 10878.14 164.7 10.53
69 3509.0 3509.0 102.32 4134.0 12932.06 178.5 10.25
70 3414.0 3416.0 101.94 4013.0 12392.68 175.7 10.78
71 3472.0 3472.0 95.07 4050.0 11828.89 177.2 9.77
72 3517.0 3517.2 111.09 4074.0 13044.12 177.2 12.85
73 3304.0 3304.1 95.25 3875.0 11500.87 197.1 10.07
74 3178.0 3178.0 84.96 3664.0 11374.69 134.3 7.39
75 3303.0 3303.0 89.32 3819.0 12590.9 145.1 8.93
76 3511.0 3511.0 102.35 4098.0 12790.07 179.5 11.4
77 3359.0 3359.9 103.61 3920.0 12381.96 179.7 11.36
78 3338.0 3339.1 84.0 3881.0 11215.25 143.4 7.53
79 3538.0 3538.0 110.12 4156.0 13089.12 174.2 13.03
80 3430.0 3430.0 96.35 3992.0 11331.74 149.3 9.93
81 3323.0 3323.0 82.44 3860.0 10951.3 152.9 8.3
82 3367.0 3367.0 96.73 3877.0 11837.25 146.0 10.42
83 3308.0 3308.6 92.54 3865.0 12270.98 147.3 10.05
84 3431.0 3431.4 93.99 4003.0 12271.21 175.5 9.98
85 3397.0 3397.0 98.53 3945.0 11750.86 176.0 9.79
86 3450.0 3450.1 90.48 4039.0 11478.67 184.3 10.29
87 3427.0 3427.6 107.76 4015.0 11790.04 173.1 12.17
88 3276.0 3276.0 89.43 3802.0 11026.17 155.9 9.15
89 3309.0 3309.0 89.37 3822.0 10814.39 126.1 8.56
90 3719.0 3719.0 111.98 4371.0 14011.38 187.0 12.26
91 3340.0 3340.0 87.73 3888.0 11566.6 149.8 8.28
92 3444.0 3444.5 100.13 4040.0 11918.13 162.3 10.75
93 3205.0 3205.0 89.15 3713.0 12144.64 152.0 9.36
94 3344.0 3344.0 85.16 3884.0 11376.55 140.8 8.09
95 3510.0 3510.0 105.27 4125.0 12509.53 185.4 11.7
96 3378.0 3378.4 89.73 3921.0 11413.44 155.1 8.69
97 3523.0 3523.0 102.04 4130.0 12609.42 182.5 10.88
98 3185.0 3185.3 85.79 3693.0 11377.02 168.3 9.38
99 3644.0 3644.0 88.62 4244.0 12180.68 179.3 12.62
100 3395.0 3395.0 84.91 3945.0 12962.93 182.6 11.17
