1 308.0 308.0 9.03 333.0 525.96 14.5 0.06
2 277.0 277.0 8.6 291.0 477.67 8.3 0.06
3 285.0 285.0 9.69 303.0 496.77 9.0 0.07
4 288.0 288.0 11.36 310.0 518.2 9.1 0.1
5 282.0 282.7 10.61 306.0 509.97 67.6 0.1
6 305.0 305.0 8.77 317.0 500.65 9.2 0.07
7 288.0 288.0 10.34 305.0 519.49 7.2 0.09
8 256.0 256.0 10.06 264.0 451.45 4.0 0.08
9 277.0 277.0 9.73 286.0 466.87 6.9 0.07
10 316.0 316.0 10.01 337.0 553.73 10.6 0.09
11 304.0 304.0 10.38 325.0 531.28 11.9 0.07
12 286.0 286.0 10.0 309.0 482.83 12.6 0.08
13 266.0 266.0 11.14 281.0 483.84 11.8 0.1
14 269.0 269.0 9.64 278.0 477.62 7.7 0.07
15 275.0 275.0 9.42 289.0 490.93 8.8 0.05
16 295.0 295.0 11.09 318.0 533.9 15.0 0.08
17 262.0 262.0 10.62 284.0 465.28 16.9 0.08
18 253.0 253.0 9.75 273.0 439.25 12.5 0.05
19 244.0 244.0 9.78 265.0 442.61 11.0 0.07
20 286.0 286.0 10.6 308.0 504.12 13.0 0.09
21 292.0 292.0 10.65 306.0 517.88 9.9 0.08
22 237.0 237.0 9.43 250.0 404.94 7.1 0.06
23 276.0 276.0 9.48 286.0 454.92 5.5 0.04
24 294.0 294.0 10.96 302.0 530.81 6.4 0.09
25 238.0 238.0 9.76 248.0 417.52 8.6 0.08
26 295.0 295.0 9.52 315.0 493.81 9.2 0.07
27 302.0 302.0 11.03 317.0 565.11 8.9 0.1
28 288.0 288.0 10.66 317.0 519.51 12.8 0.1
29 298.0 298.0 11.05 322.0 548.62 10.2 0.11
30 299.0 299.0 10.85 331.0 527.46 17.1 0.09
31 265.0 265.0 9.82 285.0 460.8 17.3 0.07
32 329.0 329.0 9.59 335.0 510.85 7.1 0.05
33 309.0 309.0 11.32 335.0 550.65 14.4 0.09
34 312.0 312.0 10.72 334.0 567.2 11.8 0.1
35 285.0 285.0 11.08 306.0 511.67 12.9 0.11
36 265.0 265.0 9.88 281.0 461.33 8.2 0.07
37 276.0 276.0 10.95 294.0 500.16 13.6 0.1
38 249.0 249.0 9.66 263.0 421.1 6.2 0.06
39 276.0 276.6 9.83 306.0 491.28 99.7 0.06
40 260.0 260.5 11.05 279.0 470.56 88.4 0.09
41 289.0 289.0 9.74 305.0 469.27 10.6 0.06
42 297.0 297.0 10.6 321.0 517.62 9.6 0.09
43 297.0 297.0 11.09 318.0 552.83 9.9 0.11
44 270.0 270.0 10.23 281.0 491.92 5.9 0.11
45 322.0 322.0 11.52 345.0 572.65 11.4 0.09
46 243.0 243.0 9.79 250.0 438.66 8.3 0.09
47 323.0 323.0 10.33 345.0 534.86 12.0 0.09
48 297.0 302.4 11.17 329.0 547.32 17.5 0.11
49 268.0 268.0 10.59 288.0 479.24 10.1 0.08
50 295.0 295.0 10.87 319.0 500.25 13.3 0.09
51 280.0 280.0 10.42 306.0 496.38 15.1 0.07
52 344.0 344.0 11.28 360.0 591.65 10.0 0.1
53 282.0 282.0 11.1 307.0 529.94 15.9 0.09
54 272.0 272.0 9.78 291.0 445.05 8.8 0.08
55 304.0 304.0 9.92 316.0 493.62 13.6 0.06
56 288.0 288.0 9.61 305.0 497.94 8.4 0.08
57 259.0 259.0 10.45 277.0 484.05 11.3 0.1
58 336.0 336.0 10.12 359.0 576.1 13.7 0.09
59 284.0 284.0 10.63 294.0 483.06 6.5 0.08
60 256.0 256.0 10.51 265.0 473.9 10.8 0.08
61 308.0 308.0 9.85 333.0 528.77 14.5 0.08
62 300.0 300.0 10.47 316.0 528.87 10.2 0.09
63 279.0 279.0 10.77 298.0 496.79 10.1 0.07
64 290.0 290.0 10.52 308.0 495.63 8.8 0.09
65 277.0 277.0 9.91 297.0 473.67 11.2 0.08
66 290.0 290.0 10.96 305.0 522.69 13.1 0.1
67 330.0 332.1 11.46 353.0 575.34 14.5 0.09
68 298.0 298.0 11.25 314.0 528.42 10.8 0.12
69 307.0 307.0 11.0 323.0 557.02 10.5 0.08
70 277.0 277.0 10.17 286.0 470.86 7.0 0.07
71 299.0 299.0 10.53 319.0 523.12 11.0 0.08
72 262.0 262.0 10.33 268.0 438.34 5.6 0.06
73 277.0 277.0 9.53 294.0 452.45 8.8 0.07
74 281.0 281.0 10.92 294.0 526.55 8.9 0.1
75 219.0 219.0 9.57 235.0 405.25 7.3 0.06
76 296.0 296.0 10.16 320.0 508.78 8.8 0.07
77 288.0 288.0 9.65 293.0 480.29 6.4 0.06
78 257.0 257.0 11.17 275.0 476.69 11.5 0.1
79 281.0 281.0 10.48 303.0 482.88 9.9 0.08
80 279.0 279.0 10.32 291.0 494.2 7.5 0.09
81 270.0 270.0 9.95 278.0 452.43 6.8 0.07
82 347.0 347.0 11.37 368.0 611.92 12.3 0.1
83 265.0 265.0 10.25 278.0 503.24 6.3 0.07
84 272.0 272.0 9.76 287.0 459.0 11.1 0.07
85 304.0 304.0 10.14 321.0 513.23 12.0 0.07
86 336.0 336.0 10.38 359.0 571.26 8.4 0.08
87 267.0 267.0 10.05 279.0 466.81 6.6 0.07
88 305.0 305.0 10.51 322.0 510.98 11.2 0.07
89 289.0 289.0 10.6 300.0 495.85 8.9 0.08
90 311.0 311.0 10.81 337.0 544.37 11.8 0.09
91 280.0 280.0 10.48 296.0 486.86 7.4 0.08
92 298.0 298.0 10.29 318.0 514.4 7.7 0.07
93 304.0 304.0 11.1 327.0 541.8 11.2 0.1
94 308.0 308.0 10.61 322.0 537.95 7.1 0.09
95 263.0 263.0 9.78 273.0 447.02 8.9 0.08
96 267.0 267.0 11.0 291.0 488.14 15.0 0.08
97 264.0 264.0 9.69 273.0 449.38 6.4 0.07
98 296.0 296.0 9.27 306.0 517.17 7.2 0.06
99 273.0 273.0 8.81 284.0 511.94 14.0 0.11
100 262.0 262.0 7.24 273.0 435.23 6.0 0.05
