1 308.0 308.0 8.83 333.0 525.96 14.7 0.06
2 277.0 277.0 8.28 291.0 477.67 8.5 0.05
3 285.0 285.0 9.22 303.0 496.77 8.3 0.07
4 288.0 288.0 12.02 310.0 518.2 8.9 0.09
5 282.0 282.9 10.64 306.0 509.97 12.7 0.12
6 305.0 305.0 9.04 317.0 500.65 9.7 0.07
7 288.0 288.0 10.7 305.0 519.49 7.3 0.09
8 256.0 256.0 10.16 264.0 451.45 4.1 0.06
9 277.0 277.0 9.28 286.0 466.87 6.7 0.07
10 316.0 316.0 10.09 337.0 553.73 11.5 0.09
11 304.0 304.0 10.69 325.0 531.28 11.4 0.09
12 286.0 286.0 10.47 309.0 482.83 12.8 0.1
13 266.0 266.0 11.57 281.0 483.84 12.4 0.13
14 269.0 269.0 9.83 278.0 477.62 8.2 0.09
15 275.0 275.0 9.79 289.0 490.93 8.0 0.06
16 295.0 295.0 10.95 318.0 533.9 14.5 0.11
17 262.0 262.0 10.65 284.0 465.28 16.9 0.08
18 253.0 253.0 9.97 273.0 439.25 12.5 0.08
19 244.0 244.0 9.66 265.0 442.61 13.1 0.08
20 286.0 286.0 10.81 308.0 504.12 13.2 0.11
21 292.0 292.0 10.3 306.0 517.88 9.6 0.1
22 237.0 237.0 9.26 250.0 404.94 6.4 0.08
23 276.0 276.0 9.5 286.0 454.92 6.2 0.07
24 294.0 294.0 11.17 302.0 530.81 5.9 0.1
25 238.0 238.0 9.93 248.0 417.52 7.8 0.08
26 295.0 295.0 9.51 315.0 493.81 8.5 0.07
27 302.0 302.0 11.26 317.0 565.11 8.6 0.1
28 288.0 288.0 10.95 317.0 519.51 14.5 0.1
29 298.0 298.0 10.91 322.0 548.62 10.5 0.1
30 299.0 299.0 11.19 331.0 527.46 19.4 0.09
31 265.0 265.0 9.96 285.0 460.8 16.6 0.06
32 329.0 329.0 9.58 335.0 510.85 7.1 0.07
33 309.0 309.0 11.25 335.0 550.65 14.3 0.1
34 312.0 312.0 10.89 334.0 567.2 11.1 0.12
35 285.0 285.0 11.17 306.0 511.67 14.1 0.09
36 265.0 265.0 9.77 281.0 461.33 7.9 0.08
37 276.0 276.0 10.82 294.0 500.16 15.0 0.1
38 249.0 249.0 9.79 263.0 421.1 6.5 0.05
39 277.0 277.0 9.78 306.0 491.28 10.5 0.08
40 261.0 261.0 10.99 279.0 470.56 15.8 0.09
41 289.0 289.0 9.71 305.0 469.27 11.6 0.06
42 297.0 297.0 10.75 321.0 517.62 9.6 0.1
43 297.0 297.0 11.01 318.0 552.83 11.3 0.1
44 270.0 270.0 10.01 281.0 491.92 6.1 0.06
45 322.0 322.0 11.64 345.0 572.65 12.8 0.11
46 243.0 243.0 10.17 250.0 438.66 8.3 0.07
47 323.0 323.0 10.37 345.0 534.86 12.3 0.11
48 303.0 303.0 11.41 329.0 547.32 11.1 0.09
49 268.0 268.0 10.72 288.0 479.24 13.0 0.08
50 295.0 295.0 10.78 319.0 500.25 13.1 0.07
51 280.0 280.0 10.63 306.0 496.38 15.1 0.09
52 344.0 344.0 11.31 360.0 591.65 9.7 0.1
53 282.0 282.0 11.27 307.0 529.94 14.5 0.09
54 272.0 272.0 9.79 291.0 445.05 8.7 0.06
55 304.0 304.0 10.01 316.0 493.62 12.7 0.07
56 288.0 288.0 9.76 305.0 497.94 10.1 0.06
57 259.0 259.0 10.83 277.0 484.05 9.9 0.11
58 336.0 336.0 10.26 359.0 576.1 12.7 0.11
59 284.0 284.0 10.7 294.0 483.06 6.1 0.1
60 256.0 256.0 10.69 265.0 473.9 11.6 0.08
61 308.0 308.0 10.35 333.0 528.77 13.6 0.09
62 300.0 300.0 10.58 316.0 528.87 10.8 0.09
63 279.0 279.0 10.7 298.0 496.79 11.0 0.08
64 290.0 290.0 10.6 308.0 495.63 8.8 0.1
65 270.0 276.3 10.14 297.0 473.67 29.4 0.08
66 290.0 290.0 11.11 305.0 522.69 13.3 0.11
67 328.0 331.0 11.55 353.0 575.34 29.8 0.12
68 298.0 298.0 11.14 314.0 528.42 10.9 0.11
69 307.0 307.0 11.43 323.0 557.02 10.2 0.11
70 277.0 277.0 10.12 286.0 470.86 7.4 0.08
71 298.0 298.9 10.57 319.0 523.12 36.6 0.08
72 262.0 262.0 10.12 268.0 438.34 5.1 0.09
73 277.0 277.0 9.97 294.0 452.45 10.3 0.05
74 281.0 281.0 11.42 294.0 526.54 9.3 0.11
75 219.0 219.0 9.83 235.0 405.24 7.9 0.07
76 296.0 296.0 10.26 320.0 508.78 9.3 0.09
77 288.0 288.0 10.06 293.0 480.29 5.8 0.09
78 257.0 257.0 11.04 275.0 476.69 10.9 0.12
79 281.0 281.0 10.5 303.0 482.88 9.2 0.08
80 279.0 279.0 10.17 291.0 494.2 7.8 0.08
81 270.0 270.0 9.93 278.0 452.43 7.1 0.08
82 347.0 347.0 11.51 368.0 611.92 12.1 0.11
83 265.0 265.0 10.26 278.0 503.24 7.4 0.08
84 272.0 272.0 9.28 287.0 459.0 10.3 0.08
85 304.0 304.5 10.15 321.0 513.23 13.6 0.07
86 336.0 336.0 10.53 359.0 571.26 9.1 0.07
87 267.0 267.0 9.66 279.0 466.81 7.4 0.06
88 305.0 305.0 9.82 322.0 510.98 10.2 0.08
89 289.0 289.0 10.69 300.0 495.85 8.1 0.08
90 311.0 311.0 10.7 337.0 544.37 12.4 0.1
91 280.0 280.0 10.05 296.0 486.86 7.7 0.09
92 298.0 298.0 9.8 318.0 514.4 9.4 0.07
93 304.0 304.0 11.2 327.0 541.8 9.1 0.09
94 308.0 308.0 10.63 322.0 537.95 7.3 0.09
95 263.0 263.0 9.37 273.0 447.03 8.9 0.06
96 267.0 267.0 10.72 291.0 488.14 14.2 0.09
97 264.0 264.0 9.75 273.0 449.38 6.7 0.09
98 296.0 296.0 9.09 306.0 517.17 7.2 0.08
99 273.0 273.0 8.12 284.0 511.94 14.9 0.08
100 262.0 262.0 6.95 273.0 435.23 5.6 0.05
