1 308.0 308.0 9.21 333.0 525.96 17.5 0.06
2 277.0 277.0 8.97 291.0 477.67 9.9 0.06
3 285.0 285.0 10.96 303.0 496.77 9.2 0.06
4 288.0 288.0 11.6 310.0 518.2 10.3 0.1
5 282.0 282.9 11.11 306.0 509.97 40.2 0.09
6 305.0 305.0 9.13 317.0 500.65 11.3 0.07
7 288.0 288.0 11.58 305.0 519.49 8.5 0.08
8 256.0 256.0 10.34 264.0 451.45 5.4 0.07
9 277.0 277.0 9.77 286.0 466.87 7.6 0.08
10 316.0 316.0 10.82 337.0 553.73 12.9 0.09
11 304.0 304.0 10.99 325.0 531.28 14.5 0.1
12 286.0 286.0 10.88 309.0 482.83 19.0 0.09
13 266.0 266.0 11.96 281.0 483.84 13.6 0.12
14 269.0 269.0 10.07 278.0 477.62 9.0 0.12
15 275.0 275.0 10.1 289.0 490.93 10.3 0.08
16 295.0 295.0 11.56 318.0 533.9 17.9 0.11
17 262.0 262.0 11.26 284.0 465.28 21.9 0.09
18 253.0 253.0 10.24 273.0 439.25 12.9 0.08
19 244.0 244.0 9.95 265.0 442.61 14.5 0.1
20 286.0 286.0 11.48 308.0 504.12 15.1 0.1
21 292.0 292.0 10.87 306.0 517.88 11.4 0.09
22 237.0 237.0 9.83 250.0 404.94 8.6 0.06
23 276.0 276.0 10.0 286.0 454.92 6.5 0.07
24 294.0 294.0 11.85 302.0 530.81 7.5 0.12
25 238.0 238.0 10.32 248.0 417.52 9.4 0.08
26 295.0 295.0 9.97 315.0 493.81 11.0 0.06
27 302.0 302.0 12.12 317.0 565.11 10.2 0.11
28 288.0 288.0 11.47 317.0 519.51 16.5 0.11
29 298.0 298.0 11.8 322.0 548.62 11.8 0.1
30 299.0 299.0 11.93 331.0 527.46 20.8 0.1
31 265.0 265.0 10.36 285.0 460.8 21.9 0.07
32 329.0 329.0 10.16 335.0 510.85 8.1 0.06
33 309.0 309.0 11.83 335.0 550.65 19.2 0.1
34 312.0 312.0 11.71 334.0 567.2 13.5 0.12
35 285.0 285.0 11.96 306.0 511.67 18.3 0.09
36 265.0 265.0 10.13 281.0 461.33 9.4 0.08
37 276.0 276.0 11.58 294.0 500.16 17.2 0.09
38 249.0 249.0 9.75 263.0 421.1 7.9 0.05
39 277.0 277.0 10.38 306.0 491.28 12.9 0.07
40 261.0 261.0 11.71 279.0 470.56 19.7 0.1
41 289.0 289.0 9.99 305.0 469.27 12.3 0.07
42 297.0 297.0 11.28 321.0 517.62 11.1 0.1
43 297.0 297.0 11.83 318.0 552.83 13.6 0.11
44 270.0 270.0 10.52 281.0 491.92 7.5 0.09
45 322.0 322.0 12.19 345.0 572.65 14.2 0.12
46 243.0 243.0 10.27 250.0 438.66 10.1 0.07
47 323.0 323.0 10.85 345.0 534.86 14.7 0.09
48 303.0 303.0 12.05 329.0 547.32 13.6 0.1
49 268.0 268.0 11.36 288.0 479.24 13.0 0.09
50 295.0 295.0 11.54 319.0 500.25 16.0 0.07
51 280.0 280.0 11.05 306.0 496.38 18.5 0.11
52 344.0 344.0 11.68 360.0 591.65 11.6 0.09
53 282.0 282.0 12.22 307.0 529.94 17.4 0.1
54 272.0 272.0 9.98 291.0 445.05 10.6 0.07
55 304.0 304.0 10.24 316.0 493.62 16.2 0.08
56 288.0 288.0 10.04 305.0 497.94 11.9 0.06
57 259.0 259.0 11.4 277.0 484.05 13.0 0.11
58 336.0 336.0 10.76 359.0 576.1 14.7 0.09
59 284.0 284.0 11.7 294.0 483.06 7.9 0.13
60 256.0 256.0 11.33 265.0 473.9 14.8 0.08
61 308.0 308.0 11.14 333.0 528.77 16.9 0.08
62 300.0 300.0 11.53 316.0 528.87 14.8 0.1
63 279.0 279.0 11.42 298.0 496.79 11.3 0.08
64 290.0 290.0 11.27 308.0 495.63 9.9 0.1
65 277.0 277.0 10.67 297.0 473.67 13.9 0.08
66 290.0 290.0 11.75 305.0 522.69 16.0 0.1
67 325.0 330.6 12.02 353.0 575.34 69.3 0.1
68 298.0 298.0 11.89 314.0 528.42 15.5 0.09
69 307.0 307.0 11.98 323.0 557.01 13.5 0.1
70 277.0 277.0 10.64 286.0 470.86 9.4 0.07
71 298.0 298.9 11.04 319.0 523.12 56.8 0.08
72 257.0 261.5 10.45 268.0 438.34 40.6 0.07
73 277.0 277.0 10.04 294.0 452.45 10.0 0.06
74 274.0 280.3 12.01 294.0 526.54 15.4 0.1
75 219.0 219.0 10.06 235.0 405.25 9.4 0.06
76 296.0 296.0 10.43 320.0 508.78 11.1 0.07
77 288.0 288.0 10.27 293.0 480.29 7.5 0.09
78 257.0 257.0 11.84 275.0 476.69 14.1 0.11
79 281.0 281.0 11.26 303.0 482.88 13.4 0.09
80 279.0 279.0 10.17 291.0 494.2 10.6 0.08
81 270.0 270.0 10.14 278.0 452.43 7.5 0.09
82 347.0 347.0 12.21 368.0 611.92 16.2 0.12
83 265.0 265.0 10.68 278.0 503.24 9.5 0.12
84 272.0 272.0 9.35 287.0 459.0 13.6 0.07
85 304.0 304.0 10.36 321.0 513.23 15.3 0.08
86 336.0 336.0 10.81 359.0 571.26 9.2 0.09
87 267.0 267.0 9.96 279.0 466.81 8.1 0.06
88 305.0 305.0 10.41 322.0 510.98 13.1 0.08
89 289.0 289.0 11.08 300.0 495.85 10.4 0.09
90 311.0 311.0 11.43 337.0 544.37 15.6 0.09
91 280.0 280.0 10.49 296.0 486.86 8.6 0.09
92 298.0 298.0 10.1 318.0 514.4 10.6 0.07
93 304.0 304.0 11.66 327.0 541.8 9.8 0.08
94 308.0 308.0 11.25 322.0 537.95 9.1 0.1
95 263.0 263.0 9.93 273.0 447.02 11.7 0.07
96 267.0 267.0 11.37 291.0 488.14 16.2 0.12
97 264.0 264.0 9.96 273.0 449.38 8.1 0.1
98 296.0 296.0 9.53 306.0 517.17 8.9 0.07
99 273.0 273.0 8.7 284.0 511.94 17.2 0.1
100 262.0 262.0 6.95 273.0 435.23 6.3 0.05
