1 308.0 308.0 13.95 333.0 525.96 13.7 0.06
2 277.0 277.0 14.18 291.0 477.67 8.1 0.05
3 285.0 285.0 16.22 303.0 496.77 8.8 0.07
4 288.0 288.0 18.01 310.0 518.2 8.6 0.09
5 283.0 283.0 18.17 306.0 509.97 9.0 0.11
6 305.0 305.0 14.05 317.0 500.65 8.5 0.08
7 288.0 288.0 17.44 305.0 519.49 8.1 0.11
8 256.0 256.0 15.79 264.0 451.45 3.8 0.08
9 277.0 277.0 14.69 286.0 466.87 6.4 0.07
10 316.0 316.0 16.34 337.0 553.73 10.9 0.09
11 304.0 304.0 16.92 325.0 531.28 11.0 0.09
12 286.0 286.0 16.5 309.0 482.83 11.8 0.1
13 266.0 266.0 18.85 281.0 483.84 11.1 0.12
14 269.0 269.0 14.75 278.0 477.62 7.6 0.08
15 275.0 275.0 14.94 289.0 490.93 7.6 0.08
16 295.0 295.0 16.97 318.0 533.9 13.5 0.11
17 262.0 262.0 16.37 284.0 465.28 13.9 0.09
18 253.0 253.0 14.66 273.0 439.25 10.4 0.08
19 244.0 244.0 14.98 265.0 442.61 10.1 0.07
20 286.0 286.0 16.74 308.0 504.12 12.8 0.08
21 292.0 292.0 15.66 306.0 517.88 9.3 0.09
22 237.0 237.0 14.3 250.0 404.94 6.7 0.07
23 276.0 276.0 14.21 286.0 454.92 5.8 0.06
24 294.0 294.0 17.76 302.0 530.81 6.1 0.09
25 238.0 238.0 14.35 248.0 417.52 8.3 0.08
26 295.0 295.0 14.25 315.0 493.81 9.0 0.07
27 302.0 302.0 18.41 317.0 565.11 8.5 0.09
28 281.0 287.3 17.24 317.0 519.51 17.9 0.12
29 298.0 298.0 17.15 322.0 548.62 9.7 0.09
30 299.0 299.0 17.64 331.0 527.46 17.4 0.1
31 265.0 265.0 15.62 285.0 460.8 15.4 0.08
32 329.0 329.0 14.37 335.0 510.85 6.8 0.06
33 309.0 309.0 18.2 335.0 550.65 13.5 0.11
34 312.0 312.0 17.81 334.0 567.2 10.2 0.1
35 285.0 285.0 18.42 306.0 511.67 13.0 0.1
36 265.0 265.0 14.45 281.0 461.33 7.5 0.08
37 276.0 276.0 17.54 294.0 500.16 13.3 0.09
38 249.0 249.0 14.16 263.0 421.1 6.2 0.06
39 277.0 277.0 14.78 306.0 491.28 10.0 0.08
40 261.0 261.0 17.63 279.0 470.56 16.5 0.1
41 289.0 289.0 14.21 305.0 469.27 10.3 0.07
42 297.0 297.0 16.02 321.0 517.62 8.5 0.08
43 297.0 297.0 17.72 318.0 552.83 9.3 0.09
44 270.0 270.0 15.87 281.0 491.92 4.9 0.11
45 322.0 322.0 18.67 345.0 572.65 10.9 0.11
46 243.0 243.0 14.69 250.0 438.66 7.5 0.08
47 323.0 323.0 15.79 345.0 534.86 11.2 0.11
48 303.0 303.0 17.96 329.0 547.32 11.1 0.12
49 268.0 268.0 16.93 288.0 479.24 9.8 0.07
50 295.0 295.0 16.54 319.0 500.25 11.9 0.1
51 280.0 280.0 16.18 306.0 496.38 14.5 0.1
52 344.0 344.0 18.28 360.0 591.65 8.2 0.12
53 282.0 282.0 18.16 307.0 529.94 14.2 0.08
54 272.0 272.0 13.91 291.0 445.05 8.5 0.05
55 304.0 304.0 14.26 316.0 493.62 12.7 0.08
56 288.0 288.0 14.23 305.0 497.94 7.8 0.07
57 259.0 259.0 16.7 277.0 484.05 10.5 0.09
58 336.0 336.0 15.12 359.0 576.1 11.2 0.07
59 284.0 284.0 17.2 294.0 483.06 5.9 0.09
60 256.0 256.0 16.72 265.0 473.9 10.7 0.08
61 308.0 308.0 16.0 333.0 528.77 13.1 0.09
62 300.0 300.0 16.82 316.0 528.87 10.1 0.09
63 279.0 279.0 16.83 298.0 496.79 10.1 0.09
64 290.0 290.0 16.25 308.0 495.63 8.3 0.08
65 277.0 277.0 14.99 297.0 473.67 10.1 0.08
66 290.0 290.0 17.64 305.0 522.69 12.4 0.08
67 325.0 326.6 18.27 353.0 575.34 52.9 0.11
68 298.0 298.0 18.04 314.0 528.42 11.7 0.1
69 307.0 307.0 18.06 323.0 557.02 10.9 0.11
70 273.0 276.6 15.45 286.0 470.86 8.8 0.08
71 299.0 299.0 16.37 319.0 523.12 9.7 0.08
72 262.0 262.0 15.03 268.0 438.34 4.6 0.08
73 277.0 277.0 14.4 294.0 452.45 10.3 0.06
74 271.0 280.0 18.12 294.0 526.54 10.4 0.12
75 219.0 219.0 13.85 235.0 405.25 8.0 0.07
76 296.0 296.0 15.39 320.0 508.78 8.8 0.08
77 288.0 288.0 14.86 293.0 480.29 5.1 0.08
78 257.0 257.0 18.17 275.0 476.69 10.5 0.11
79 281.0 281.0 16.16 303.0 482.88 9.3 0.11
80 279.0 279.0 15.2 291.0 494.2 8.2 0.08
81 270.0 270.0 14.6 278.0 452.43 6.0 0.07
82 347.0 347.0 18.32 368.0 611.92 12.5 0.13
83 265.0 265.0 16.56 278.0 503.24 6.8 0.09
84 272.0 272.0 14.05 287.0 459.0 10.1 0.08
85 304.0 304.0 14.78 321.0 513.23 12.9 0.09
86 336.0 336.0 16.54 359.0 571.26 7.4 0.09
87 267.0 267.0 15.22 279.0 466.81 6.3 0.09
88 305.0 305.0 15.2 322.0 510.98 10.0 0.09
89 289.0 289.0 15.6 300.0 495.85 8.2 0.1
90 311.0 311.0 17.31 337.0 544.37 11.2 0.13
91 280.0 280.0 15.96 296.0 486.86 7.4 0.11
92 298.0 298.0 14.97 318.0 514.4 8.4 0.07
93 304.0 304.0 17.49 327.0 541.8 9.5 0.1
94 308.0 308.0 16.83 322.0 537.94 7.0 0.1
95 263.0 263.0 14.88 273.0 447.02 7.3 0.09
96 267.0 267.0 17.45 291.0 488.14 13.3 0.1
97 264.0 264.0 14.12 273.0 449.38 6.3 0.08
98 296.0 296.0 14.04 306.0 517.17 6.6 0.06
99 273.0 273.0 13.7 284.0 511.94 12.6 0.11
100 262.0 262.0 10.44 273.0 435.23 5.6 0.07
