1 13460.0 13472.2 400.24 15963.0 71426.46 597.1 73.49 809.9
2 13988.0 14002.2 400.22 16565.0 72333.39 647.0 77.91 795.9
3 12874.0 12881.1 400.19 15098.0 62636.83 619.7 60.69 923.5
4 13194.0 13205.5 400.18 15602.0 63276.78 649.1 66.4 900.0
5 13419.0 13430.7 400.27 15967.0 70113.71 620.2 73.87 819.9
6 13753.0 13762.1 400.24 16296.0 69342.66 631.0 76.7 790.3
7 13255.0 13262.1 400.22 15615.0 67778.6 642.9 73.45 836.2
8 13320.0 13332.0 400.24 15850.0 65418.46 658.1 62.63 902.9
9 13571.0 13580.6 400.19 16010.0 70902.83 630.9 73.94 821.3
10 13241.0 13251.6 400.18 15678.0 66461.55 589.6 67.84 882.6
11 12744.0 12755.7 400.18 15132.0 60469.99 611.8 61.23 957.6
12 13125.0 13133.0 400.26 15559.0 68761.57 629.3 75.33 826.2
13 12749.0 12762.4 400.21 14997.0 58572.39 564.4 59.9 964.1
14 13505.0 13524.2 400.24 16144.0 64448.57 654.0 80.69 787.9
15 13178.0 13187.7 400.18 15709.0 62989.83 596.2 62.87 931.9
16 12903.0 12915.9 400.26 15256.0 58930.1 510.5 57.7 976.8
17 12864.0 12875.5 400.17 15279.0 64236.94 583.2 57.47 1006.7
18 13288.0 13297.0 400.19 15809.0 63247.99 625.6 65.96 880.8
19 13566.0 13582.6 400.19 16164.0 69513.87 691.1 77.3 786.9
20 13628.0 13638.7 400.23 16220.0 68472.55 656.9 79.55 792.5
21 13042.0 13055.8 400.28 15440.0 65174.01 587.7 67.26 886.0
22 13494.0 13512.4 400.21 16086.0 65860.26 645.0 68.99 898.1
23 12924.0 12932.4 400.26 15396.0 63870.14 579.8 63.38 923.8
24 13588.0 13599.7 400.23 16185.0 62228.46 641.0 70.78 857.7
25 13794.0 13810.7 400.25 16380.0 68551.23 654.1 75.85 804.9
26 13673.0 13687.9 400.25 16157.0 72021.65 554.3 77.38 795.1
27 12846.0 12859.9 400.19 15260.0 58924.72 592.0 56.09 996.3
28 13210.0 13222.8 400.19 15643.0 64958.87 635.8 60.6 945.6
29 13013.0 13023.3 400.2 15437.0 64689.09 590.5 61.48 937.1
30 13166.0 13174.5 400.18 15672.0 65602.34 691.9 65.77 942.3
31 13261.0 13274.4 400.29 15658.0 64961.08 554.4 67.08 896.5
32 13287.0 13304.5 400.26 15734.0 64343.08 595.8 71.65 846.5
33 13327.0 13343.2 400.22 15767.0 67577.86 599.7 72.5 824.6
34 13846.0 13854.1 400.16 16398.0 67396.95 655.6 81.01 782.5
35 12368.0 12380.9 400.25 14654.0 64983.82 589.3 56.78 993.6
36 13431.0 13442.2 400.21 15965.0 64596.62 589.5 69.09 877.1
37 13263.0 13276.4 400.23 15652.0 65889.03 625.5 72.52 847.0
38 13218.0 13229.3 400.17 15690.0 70450.04 630.6 78.44 798.6
39 13747.0 13770.6 400.26 16338.0 72043.88 651.6 82.8 772.3
40 13488.0 13508.1 400.24 16021.0 73584.88 616.8 80.0 813.5
41 13081.0 13091.4 400.22 15597.0 67726.79 640.1 69.62 846.3
42 13482.0 13494.4 400.19 16068.0 69658.76 652.4 74.49 840.0
43 13250.0 13269.2 400.13 15813.0 64141.67 568.6 61.27 946.2
44 12510.0 12523.6 400.23 14926.0 59720.94 632.4 58.08 967.2
45 12826.0 12842.8 400.25 15088.0 60350.19 593.7 63.5 982.2
46 13376.0 13395.9 400.23 15976.0 66580.85 636.5 76.14 826.6
47 14166.0 14182.0 400.24 16837.0 74355.33 656.3 76.72 792.6
48 13660.0 13669.6 400.27 16279.0 73690.92 657.4 83.47 797.4
49 13813.0 13833.4 400.28 16435.0 67052.57 631.0 82.48 778.7
50 13468.0 13486.0 400.21 16027.0 75693.84 682.9 76.46 799.9
51 13665.0 13672.7 400.22 16190.0 70508.19 579.3 79.0 786.8
52 13441.0 13452.3 400.3 15968.0 69018.92 626.0 76.11 807.9
53 13504.0 13514.8 400.3 16030.0 69150.01 630.7 75.91 814.0
54 13352.0 13363.1 400.19 15936.0 63686.54 627.0 69.75 860.9
55 13306.0 13310.1 400.19 15726.0 63858.82 591.4 70.68 838.7
56 13341.0 13356.6 400.2 15920.0 68327.38 637.6 67.0 890.6
57 13391.0 13417.8 400.27 15893.0 63249.67 557.7 66.21 867.1
58 13885.0 13896.8 400.19 16544.0 73448.96 597.4 77.9 814.2
59 13181.0 13187.5 400.12 15668.0 64758.1 609.4 62.26 933.7
60 13281.0 13292.0 400.17 15763.0 67626.48 609.5 67.86 870.4
61 13135.0 13150.3 400.2 15565.0 64395.81 534.0 63.64 929.9
62 13159.0 13173.2 400.25 15681.0 61898.52 637.3 56.62 977.6
63 13458.0 13466.6 400.25 15881.0 69824.21 594.4 77.21 791.9
64 12763.0 12771.7 400.27 15132.0 59135.1 584.8 60.88 990.9
65 13258.0 13271.7 400.25 15762.0 61253.86 568.7 71.64 852.0
66 13936.0 13950.9 400.34 16601.0 76510.15 644.2 75.43 797.6
67 13218.0 13228.2 400.25 15662.0 69209.95 607.7 70.54 872.7
68 12963.0 12975.4 400.25 15292.0 67423.23 572.2 66.16 956.1
69 13259.0 13265.6 400.28 15776.0 68086.64 699.2 68.55 856.1
70 13269.0 13281.9 400.2 15773.0 69183.09 564.1 77.98 818.4
71 13075.0 13091.2 400.2 15487.0 66456.5 582.7 60.34 945.9
72 13383.0 13396.3 400.2 15916.0 68318.76 658.3 72.74 841.8
73 13679.0 13690.8 400.25 16348.0 67900.73 613.9 69.06 865.6
74 13732.0 13742.3 400.29 16338.0 73163.24 647.7 71.88 838.0
75 13204.0 13213.8 400.34 15611.0 62242.07 574.0 68.29 861.1
76 13529.0 13541.4 400.22 16125.0 70941.27 607.8 82.07 792.7
77 12868.0 12879.2 400.19 15254.0 60462.93 572.9 60.14 974.3
78 13706.0 13723.1 400.23 16283.0 70366.68 666.0 82.29 777.9
79 13210.0 13223.2 400.2 15674.0 66366.56 614.3 68.42 872.7
80 13186.0 13200.4 400.17 15510.0 65196.62 576.7 66.39 888.8
81 12686.0 12701.8 400.17 15153.0 60743.62 590.0 61.47 973.7
82 13495.0 13510.0 400.17 16039.0 71486.85 592.8 77.27 808.0
83 12755.0 12767.3 400.2 15128.0 62087.86 618.5 56.4 962.6
84 13278.0 13290.6 400.21 15715.0 67237.33 551.2 69.69 853.7
85 12740.0 12754.4 400.14 15035.0 63666.7 593.9 63.66 950.0
86 13943.0 13953.8 400.29 16381.0 65964.73 612.7 82.44 784.9
87 12671.0 12682.4 400.17 15029.0 66426.7 601.8 59.38 963.0
88 13066.0 13072.7 400.21 15557.0 63159.29 540.8 59.93 955.6
89 12988.0 13001.3 400.18 15339.0 63226.65 639.2 62.7 932.4
90 13594.0 13602.4 400.23 16204.0 65203.41 580.4 68.88 858.8
91 13628.0 13640.9 400.34 16189.0 69196.23 626.8 76.73 805.5
92 13172.0 13189.5 400.15 15643.0 58749.68 546.7 70.68 865.5
93 13288.0 13299.2 400.19 15713.0 63218.13 645.4 61.24 932.2
94 13321.0 13329.8 400.21 15871.0 70092.23 650.6 71.1 841.7
95 13451.0 13466.0 400.25 16041.0 68007.51 628.6 66.24 894.3
96 13069.0 13085.5 400.2 15516.0 59107.59 589.2 60.98 978.1
97 12795.0 12804.7 400.14 15212.0 66358.31 636.7 61.07 963.3
98 13149.0 13155.3 400.1 15585.0 58651.32 579.9 56.47 1007.7
99 14453.0 14462.9 400.15 17218.0 78024.38 646.7 70.1 894.9
100 12800.0 12812.7 400.16 15216.0 69191.12 728.1 53.25 1087.2
