1 15663.0 15732.1 420.38 15963.0 71426.46 8.2 73.87 8.3
2 16226.0 16318.6 427.54 16565.0 72333.38 10.0 75.73 10.1
3 14850.0 14956.3 417.31 15098.0 62636.83 9.8 61.48 9.9
4 15342.0 15371.3 415.86 15602.0 63276.78 9.5 66.18 9.9
5 15631.0 15724.9 420.29 15967.0 70113.71 8.5 73.33 8.9
6 16007.0 16109.3 426.52 16296.0 69342.66 7.9 76.53 8.1
7 15251.0 15485.0 418.2 15615.0 67778.6 8.1 73.79 8.7
8 15427.0 15531.9 419.07 15850.0 65418.46 9.5 60.55 9.8
9 15830.0 15935.9 418.27 16010.0 70902.83 8.4 71.98 8.5
10 15217.0 15380.6 419.47 15678.0 66461.55 9.9 64.66 10.3
11 14570.0 14773.7 418.61 15132.0 60470.0 11.0 59.63 11.3
12 15221.0 15340.4 415.8 15559.0 68761.57 8.5 74.84 8.7
13 14636.0 14774.8 415.98 14997.0 58572.39 11.3 57.85 11.5
14 15790.0 15858.7 427.45 16144.0 64448.57 7.5 81.92 7.8
15 15373.0 15428.7 420.57 15709.0 62989.83 10.5 60.49 10.8
16 14781.0 14947.2 413.78 15256.0 58930.1 11.1 59.41 11.5
17 14864.0 14953.3 413.39 15279.0 64236.94 11.2 58.95 11.7
18 15457.0 15536.8 426.86 15809.0 63247.99 9.3 66.04 9.5
19 15854.0 15919.7 426.63 16164.0 69513.87 7.8 77.31 7.8
20 15823.0 15960.9 424.9 16220.0 68472.55 7.8 73.87 8.3
21 15087.0 15173.7 416.05 15440.0 65174.01 9.2 72.72 9.3
22 15657.0 15806.6 415.09 16086.0 65860.26 9.0 68.25 9.5
23 14938.0 15010.1 413.07 15396.0 63870.14 10.0 61.05 10.3
24 15890.0 15952.0 420.31 16185.0 62228.46 8.5 73.07 8.9
25 16113.0 16181.2 419.18 16380.0 68551.23 7.8 78.5 8.1
26 15843.0 15965.6 421.75 16157.0 72021.65 7.6 74.49 8.1
27 14892.0 14957.1 412.22 15260.0 58924.72 10.6 57.39 11.0
28 15344.0 15407.0 417.59 15643.0 64958.87 10.1 60.16 10.4
29 14998.0 15124.5 410.16 15437.0 64689.09 9.6 60.06 10.2
30 15165.0 15292.3 420.57 15672.0 65602.34 11.0 64.68 11.1
31 15345.0 15389.9 416.2 15658.0 64961.08 10.2 66.17 10.3
32 15394.0 15465.6 420.26 15734.0 64343.08 8.7 70.87 9.0
33 15325.0 15547.4 423.37 15767.0 67577.86 8.4 75.33 8.8
34 16138.0 16289.7 424.05 16398.0 67396.95 7.6 83.36 7.8
35 14330.0 14380.6 419.8 14654.0 64983.82 11.7 56.98 12.1
36 15469.0 15601.2 417.18 15965.0 64596.62 9.8 68.49 9.9
37 15281.0 15449.1 421.17 15652.0 65889.03 8.7 73.53 8.7
38 15329.0 15473.0 417.89 15690.0 70450.04 7.0 79.4 7.7
39 15987.0 16068.8 413.99 16338.0 72043.88 7.4 81.75 7.8
40 15692.0 15758.5 416.85 16021.0 73584.88 8.3 80.58 8.3
41 15160.0 15263.7 414.59 15597.0 67726.79 8.6 70.8 8.7
42 15745.0 15786.1 427.25 16068.0 69658.76 8.6 73.76 8.8
43 15273.0 15446.3 422.41 15813.0 64141.66 10.4 61.11 10.6
44 14465.0 14580.0 414.27 14926.0 59720.94 10.8 60.31 11.1
45 14710.0 14834.9 424.78 15088.0 60350.19 11.3 60.16 11.6
46 15424.0 15640.0 421.82 15976.0 66580.85 8.2 80.09 8.4
47 16597.0 16658.7 425.71 16837.0 74355.33 7.9 76.3 8.2
48 15962.0 16069.3 424.8 16279.0 73690.92 7.2 84.17 8.0
49 16037.0 16197.2 425.81 16435.0 67052.57 7.4 80.95 7.9
50 15628.0 15741.0 426.66 16027.0 75693.84 8.4 74.99 8.5
51 15849.0 15892.8 429.24 16190.0 70508.19 7.6 83.42 8.0
52 15585.0 15703.1 425.54 15968.0 69018.92 7.7 75.85 8.3
53 15567.0 15776.1 418.51 16030.0 69150.01 8.1 76.93 8.2
54 15524.0 15624.2 418.8 15936.0 63686.54 8.5 69.1 8.9
55 15351.0 15532.1 426.11 15726.0 63858.82 9.1 70.5 9.2
56 15486.0 15597.3 415.48 15920.0 68327.38 9.4 67.44 9.5
57 15509.0 15601.1 420.42 15893.0 63249.67 9.3 64.56 9.5
58 16101.0 16249.2 418.41 16544.0 73448.96 7.7 76.93 7.9
59 15324.0 15363.8 417.05 15668.0 64758.1 10.2 62.73 10.5
60 15361.0 15494.0 419.62 15763.0 67626.48 9.3 66.53 9.6
61 15204.0 15257.9 415.56 15565.0 64395.81 9.8 61.77 10.2
62 15203.0 15346.4 414.92 15681.0 61898.52 10.3 60.06 10.4
63 15536.0 15698.2 421.44 15881.0 69824.21 8.0 75.43 8.4
64 14647.0 14732.7 416.81 15132.0 59135.1 10.8 60.62 11.3
65 15252.0 15421.0 420.38 15762.0 61253.86 8.6 72.33 9.2
66 16281.0 16358.6 419.99 16601.0 76510.15 7.8 76.04 8.1
67 15353.0 15423.0 419.88 15662.0 69209.95 8.9 69.55 9.2
68 14751.0 14996.7 418.05 15292.0 67423.23 10.6 65.54 11.1
69 15336.0 15476.8 421.83 15776.0 68086.64 9.2 67.58 9.4
70 15365.0 15495.0 418.5 15773.0 69183.09 7.8 78.2 8.3
71 15033.0 15171.8 414.68 15487.0 66456.5 9.5 60.47 9.9
72 15572.0 15676.7 422.85 15916.0 68318.76 8.6 74.56 8.7
73 15926.0 16031.8 422.35 16348.0 67900.73 9.3 70.09 9.7
74 16012.0 16032.6 416.21 16338.0 73163.24 8.5 72.15 8.7
75 15314.0 15392.7 421.8 15611.0 62242.07 8.7 71.41 9.3
76 15744.0 15849.9 423.54 16125.0 70941.27 8.3 82.4 8.3
77 14860.0 14950.6 414.02 15254.0 60462.93 10.9 59.12 11.3
78 15948.0 16052.7 421.15 16283.0 70366.68 7.7 80.86 7.8
79 15326.0 15416.6 415.94 15674.0 66366.56 9.8 67.22 9.9
80 15226.0 15308.9 419.92 15510.0 65196.62 9.3 67.62 9.6
81 14670.0 14756.2 420.78 15153.0 60743.62 11.5 62.18 11.6
82 15670.0 15757.6 418.83 16039.0 71486.85 7.9 78.35 8.1
83 14705.0 14809.2 423.94 15128.0 62087.86 11.0 58.5 11.1
84 15391.0 15520.7 425.45 15715.0 67237.33 8.8 70.31 9.0
85 14725.0 14852.6 418.14 15035.0 63666.7 10.2 62.98 10.8
86 16143.0 16242.7 427.89 16381.0 65964.73 7.8 81.66 7.8
87 14695.0 14763.2 419.25 15029.0 66426.7 11.0 59.48 11.3
88 15061.0 15182.0 423.07 15557.0 63159.29 10.6 59.55 10.9
89 14978.0 15140.0 415.88 15339.0 63226.65 10.0 62.62 10.2
90 15774.0 15894.1 424.49 16204.0 65203.41 8.9 68.8 9.5
91 15819.0 15908.2 422.37 16189.0 69196.23 7.9 77.34 8.3
92 15275.0 15355.5 413.42 15643.0 58749.68 9.0 70.51 9.1
93 15402.0 15499.0 419.64 15713.0 63218.13 9.9 63.12 10.2
94 15533.0 15663.6 421.4 15871.0 70092.23 8.7 71.06 9.1
95 15705.0 15769.6 414.56 16041.0 68007.51 9.1 67.29 9.4
96 15042.0 15145.8 415.97 15516.0 59107.59 11.4 59.78 11.5
97 14798.0 14878.2 413.6 15212.0 66358.31 10.4 61.52 10.6
98 15155.0 15299.2 411.06 15585.0 58651.32 10.5 60.68 10.7
99 16744.0 16935.6 420.9 17218.0 78024.38 8.5 73.81 8.9
100 14852.0 14922.2 410.96 15216.0 69191.12 12.7 56.51 13.1
