1 13464.0 13546.3 400.13 15963.0 71426.46 1022.4 77.3 1029.7
2 13989.0 14049.1 400.21 16565.0 72333.39 1036.1 78.79 1040.2
3 12876.0 12897.5 400.15 15098.0 62636.83 957.0 64.5 1167.6
4 13194.0 13219.1 400.1 15602.0 63276.78 1061.9 66.53 1164.2
5 13421.0 13448.4 400.28 15967.0 70113.71 1027.5 78.1 1044.8
6 13765.0 13821.0 400.27 16296.0 69342.66 1011.9 78.65 1017.4
7 13275.0 13292.4 400.15 15615.0 67778.61 1062.4 72.19 1082.7
8 13336.0 13354.7 400.21 15850.0 65418.46 1059.2 61.26 1186.5
9 13594.0 13638.4 400.21 16010.0 70902.83 1061.6 75.15 1083.6
10 13249.0 13264.5 400.13 15678.0 66461.55 984.4 66.31 1196.1
11 12741.0 12763.8 400.12 15132.0 60469.99 957.4 63.12 1253.4
12 13130.0 13183.6 400.17 15559.0 68761.57 1027.3 76.84 1051.2
13 12749.0 12769.2 400.12 14997.0 58572.39 1014.5 59.29 1249.6
14 13570.0 13660.1 400.18 16144.0 64448.57 986.9 82.96 988.1
15 13186.0 13200.0 400.2 15709.0 62989.83 1064.9 62.32 1182.5
16 12904.0 12927.3 400.17 15256.0 58930.1 912.6 62.47 1325.3
17 12862.0 12877.6 400.11 15279.0 64236.94 1029.5 60.47 1284.6
18 13289.0 13339.8 400.11 15809.0 63247.99 1081.1 66.88 1114.7
19 13623.0 13701.2 400.17 16164.0 69513.87 1032.7 75.43 1034.3
20 13655.0 13746.5 400.13 16220.0 68472.55 988.4 81.19 990.2
21 13041.0 13061.7 400.17 15440.0 65174.01 1010.5 69.72 1131.5
22 13499.0 13535.0 400.11 16086.0 65860.26 1075.5 69.28 1120.5
23 12924.0 12942.0 400.18 15396.0 63870.14 1014.6 61.62 1217.6
24 13601.0 13642.5 400.2 16185.0 62228.46 1085.8 72.74 1095.1
25 13876.0 13941.7 400.18 16380.0 68551.23 1001.8 79.37 1005.2
26 13685.0 13726.3 400.19 16157.0 72021.65 1014.8 77.63 1043.0
27 12847.0 12868.5 400.14 15260.0 58924.72 1038.4 57.21 1288.2
28 13215.0 13226.8 400.17 15643.0 64958.87 1082.3 63.64 1202.0
29 13019.0 13033.8 400.17 15437.0 64689.09 1029.9 64.29 1206.1
30 13175.0 13194.7 400.16 15672.0 65602.34 1043.1 67.47 1217.3
31 13270.0 13284.3 400.24 15658.0 64961.08 975.7 66.62 1188.7
32 13292.0 13319.9 400.15 15734.0 64343.08 983.0 75.29 1082.2
33 13336.0 13371.2 400.1 15767.0 67577.86 1020.6 78.73 1059.1
34 13866.0 13975.9 400.21 16398.0 67396.95 980.1 81.75 982.0
35 12372.0 12391.3 400.15 14654.0 64983.82 1043.0 57.2 1265.9
36 13432.0 13456.0 400.11 15965.0 64596.62 1020.9 70.53 1147.6
37 13283.0 13309.2 400.16 15652.0 65889.03 1046.8 70.9 1084.3
38 13216.0 13272.9 400.23 15690.0 70450.04 1029.2 79.8 1033.8
39 13778.0 13832.3 400.13 16338.0 72043.88 998.9 80.02 999.7
40 13503.0 13560.6 400.17 16021.0 73584.88 1038.5 79.19 1044.7
41 13087.0 13129.5 400.2 15597.0 67726.79 1071.5 70.55 1092.0
42 13484.0 13521.5 400.16 16068.0 69658.76 1042.7 77.55 1080.6
43 13255.0 13275.2 400.16 15813.0 64141.66 1035.8 64.38 1169.7
44 12510.0 12521.4 400.17 14926.0 59720.94 1039.0 60.82 1264.6
45 12826.0 12847.0 400.15 15088.0 60350.19 1018.2 61.64 1269.1
46 13384.0 13459.9 400.12 15976.0 66580.85 1046.9 73.61 1061.6
47 14236.0 14285.7 400.17 16837.0 74355.33 1024.8 75.96 1025.9
48 13711.0 13756.6 400.17 16279.0 73690.91 1002.5 84.65 1005.6
49 13853.0 13919.4 400.18 16435.0 67052.57 992.9 83.18 994.7
50 13471.0 13533.7 400.17 16027.0 75693.84 1017.5 75.89 1038.7
51 13667.0 13712.8 400.16 16190.0 70508.19 1002.9 80.01 1022.6
52 13451.0 13502.9 400.18 15968.0 69018.92 1001.8 79.84 1006.3
53 13514.0 13573.6 400.15 16030.0 69150.01 1034.0 74.56 1037.2
54 13359.0 13380.4 400.22 15936.0 63686.54 1046.8 70.72 1099.5
55 13309.0 13346.3 400.18 15726.0 63858.82 1043.2 70.29 1079.9
56 13341.0 13374.2 400.16 15920.0 68327.38 1060.4 66.77 1120.1
57 13389.0 13411.8 400.16 15893.0 63249.67 995.1 66.92 1146.1
58 13888.0 13962.2 400.11 16544.0 73448.96 1020.0 80.41 1037.5
59 13185.0 13214.1 400.13 15668.0 64758.1 1055.6 62.82 1210.7
60 13278.0 13303.6 400.15 15763.0 67626.48 1064.9 66.67 1136.5
61 13141.0 13155.9 400.16 15565.0 64395.81 1000.7 60.85 1217.6
62 13171.0 13207.5 400.1 15681.0 61898.52 1051.9 59.48 1245.2
63 13458.0 13505.8 400.12 15881.0 69824.21 988.6 77.21 1043.9
64 12768.0 12788.3 400.08 15132.0 59135.1 933.3 62.82 1226.0
65 13261.0 13285.7 400.23 15762.0 61253.86 1047.5 74.43 1119.6
66 13964.0 14076.9 400.17 16601.0 76510.15 1012.0 78.86 1019.6
67 13219.0 13245.2 400.15 15662.0 69209.95 1092.4 67.32 1157.2
68 12963.0 12989.3 400.16 15292.0 67423.23 969.3 65.98 1237.9
69 13264.0 13296.3 400.14 15776.0 68086.64 1104.7 67.91 1122.3
70 13282.0 13319.0 400.15 15773.0 69183.09 1025.1 75.85 1050.3
71 13072.0 13091.4 400.11 15487.0 66456.5 1006.0 63.5 1210.2
72 13400.0 13466.3 400.1 15916.0 68318.76 1028.5 74.98 1048.0
73 13705.0 13733.4 400.15 16348.0 67900.73 1102.8 71.39 1124.9
74 13747.0 13821.2 400.16 16338.0 73163.24 1066.9 76.85 1077.0
75 13204.0 13229.8 400.18 15611.0 62242.07 992.8 68.39 1124.0
76 13530.0 13599.6 400.17 16125.0 70941.27 1000.2 81.45 1031.7
77 12870.0 12890.5 400.08 15254.0 60462.93 999.0 59.76 1272.8
78 13731.0 13816.9 400.12 16283.0 70366.68 979.6 82.51 982.8
79 13214.0 13238.2 400.15 15674.0 66366.56 1010.0 67.45 1166.5
80 13183.0 13198.8 400.17 15510.0 65196.62 995.6 65.16 1185.1
81 12692.0 12705.7 400.13 15153.0 60743.62 1072.7 60.67 1256.9
82 13500.0 13548.9 400.14 16039.0 71486.85 1021.2 76.71 1034.1
83 12758.0 12778.4 400.11 15128.0 62087.86 989.5 56.51 1258.4
84 13283.0 13305.4 400.14 15715.0 67237.33 1009.0 68.91 1138.5
85 12742.0 12764.6 400.12 15035.0 63666.69 1033.3 61.48 1238.0
86 13964.0 14010.7 400.17 16381.0 65964.73 1003.5 82.69 1008.8
87 12677.0 12691.7 400.16 15029.0 66426.7 999.4 58.93 1303.2
88 13079.0 13088.5 400.12 15557.0 63159.29 1009.7 59.99 1228.0
89 12989.0 13008.9 400.13 15339.0 63226.65 1093.5 61.62 1223.3
90 13594.0 13619.3 400.14 16204.0 65203.41 1045.7 67.55 1144.0
91 13638.0 13686.4 400.2 16189.0 69196.23 1019.5 77.34 1038.6
92 13189.0 13214.3 400.2 15643.0 58749.68 1048.3 68.43 1145.7
93 13288.0 13307.4 400.14 15713.0 63218.13 1013.2 61.82 1185.3
94 13324.0 13373.1 400.14 15871.0 70092.23 1053.3 70.42 1087.0
95 13447.0 13470.6 400.11 16041.0 68007.51 1089.1 66.2 1166.5
96 13077.0 13099.6 400.11 15516.0 59107.59 975.0 57.36 1346.4
97 12797.0 12818.9 400.14 15212.0 66358.31 1025.5 60.1 1241.2
98 13150.0 13166.9 400.11 15585.0 58651.32 1036.1 56.1 1310.4
99 14474.0 14496.6 400.07 17218.0 78024.38 1122.5 69.9 1140.9
100 12801.0 12819.8 400.15 15216.0 69191.12 1099.2 52.76 1418.1
