1 13467.0 13530.8 400.26 15963.0 71426.46 967.6 73.02 971.7
2 13998.0 14063.6 400.22 16565.0 72333.39 931.0 80.69 955.3
3 12881.0 12897.5 400.18 15098.0 62636.83 899.6 61.49 1142.2
4 13195.0 13224.2 400.16 15602.0 63276.78 954.8 71.57 1044.1
5 13421.0 13449.6 400.17 15967.0 70113.71 971.4 75.41 988.4
6 13784.0 13861.5 400.17 16296.0 69342.66 929.0 80.62 933.8
7 13263.0 13289.3 400.23 15615.0 67778.6 975.1 73.4 1008.9
8 13324.0 13350.8 400.2 15850.0 65418.46 995.7 62.04 1116.8
9 13586.0 13652.7 400.2 16010.0 70902.83 961.9 76.23 983.3
10 13241.0 13256.7 400.18 15678.0 66461.55 904.8 66.27 1086.5
11 12739.0 12765.8 400.21 15132.0 60469.99 888.1 61.35 1172.8
12 13129.0 13158.4 400.16 15559.0 68761.57 969.1 73.33 1030.8
13 12751.0 12768.9 400.16 14997.0 58572.39 920.6 60.34 1191.4
14 13566.0 13674.6 400.23 16144.0 64448.57 922.7 82.39 923.8
15 13179.0 13191.6 400.12 15709.0 62989.83 1015.7 63.53 1130.8
16 12906.0 12924.2 400.17 15256.0 58930.1 850.2 59.8 1221.7
17 12865.0 12877.1 400.15 15279.0 64236.94 959.0 62.48 1151.5
18 13293.0 13332.8 400.15 15809.0 63247.99 1013.8 67.49 1040.5
19 13620.0 13731.1 400.2 16164.0 69513.87 928.2 80.34 930.7
20 13644.0 13703.8 400.2 16220.0 68472.55 962.2 75.45 963.9
21 13041.0 13067.8 400.18 15440.0 65174.01 935.1 67.14 1075.4
22 13497.0 13554.9 400.2 16086.0 65860.26 995.6 72.1 1043.6
23 12922.0 12944.7 400.19 15396.0 63870.14 949.8 63.77 1146.1
24 13593.0 13649.7 400.19 16185.0 62228.46 990.8 71.36 1003.2
25 13817.0 13918.7 400.21 16380.0 68551.23 956.4 78.02 958.8
26 13676.0 13710.4 400.18 16157.0 72021.65 964.4 74.6 981.7
27 12841.0 12864.1 400.18 15260.0 58924.72 952.6 58.83 1183.3
28 13213.0 13227.5 400.11 15643.0 64958.87 987.0 63.68 1117.1
29 13016.0 13027.7 400.16 15437.0 64689.09 944.5 60.53 1145.5
30 13166.0 13179.8 400.17 15672.0 65602.34 1002.2 67.22 1092.2
31 13261.0 13279.2 400.11 15658.0 64961.08 886.7 65.94 1082.8
32 13290.0 13315.9 400.16 15734.0 64343.08 925.6 76.17 1015.1
33 13327.0 13353.8 400.19 15767.0 67577.86 926.4 73.3 1012.2
34 13875.0 13927.9 400.27 16398.0 67396.95 936.9 83.85 938.8
35 12368.0 12381.4 400.16 14654.0 64983.82 945.1 57.84 1203.9
36 13429.0 13452.4 400.15 15965.0 64596.62 924.1 67.5 1062.1
37 13264.0 13294.2 400.27 15652.0 65889.03 975.4 72.47 1034.9
38 13236.0 13308.1 400.16 15690.0 70450.04 938.0 77.52 947.2
39 13773.0 13848.8 400.15 16338.0 72043.88 929.4 81.1 931.5
40 13493.0 13565.7 400.21 16021.0 73584.88 944.1 82.24 959.4
41 13089.0 13118.8 400.14 15597.0 67726.79 990.1 71.35 1025.7
42 13487.0 13534.3 400.15 16068.0 69658.76 987.5 73.66 1002.0
43 13250.0 13264.8 400.18 15813.0 64141.67 986.7 62.24 1117.6
44 12514.0 12522.0 400.14 14926.0 59720.94 940.3 59.21 1187.5
45 12827.0 12840.5 400.16 15088.0 60350.19 950.9 66.57 1141.4
46 13415.0 13460.2 400.14 15976.0 66580.85 1014.0 73.15 1016.9
47 14193.0 14305.1 400.21 16837.0 74355.33 950.6 77.99 951.7
48 13698.0 13770.8 400.23 16279.0 73690.91 940.6 83.34 942.0
49 13825.0 13932.2 400.17 16435.0 67052.57 924.6 83.58 929.8
50 13486.0 13538.5 400.19 16027.0 75693.84 948.1 73.97 972.2
51 13667.0 13737.6 400.27 16190.0 70508.19 947.2 76.83 951.8
52 13448.0 13495.1 400.21 15968.0 69018.92 897.6 83.05 931.0
53 13502.0 13554.6 400.18 16030.0 69150.01 971.1 75.46 976.8
54 13352.0 13385.2 400.17 15936.0 63686.54 984.6 70.03 1046.8
55 13309.0 13348.4 400.14 15726.0 63858.82 954.4 72.32 997.7
56 13342.0 13377.3 400.23 15920.0 68327.38 1015.8 72.11 1048.7
57 13389.0 13415.6 400.14 15893.0 63249.67 914.0 69.25 1038.3
58 13885.0 13933.4 400.15 16544.0 73448.96 968.5 77.24 972.2
59 13181.0 13202.4 400.14 15668.0 64758.1 952.5 63.35 1126.8
60 13273.0 13325.6 400.11 15763.0 67626.48 981.5 69.45 1056.2
61 13134.0 13153.8 400.12 15565.0 64395.81 931.6 64.78 1115.4
62 13161.0 13180.2 400.19 15681.0 61898.52 1015.6 59.44 1154.9
63 13472.0 13510.3 400.16 15881.0 69824.21 933.0 77.5 968.7
64 12763.0 12776.4 400.2 15132.0 59135.1 849.1 64.38 1132.8
65 13255.0 13283.5 400.2 15762.0 61253.86 996.4 72.78 1046.4
66 13986.0 14070.1 400.23 16601.0 76510.15 946.7 75.18 948.6
67 13222.0 13238.8 400.22 15662.0 69209.95 958.5 69.36 1068.6
68 12967.0 12986.8 400.14 15292.0 67423.23 906.4 67.22 1137.8
69 13265.0 13305.0 400.14 15776.0 68086.64 1041.2 69.01 1049.0
70 13270.0 13304.2 400.16 15773.0 69183.09 950.7 80.45 990.6
71 13072.0 13083.8 400.17 15487.0 66456.5 899.0 62.35 1115.1
72 13407.0 13469.0 400.2 15916.0 68318.76 958.8 74.61 964.5
73 13689.0 13747.5 400.15 16348.0 67900.73 1004.6 73.04 1016.2
74 13733.0 13806.1 400.21 16338.0 73163.24 1009.9 72.08 1012.0
75 13204.0 13222.9 400.18 15611.0 62242.07 936.4 68.63 1064.4
76 13560.0 13595.0 400.25 16125.0 70941.27 951.3 79.86 957.4
77 12872.0 12887.8 400.1 15254.0 60462.93 937.0 61.33 1181.7
78 13723.0 13824.6 400.16 16283.0 70366.68 913.2 84.56 915.5
79 13216.0 13228.5 400.2 15674.0 66366.56 959.9 69.09 1064.2
80 13184.0 13196.9 400.16 15510.0 65196.62 891.5 65.82 1093.6
81 12688.0 12703.4 400.1 15153.0 60743.62 944.6 60.14 1198.5
82 13526.0 13565.7 400.12 16039.0 71486.85 943.5 78.12 946.7
83 12755.0 12781.1 400.14 15128.0 62087.86 931.0 56.98 1170.6
84 13278.0 13301.3 400.16 15715.0 67237.33 952.1 70.1 1026.5
85 12740.0 12763.4 400.13 15035.0 63666.69 994.5 64.96 1161.6
86 13959.0 14044.4 400.18 16381.0 65964.73 891.1 85.71 893.3
87 12671.0 12692.9 400.22 15029.0 66426.7 911.4 62.09 1172.9
88 13066.0 13079.0 400.16 15557.0 63159.29 947.1 61.56 1158.4
89 12989.0 13020.1 400.14 15339.0 63226.65 1013.0 62.09 1133.7
90 13594.0 13621.2 400.11 16204.0 65203.41 926.2 72.76 1012.6
91 13629.0 13674.2 400.14 16189.0 69196.23 953.3 78.66 955.4
92 13180.0 13200.6 400.19 15643.0 58749.68 972.4 72.08 1046.0
93 13294.0 13312.2 400.13 15713.0 63218.13 945.9 63.15 1121.9
94 13326.0 13392.2 400.1 15871.0 70092.23 976.6 73.95 990.5
95 13447.0 13468.8 400.19 16041.0 68007.51 999.5 66.47 1060.0
96 13077.0 13092.5 400.16 15516.0 59107.59 933.3 59.47 1225.0
97 12795.0 12813.5 400.16 15212.0 66358.31 960.6 58.86 1180.8
98 13152.0 13173.6 400.09 15585.0 58651.32 977.9 56.58 1220.5
99 14455.0 14484.9 400.13 17218.0 78024.38 1044.8 69.99 1060.3
100 12800.0 12813.9 400.1 15216.0 69191.12 1011.5 53.14 1317.6
