1 13457.0 13457.0 400.38 15963.0 71426.46 408.1 72.9 669.1
2 13989.0 13989.0 400.38 16565.0 72333.38 412.2 78.78 647.0
3 12874.0 12874.0 400.31 15098.0 62636.83 346.9 59.42 749.4
4 13194.0 13194.0 400.27 15602.0 63276.78 379.0 66.79 724.8
5 13419.0 13419.0 400.36 15967.0 70113.71 400.8 73.16 676.6
6 13753.0 13753.0 400.32 16296.0 69342.66 411.9 77.08 644.5
7 13255.0 13255.0 400.27 15615.0 67778.6 383.1 68.45 692.4
8 13320.0 13320.0 400.36 15850.0 65418.46 385.4 64.86 729.8
9 13571.0 13571.0 400.17 16010.0 70902.83 410.1 71.49 680.5
10 13241.0 13241.0 400.22 15678.0 66461.55 352.3 66.23 714.1
11 12739.0 12739.0 400.22 15132.0 60469.99 353.6 57.66 801.8
12 13125.0 13125.0 400.38 15559.0 68761.57 394.1 74.33 682.7
13 12747.0 12747.0 400.23 14997.0 58572.39 352.0 58.61 806.0
14 13504.0 13504.0 400.36 16144.0 64448.57 438.1 80.89 638.3
15 13177.0 13177.0 400.25 15709.0 62989.83 386.4 60.91 755.6
16 12903.0 12903.0 400.29 15256.0 58930.1 338.4 57.94 810.3
17 12862.0 12862.0 400.34 15279.0 64236.94 354.9 59.58 802.4
18 13288.0 13288.0 400.33 15809.0 63247.99 401.5 65.17 710.5
19 13566.0 13566.0 400.47 16164.0 69513.87 441.1 76.02 654.2
20 13627.0 13627.0 400.3 16220.0 68472.55 418.1 78.23 645.0
21 13041.0 13041.0 400.18 15440.0 65174.01 355.8 66.81 721.5
22 13494.0 13494.0 400.22 16086.0 65860.26 415.5 68.31 726.4
23 12922.0 12922.0 400.27 15396.0 63870.14 346.6 60.99 756.4
24 13588.0 13588.0 400.29 16185.0 62228.46 415.0 72.04 690.9
25 13794.0 13794.0 400.33 16380.0 68551.23 438.9 77.3 647.6
26 13671.0 13671.0 400.24 16157.0 72021.65 387.9 74.3 654.8
27 12846.0 12846.0 400.16 15260.0 58924.72 360.2 56.54 801.5
28 13210.0 13210.0 400.35 15643.0 64958.87 377.3 60.51 764.9
29 13013.0 13013.0 400.28 15437.0 64689.09 376.9 62.49 763.7
30 13166.0 13166.0 400.29 15672.0 65602.34 377.7 64.17 764.5
31 13261.0 13261.0 400.29 15658.0 64961.08 334.6 66.25 739.1
32 13287.0 13287.0 400.21 15734.0 64343.08 368.1 71.62 683.4
33 13327.0 13327.0 400.38 15767.0 67577.86 368.6 75.43 678.0
34 13846.0 13846.0 400.18 16398.0 67396.95 410.1 80.54 633.2
35 12368.0 12368.0 400.32 14654.0 64983.82 361.6 56.35 797.9
36 13428.0 13428.0 400.22 15965.0 64596.62 371.1 69.15 720.8
37 13263.0 13263.0 400.32 15652.0 65889.03 371.9 70.93 691.9
38 13213.0 13213.0 400.33 15690.0 70450.04 396.7 75.14 659.2
39 13746.0 13746.0 400.28 16338.0 72043.88 415.2 81.21 637.3
40 13483.0 13483.0 400.35 16021.0 73584.88 402.0 79.96 655.8
41 13081.0 13081.0 400.3 15597.0 67726.79 389.5 68.55 696.3
42 13482.0 13482.0 400.28 16068.0 69658.76 399.6 72.3 682.5
43 13250.0 13250.0 400.21 15813.0 64141.67 376.2 61.82 755.8
44 12510.0 12510.0 400.25 14926.0 59720.94 367.0 58.35 792.9
45 12826.0 12826.0 400.21 15088.0 60350.19 351.0 60.79 785.6
46 13374.0 13374.0 400.29 15976.0 66580.85 432.7 75.92 678.5
47 14166.0 14166.0 400.22 16837.0 74355.33 425.2 75.82 656.1
48 13655.0 13655.0 400.31 16279.0 73690.91 427.9 84.12 645.1
49 13813.0 13813.0 400.28 16435.0 67052.57 402.8 81.84 624.2
50 13468.0 13468.0 400.32 16027.0 75693.84 394.1 73.85 662.7
51 13665.0 13665.0 400.27 16190.0 70508.19 373.0 76.64 638.1
52 13437.0 13437.0 400.28 15968.0 69018.92 380.1 75.3 659.2
53 13500.0 13500.0 400.25 16030.0 69150.01 394.3 74.86 672.5
54 13350.0 13350.0 400.3 15936.0 63686.54 403.5 68.66 706.0
55 13306.0 13306.0 400.23 15726.0 63858.82 384.6 71.86 680.9
56 13339.0 13339.0 400.25 15920.0 68327.38 401.9 64.06 721.2
57 13389.0 13389.0 400.31 15893.0 63249.67 349.0 64.37 717.3
58 13885.0 13885.0 400.36 16544.0 73448.96 390.6 78.79 663.1
59 13181.0 13181.0 400.23 15668.0 64758.1 361.0 60.59 762.1
60 13273.0 13273.0 400.31 15763.0 67626.48 393.4 71.82 700.5
61 13134.0 13134.0 400.25 15565.0 64395.81 368.9 63.85 758.4
62 13159.0 13159.0 400.25 15681.0 61898.52 386.4 58.01 782.4
63 13458.0 13458.0 400.18 15881.0 69824.21 376.8 77.61 651.1
64 12763.0 12763.0 400.21 15132.0 59135.1 320.0 59.53 803.7
65 13255.0 13255.0 400.26 15762.0 61253.86 377.4 70.72 701.7
66 13936.0 13936.0 400.26 16601.0 76510.15 429.2 74.81 671.1
67 13218.0 13218.0 400.26 15662.0 69209.95 378.5 68.06 735.0
68 12963.0 12963.0 400.21 15292.0 67423.23 334.8 64.05 769.3
69 13256.0 13256.0 400.26 15776.0 68086.64 410.6 65.61 714.4
70 13269.0 13269.0 400.29 15773.0 69183.09 386.1 75.58 669.6
71 13072.0 13072.0 400.26 15487.0 66456.5 350.1 60.38 772.6
72 13383.0 13383.0 400.21 15916.0 68318.76 420.1 72.25 679.6
73 13679.0 13679.0 400.28 16348.0 67900.73 424.2 67.32 725.1
74 13732.0 13732.0 400.23 16338.0 73163.24 434.6 71.88 681.2
75 13204.0 13204.0 400.37 15611.0 62242.07 355.1 66.5 704.0
76 13524.0 13524.0 400.3 16125.0 70941.27 406.9 78.86 646.0
77 12868.0 12868.0 400.26 15254.0 60462.93 351.5 63.53 775.6
78 13706.0 13706.0 400.27 16283.0 70366.68 409.9 83.0 631.1
79 13210.0 13210.0 400.36 15674.0 66366.56 364.5 68.62 707.4
80 13183.0 13183.0 400.31 15510.0 65196.62 341.0 66.94 715.9
81 12686.0 12686.0 400.28 15153.0 60743.62 368.4 60.18 803.1
82 13495.0 13495.0 400.24 16039.0 71486.85 389.4 74.52 661.3
83 12755.0 12755.0 400.26 15128.0 62087.86 378.3 55.78 798.7
84 13278.0 13278.0 400.22 15715.0 67237.33 369.2 71.12 695.5
85 12740.0 12740.0 400.25 15035.0 63666.69 387.5 59.28 798.5
86 13941.0 13941.0 400.38 16381.0 65964.73 412.3 81.31 650.2
87 12671.0 12671.0 400.26 15029.0 66426.7 348.2 58.86 799.3
88 13066.0 13066.0 400.16 15557.0 63159.29 358.6 59.87 773.3
89 12988.0 12988.0 400.23 15339.0 63226.65 400.1 59.68 786.2
90 13594.0 13594.0 400.21 16204.0 65203.41 365.3 68.49 720.2
91 13628.0 13628.0 400.24 16189.0 69196.23 375.1 77.1 663.4
92 13172.0 13172.0 400.37 15643.0 58749.68 368.8 66.89 725.0
93 13288.0 13288.0 400.2 15713.0 63218.13 374.1 61.77 758.9
94 13321.0 13321.0 400.37 15871.0 70092.23 401.7 68.7 721.3
95 13447.0 13447.0 400.34 16041.0 68007.51 386.6 66.16 726.7
96 13069.0 13069.0 400.29 15516.0 59107.59 349.2 58.7 821.9
97 12795.0 12795.0 400.15 15212.0 66358.31 370.0 60.08 804.6
98 13145.0 13145.0 400.23 15585.0 58651.32 372.3 56.31 827.5
99 14453.0 14453.0 400.18 17218.0 78024.38 424.0 69.33 737.5
100 12800.0 12800.0 400.16 15216.0 69191.12 387.0 53.74 887.1
