1 3138.0 3152.1 150.08 3650.0 11036.44 390.7 9.2 1357.6
2 3370.0 3377.1 150.04 3925.0 11457.88 399.9 7.63 1470.3
3 3370.0 3380.8 150.08 3914.0 12411.82 429.9 10.38 1238.8
4 3370.0 3380.3 150.09 3942.0 11520.38 421.7 9.04 1417.5
5 3550.0 3560.2 150.07 4173.0 12927.96 519.6 12.68 1118.4
6 3179.0 3185.8 150.04 3682.0 10680.83 353.4 8.0 1433.9
7 3430.0 3436.3 150.06 3996.0 12015.83 474.4 11.6 1229.2
8 3479.0 3484.6 150.12 4096.0 12502.25 546.3 13.59 1115.8
9 3245.0 3250.8 150.08 3808.0 11962.47 425.2 9.24 1359.7
10 3439.0 3441.6 150.08 4019.0 12767.97 580.5 12.25 1184.3
11 3283.0 3289.1 150.06 3775.0 11305.04 395.5 10.38 1387.3
12 3392.0 3398.7 150.05 3956.0 11501.35 383.3 8.67 1356.9
13 3422.0 3426.4 150.08 3994.0 13126.41 463.9 12.18 1161.8
14 3362.0 3366.1 150.09 3932.0 11922.78 389.5 9.27 1335.2
15 3368.0 3374.9 150.06 3936.0 11755.83 437.4 10.27 1296.4
16 3585.0 3588.3 150.12 4185.0 13191.29 453.2 12.72 1168.3
17 3456.0 3463.9 150.13 4034.0 12337.99 406.3 12.48 1218.4
18 3502.0 3508.8 150.09 4060.0 12291.89 457.0 11.13 1227.5
19 3394.0 3398.0 150.05 3906.0 12007.84 481.8 8.67 1364.4
20 3376.0 3384.7 150.13 3930.0 11979.8 559.1 10.03 1330.4
21 3482.0 3489.2 150.08 4081.0 12821.03 393.0 10.08 1282.2
22 3581.0 3588.8 150.1 4208.0 13515.18 510.8 12.34 1164.7
23 3286.0 3288.7 150.06 3834.0 10832.06 392.2 7.34 1455.7
24 3352.0 3358.6 150.07 3940.0 12007.06 545.5 10.95 1193.4
25 3553.0 3558.9 150.05 4132.0 13215.07 584.6 12.98 1148.7
26 3367.0 3373.1 150.07 3917.0 11890.46 385.3 9.46 1355.1
27 3458.0 3463.4 150.14 4029.0 12683.37 475.8 10.78 1302.9
28 3391.0 3394.3 150.1 3944.0 11395.75 407.9 9.83 1312.9
29 3207.0 3211.6 150.06 3748.0 10939.28 467.3 7.74 1405.6
30 3138.0 3146.6 150.09 3669.0 11521.68 490.6 9.03 1373.5
31 3189.0 3194.1 150.06 3713.0 10487.24 385.9 7.54 1491.2
32 3466.0 3473.7 150.08 4039.0 12218.9 430.9 11.34 1249.5
33 3548.0 3554.2 150.09 4123.0 13011.9 536.1 13.25 1160.7
34 3377.0 3386.4 150.09 3956.0 11377.21 479.6 10.44 1282.9
35 3388.0 3390.1 150.08 3952.0 11963.06 493.5 10.11 1295.1
36 3389.0 3394.7 150.06 3914.0 11802.3 453.3 9.12 1396.7
37 3567.0 3575.5 150.12 4145.0 12709.4 424.7 13.62 1126.1
38 3521.0 3525.8 150.08 4106.0 13155.4 414.8 11.08 1235.9
39 3314.0 3319.4 150.12 3886.0 12355.11 396.4 10.54 1279.7
40 3173.0 3184.1 150.04 3712.0 10758.11 523.5 7.87 1425.3
41 3345.0 3348.5 150.11 3886.0 12164.19 522.4 11.0 1278.7
42 3386.0 3398.1 150.04 3915.0 11772.22 415.7 11.05 1247.3
43 3306.0 3309.8 150.12 3898.0 12064.79 458.5 9.8 1288.3
44 3496.0 3499.3 150.13 4092.0 12256.23 419.6 10.49 1255.6
45 3472.0 3475.6 150.09 4007.0 12619.47 653.6 9.98 1340.5
46 3285.0 3290.6 150.07 3826.0 12090.74 407.2 8.51 1404.8
47 3219.0 3224.2 150.05 3693.0 11359.03 388.8 8.79 1411.7
48 3478.0 3491.8 150.08 4049.0 12161.24 435.7 9.96 1290.0
49 3487.0 3490.2 150.11 4073.0 12358.79 382.5 10.12 1282.0
50 3464.0 3466.1 150.14 4061.0 11813.05 418.3 12.04 1208.1
51 3271.0 3279.1 150.08 3805.0 11039.24 383.1 8.81 1419.3
52 3227.0 3231.0 150.13 3707.0 11675.16 437.7 10.19 1293.1
53 3410.0 3416.2 150.1 3972.0 11509.08 373.3 10.7 1370.7
54 3263.0 3268.9 150.11 3813.0 11437.41 415.2 9.35 1345.3
55 3600.0 3604.9 150.12 4240.0 12930.14 470.9 11.99 1160.2
56 3581.0 3588.7 150.08 4201.0 12415.79 476.9 10.61 1266.4
57 3591.0 3599.6 150.12 4162.0 12705.18 491.1 12.43 1151.9
58 3518.0 3523.7 150.08 4079.0 12201.25 490.6 13.18 1136.3
59 3196.0 3198.3 150.06 3754.0 11434.3 415.2 8.17 1439.9
60 3295.0 3299.0 150.08 3825.0 11650.21 424.7 9.38 1364.3
61 3310.0 3313.9 150.12 3853.0 11420.5 501.6 10.04 1325.7
62 3511.0 3518.8 150.09 4130.0 12334.53 416.3 9.28 1317.6
63 3450.0 3454.2 150.12 4015.0 13043.17 468.3 13.48 1168.8
64 3373.0 3380.4 150.09 3960.0 11332.69 448.8 9.98 1336.2
65 3586.0 3593.4 150.11 4199.0 13315.27 426.0 12.73 1109.5
66 3515.0 3526.1 150.12 4119.0 12094.33 435.6 11.22 1246.0
67 3327.0 3335.5 150.07 3874.0 11258.04 421.8 8.36 1421.5
68 3234.0 3236.2 150.06 3770.0 10878.14 540.9 10.73 1317.9
69 3509.0 3518.8 150.14 4134.0 12932.06 473.9 11.03 1193.7
70 3414.0 3416.8 150.13 4013.0 12392.68 488.9 10.89 1216.9
71 3471.0 3476.6 150.06 4050.0 11828.89 451.1 9.11 1348.8
72 3517.0 3522.9 150.13 4074.0 13044.12 490.6 12.09 1165.5
73 3304.0 3308.6 150.07 3875.0 11500.87 508.1 9.77 1370.4
74 3178.0 3186.9 150.1 3664.0 11374.69 469.3 7.59 1456.9
75 3303.0 3311.1 150.08 3819.0 12590.9 344.3 9.05 1370.6
76 3511.0 3520.5 150.08 4098.0 12790.07 505.9 11.99 1208.1
77 3359.0 3365.4 150.09 3920.0 12381.96 411.1 11.69 1206.8
78 3338.0 3343.7 150.05 3881.0 11215.25 373.2 7.23 1470.4
79 3538.0 3545.3 150.08 4156.0 13089.12 465.5 13.27 1132.4
80 3430.0 3435.2 150.12 3992.0 11331.74 390.6 9.95 1312.0
81 3323.0 3325.1 150.04 3860.0 10951.3 453.9 7.38 1492.7
82 3367.0 3373.3 150.13 3877.0 11837.25 436.8 10.29 1316.6
83 3308.0 3309.9 150.06 3865.0 12270.98 440.3 9.38 1330.2
84 3431.0 3434.7 150.09 4003.0 12271.21 494.3 10.78 1325.8
85 3397.0 3405.0 150.08 3945.0 11750.86 516.4 10.67 1269.3
86 3450.0 3457.9 150.06 4039.0 11478.67 452.7 9.59 1369.7
87 3427.0 3435.3 150.1 4015.0 11790.04 436.0 11.48 1156.1
88 3277.0 3282.2 150.08 3802.0 11026.17 406.1 8.8 1403.6
89 3309.0 3314.7 150.08 3822.0 10814.39 346.8 8.85 1435.5
90 3717.0 3725.4 150.1 4371.0 14011.38 476.6 13.6 1086.6
91 3340.0 3344.7 150.08 3888.0 11566.6 365.6 8.53 1451.8
92 3444.0 3449.1 150.07 4040.0 11918.13 475.1 11.31 1258.0
93 3205.0 3210.8 150.05 3713.0 12144.64 398.0 9.06 1389.5
94 3344.0 3350.3 150.07 3884.0 11376.55 432.8 7.95 1454.9
95 3510.0 3517.2 150.13 4125.0 12509.53 492.4 12.46 1186.0
96 3378.0 3385.3 150.1 3921.0 11413.44 379.3 9.04 1395.9
97 3523.0 3528.5 150.05 4130.0 12609.42 445.0 11.19 1230.5
98 3185.0 3190.3 150.04 3693.0 11377.02 543.8 8.21 1482.4
99 3644.0 3649.5 150.05 4244.0 12180.68 437.0 10.8 1309.0
100 3395.0 3402.8 150.03 3945.0 12962.93 454.8 11.04 1284.5
