1 3138.0 3138.0 150.16 3650.0 11036.44 163.2 8.94 887.1
2 3370.0 3370.0 150.06 3925.0 11457.88 209.5 7.28 976.7
3 3370.0 3370.0 150.24 3914.0 12411.82 172.2 10.27 791.5
4 3370.0 3370.0 150.19 3942.0 11520.38 159.9 9.0 857.1
5 3550.0 3550.8 150.13 4173.0 12927.96 232.1 12.57 692.2
6 3179.0 3179.2 150.17 3682.0 10680.83 138.8 7.42 911.1
7 3430.0 3431.8 150.19 3996.0 12015.83 189.8 10.61 791.8
8 3479.0 3480.8 150.24 4096.0 12502.25 225.2 14.4 690.1
9 3245.0 3245.0 150.15 3808.0 11962.47 168.0 8.53 898.2
10 3439.0 3439.0 150.16 4019.0 12767.97 195.8 11.11 726.4
11 3283.0 3283.0 150.14 3775.0 11305.04 142.1 10.14 872.3
12 3392.0 3392.0 150.12 3956.0 11501.35 151.5 8.78 873.9
13 3422.0 3422.0 150.18 3994.0 13126.41 178.5 12.2 730.6
14 3362.0 3363.5 150.12 3932.0 11922.78 147.2 9.95 843.6
15 3368.0 3368.0 150.25 3936.0 11755.83 175.6 9.6 832.2
16 3585.0 3585.3 150.21 4185.0 13191.29 192.5 11.49 730.0
17 3456.0 3456.0 150.14 4034.0 12337.99 170.7 12.13 778.9
18 3502.0 3502.1 150.19 4060.0 12291.89 148.7 10.99 770.8
19 3394.0 3394.0 150.07 3906.0 12007.84 139.5 8.82 876.0
20 3376.0 3376.4 150.1 3930.0 11979.8 174.3 9.88 830.7
21 3481.0 3481.0 150.24 4081.0 12821.03 159.0 10.25 797.4
22 3581.0 3581.0 150.16 4208.0 13515.18 194.6 11.42 715.0
23 3286.0 3286.3 150.1 3834.0 10832.06 165.1 7.27 938.3
24 3352.0 3352.3 150.13 3940.0 12007.06 174.1 10.75 742.9
25 3552.0 3552.3 150.15 4132.0 13215.07 193.7 12.08 712.5
26 3367.0 3367.0 150.13 3917.0 11890.46 155.5 9.05 865.0
27 3458.0 3458.0 150.21 4029.0 12683.37 189.9 10.57 802.0
28 3391.0 3391.0 150.22 3944.0 11395.75 158.3 9.58 827.0
29 3207.0 3207.0 150.11 3748.0 10939.28 159.8 7.6 944.3
30 3138.0 3138.0 150.18 3669.0 11521.68 179.7 8.94 858.8
31 3189.0 3189.0 150.07 3713.0 10487.24 192.3 7.9 926.9
32 3466.0 3466.2 150.22 4039.0 12218.9 165.9 10.52 802.2
33 3548.0 3548.0 150.27 4123.0 13011.9 163.5 11.21 726.0
34 3377.0 3379.5 150.13 3956.0 11377.21 170.9 9.94 805.1
35 3387.0 3388.8 150.11 3952.0 11963.06 162.9 9.84 826.9
36 3389.0 3389.0 150.14 3914.0 11802.3 146.6 9.16 885.5
37 3567.0 3567.0 150.13 4145.0 12709.4 163.1 12.73 705.4
38 3521.0 3521.0 150.11 4106.0 13155.4 157.6 10.58 730.4
39 3313.0 3313.0 150.18 3886.0 12355.11 146.2 10.14 802.5
40 3173.0 3173.4 150.07 3712.0 10758.11 149.8 7.46 963.2
41 3345.0 3345.0 150.08 3886.0 12164.19 158.1 10.57 785.4
42 3386.0 3386.0 150.24 3915.0 11772.22 160.5 10.79 758.4
43 3306.0 3306.1 150.22 3898.0 12064.79 187.7 9.08 863.3
44 3496.0 3496.0 150.23 4092.0 12256.23 159.2 10.75 765.6
45 3471.0 3472.9 150.22 4007.0 12619.47 165.8 9.59 854.1
46 3285.0 3286.0 150.18 3826.0 12090.74 154.5 7.8 887.2
47 3219.0 3219.0 150.12 3693.0 11359.03 148.5 8.48 847.0
48 3478.0 3478.3 150.16 4049.0 12161.24 165.6 9.4 834.9
49 3487.0 3487.7 150.22 4073.0 12358.79 152.8 9.9 802.4
50 3464.0 3464.2 150.12 4061.0 11813.05 176.6 11.2 770.8
51 3271.0 3271.1 150.12 3805.0 11039.24 142.6 7.83 929.4
52 3227.0 3227.0 150.14 3707.0 11675.16 180.9 9.09 794.8
53 3410.0 3410.2 150.11 3972.0 11509.08 155.7 9.85 866.3
54 3263.0 3263.4 150.13 3813.0 11437.41 169.4 9.74 875.4
55 3600.0 3600.1 150.13 4240.0 12930.14 188.4 11.77 753.9
56 3580.0 3580.0 150.15 4201.0 12415.8 186.1 10.18 772.8
57 3591.0 3591.0 150.24 4162.0 12705.18 176.0 12.49 704.2
58 3518.0 3518.9 150.15 4079.0 12201.24 176.3 12.12 730.9
59 3194.0 3194.0 150.17 3754.0 11434.3 171.5 8.6 911.9
60 3295.0 3295.0 150.12 3825.0 11650.21 150.7 9.15 859.6
61 3310.0 3310.0 150.17 3853.0 11420.5 182.3 10.04 835.0
62 3511.0 3512.4 150.1 4130.0 12334.53 166.6 9.59 817.7
63 3450.0 3450.1 150.24 4015.0 13043.17 163.6 11.58 757.2
64 3373.0 3373.1 150.23 3960.0 11332.69 165.1 9.43 841.3
65 3586.0 3586.0 150.16 4199.0 13315.27 175.2 13.7 698.5
66 3515.0 3515.0 150.24 4119.0 12094.33 176.8 10.42 751.4
67 3326.0 3326.9 150.16 3874.0 11258.04 165.6 7.92 950.1
68 3234.0 3234.0 150.1 3770.0 10878.14 156.9 9.27 837.9
69 3509.0 3510.1 150.21 4134.0 12932.06 189.1 11.0 772.0
70 3414.0 3414.0 150.17 4013.0 12392.68 179.2 10.1 775.7
71 3472.0 3472.6 150.12 4050.0 11828.89 184.0 9.04 834.7
72 3517.0 3517.0 150.18 4074.0 13044.12 178.6 12.64 695.6
73 3304.0 3304.0 150.21 3875.0 11500.87 181.3 9.52 846.6
74 3178.0 3178.0 150.12 3664.0 11374.69 128.3 7.47 926.9
75 3303.0 3304.5 150.14 3819.0 12590.9 165.7 8.82 915.8
76 3511.0 3511.1 150.13 4098.0 12790.07 194.1 12.39 757.3
77 3359.0 3359.0 150.09 3920.0 12381.96 163.5 10.15 784.2
78 3338.0 3338.0 150.06 3881.0 11215.25 145.5 7.26 937.5
79 3538.0 3538.0 150.13 4156.0 13089.12 173.0 13.46 712.0
80 3430.0 3431.0 150.15 3992.0 11331.74 209.9 9.53 813.8
81 3322.0 3323.8 150.11 3860.0 10951.3 179.4 7.17 964.3
82 3367.0 3367.0 150.19 3877.0 11837.25 140.9 9.59 820.5
83 3308.0 3308.0 150.14 3865.0 12270.98 143.5 8.92 865.9
84 3431.0 3431.0 150.16 4003.0 12271.21 204.6 9.81 818.7
85 3397.0 3397.0 150.12 3945.0 11750.86 172.0 10.14 772.1
86 3450.0 3450.0 150.11 4039.0 11478.67 175.3 8.52 878.7
87 3427.0 3427.0 150.11 4015.0 11790.04 180.9 12.09 736.8
88 3276.0 3276.1 150.12 3802.0 11026.17 156.4 8.55 896.8
89 3309.0 3309.0 150.1 3822.0 10814.39 126.4 7.92 921.3
90 3719.0 3720.6 150.11 4371.0 14011.38 182.5 12.79 698.0
91 3340.0 3340.0 150.15 3888.0 11566.6 173.6 7.98 909.4
92 3444.0 3444.0 150.14 4040.0 11918.13 174.2 10.86 776.6
93 3205.0 3205.0 150.08 3713.0 12144.64 147.5 9.22 882.5
94 3344.0 3344.0 150.09 3884.0 11376.55 138.8 7.17 949.3
95 3510.0 3510.0 150.17 4125.0 12509.53 183.4 11.92 755.8
96 3378.0 3378.0 150.11 3921.0 11413.44 151.9 8.19 865.5
97 3523.0 3523.0 150.13 4130.0 12609.42 180.0 11.59 777.7
98 3185.0 3185.0 150.08 3693.0 11377.02 183.4 8.39 935.1
99 3644.0 3644.0 150.07 4244.0 12180.68 185.5 10.54 819.9
100 3395.0 3395.0 150.08 3945.0 12962.93 178.2 10.83 803.7
