1 3138.0 3143.2 150.11 3650.0 11036.44 366.7 8.38 1303.7
2 3370.0 3375.3 150.05 3925.0 11457.88 381.6 7.9 1381.2
3 3370.0 3372.1 150.15 3914.0 12411.82 417.8 10.22 1195.6
4 3370.0 3376.1 150.11 3942.0 11520.38 433.4 10.59 1243.7
5 3550.0 3555.7 150.12 4173.0 12927.96 478.9 12.46 1058.6
6 3179.0 3180.9 150.06 3682.0 10680.82 336.5 7.91 1355.2
7 3430.0 3437.0 150.14 3996.0 12015.83 463.9 12.33 1123.1
8 3480.0 3487.7 150.05 4096.0 12502.25 507.3 14.03 1019.8
9 3245.0 3249.8 150.08 3808.0 11962.47 374.2 8.9 1302.3
10 3439.0 3442.5 150.1 4019.0 12767.97 454.0 11.7 1134.4
11 3283.0 3291.6 150.12 3775.0 11305.04 434.1 11.11 1267.7
12 3392.0 3396.0 150.08 3956.0 11501.35 400.9 8.87 1244.9
13 3422.0 3426.0 150.11 3994.0 13126.41 495.9 12.67 1082.8
14 3362.0 3367.8 150.07 3932.0 11922.78 441.3 9.39 1238.3
15 3368.0 3373.0 150.1 3936.0 11755.83 408.3 10.36 1182.6
16 3585.0 3593.2 150.06 4185.0 13191.29 409.1 13.5 1090.4
17 3456.0 3459.5 150.12 4034.0 12337.99 397.2 10.93 1180.3
18 3502.0 3506.4 150.13 4060.0 12291.9 363.7 11.98 1115.6
19 3394.0 3398.7 150.1 3906.0 12007.84 326.3 8.79 1309.2
20 3376.0 3379.7 150.15 3930.0 11979.8 420.1 9.97 1237.6
21 3481.0 3487.3 150.1 4081.0 12821.03 376.3 10.8 1182.3
22 3581.0 3586.4 150.11 4208.0 13515.18 461.0 11.37 1097.6
23 3286.0 3290.0 150.08 3834.0 10832.06 366.6 7.58 1372.8
24 3352.0 3355.9 150.1 3940.0 12007.06 440.1 12.05 1099.4
25 3552.0 3556.7 150.12 4132.0 13215.07 457.5 14.26 1054.0
26 3367.0 3371.3 150.11 3917.0 11890.46 353.8 8.95 1274.2
27 3458.0 3465.4 150.11 4029.0 12683.37 397.2 10.46 1201.1
28 3391.0 3395.9 150.09 3944.0 11395.75 370.1 10.18 1213.5
29 3207.0 3209.3 150.03 3748.0 10939.28 384.4 8.0 1354.3
30 3138.0 3143.9 150.05 3669.0 11521.68 399.5 9.11 1281.2
31 3189.0 3194.7 150.07 3713.0 10487.24 388.8 7.29 1382.7
32 3466.0 3471.0 150.09 4039.0 12218.9 375.1 11.82 1141.0
33 3548.0 3554.3 150.09 4123.0 13011.9 379.7 12.32 1120.5
34 3377.0 3383.0 150.06 3956.0 11377.21 398.8 11.23 1190.7
35 3389.0 3393.5 150.08 3952.0 11963.06 416.8 9.66 1198.6
36 3389.0 3393.4 150.06 3914.0 11802.3 415.0 9.58 1269.9
37 3567.0 3573.5 150.1 4145.0 12709.4 397.4 12.7 1062.8
38 3521.0 3527.7 150.11 4106.0 13155.4 434.4 11.03 1140.1
39 3313.0 3313.6 150.13 3886.0 12355.11 387.3 10.64 1186.1
40 3173.0 3178.3 150.06 3712.0 10758.11 424.0 7.69 1376.6
41 3345.0 3350.7 150.14 3886.0 12164.19 370.7 10.39 1179.1
42 3386.0 3389.8 150.08 3915.0 11772.22 462.0 11.65 1153.0
43 3306.0 3307.9 150.11 3898.0 12064.79 430.4 10.58 1210.2
44 3496.0 3502.6 150.14 4092.0 12256.23 450.5 10.72 1181.9
45 3471.0 3476.9 150.11 4007.0 12619.47 460.3 9.78 1202.6
46 3285.0 3296.1 150.08 3826.0 12090.74 398.0 8.19 1324.4
47 3221.0 3227.8 150.05 3693.0 11359.03 426.4 9.19 1316.4
48 3478.0 3482.5 150.11 4049.0 12161.24 399.6 10.36 1213.9
49 3487.0 3491.9 150.12 4073.0 12358.79 422.3 9.76 1162.8
50 3464.0 3469.2 150.15 4061.0 11813.05 432.0 12.51 1134.8
51 3271.0 3279.6 150.07 3805.0 11039.24 357.7 7.4 1402.5
52 3227.0 3233.9 150.13 3707.0 11675.16 365.5 10.77 1145.4
53 3410.0 3414.6 150.1 3972.0 11509.08 354.9 9.88 1248.3
54 3263.0 3267.8 150.1 3813.0 11437.41 402.8 9.72 1279.3
55 3600.0 3604.3 150.14 4240.0 12930.14 504.8 11.89 1133.6
56 3580.0 3582.8 150.1 4201.0 12415.8 474.2 11.09 1156.4
57 3591.0 3593.9 150.08 4162.0 12705.18 433.7 13.21 1038.0
58 3517.0 3520.7 150.1 4079.0 12201.24 437.1 12.89 1099.5
59 3194.0 3200.6 150.06 3754.0 11434.3 394.8 8.67 1325.5
60 3295.0 3300.9 150.1 3825.0 11650.21 371.5 9.34 1250.9
61 3310.0 3313.8 150.15 3853.0 11420.5 408.9 9.62 1226.5
62 3511.0 3516.1 150.09 4130.0 12334.53 389.2 9.66 1256.1
63 3450.0 3454.5 150.11 4015.0 13043.17 393.0 13.63 1084.7
64 3373.0 3382.5 150.1 3960.0 11332.69 418.5 10.86 1210.1
65 3586.0 3591.6 150.09 4199.0 13315.27 419.8 12.68 1053.1
66 3515.0 3523.3 150.12 4119.0 12094.32 445.4 10.63 1152.8
67 3326.0 3329.6 150.12 3874.0 11258.04 350.1 8.45 1334.6
68 3234.0 3236.3 150.05 3770.0 10878.14 422.4 9.64 1248.3
69 3509.0 3518.4 150.09 4134.0 12932.06 438.4 11.16 1165.4
70 3414.0 3416.4 150.09 4013.0 12392.68 426.1 11.21 1145.4
71 3472.0 3477.6 150.09 4050.0 11828.89 419.0 10.22 1210.6
72 3517.0 3521.9 150.14 4074.0 13044.12 467.0 12.23 1078.5
73 3304.0 3307.7 150.09 3875.0 11500.87 453.4 10.12 1210.2
74 3178.0 3181.0 150.06 3664.0 11374.69 346.6 7.24 1367.2
75 3303.0 3310.7 150.08 3819.0 12590.9 334.9 9.12 1331.1
76 3511.0 3514.6 150.15 4098.0 12790.07 476.1 10.83 1145.5
77 3359.0 3363.6 150.1 3920.0 12381.96 445.8 12.6 1141.3
78 3338.0 3345.3 150.06 3881.0 11215.25 351.0 7.23 1359.1
79 3538.0 3545.0 150.09 4156.0 13089.12 493.1 13.16 1076.9
80 3430.0 3434.9 150.19 3992.0 11331.74 348.3 10.17 1179.1
81 3323.0 3327.2 150.06 3860.0 10951.3 401.9 7.65 1385.8
82 3367.0 3376.4 150.11 3877.0 11837.25 404.4 9.68 1231.5
83 3308.0 3312.2 150.05 3865.0 12270.98 345.8 9.55 1265.8
84 3431.0 3439.5 150.16 4003.0 12271.21 435.3 9.73 1226.7
85 3397.0 3404.2 150.08 3945.0 11750.86 443.3 10.31 1195.0
86 3450.0 3454.7 150.07 4039.0 11478.67 432.1 9.36 1234.5
87 3427.0 3432.0 150.08 4015.0 11790.04 477.2 12.09 1087.7
88 3276.0 3282.0 150.04 3802.0 11026.17 384.8 9.36 1309.7
89 3309.0 3314.2 150.06 3822.0 10814.39 298.8 8.86 1338.2
90 3719.0 3725.3 150.12 4371.0 14011.38 457.4 13.46 1015.8
91 3340.0 3345.3 150.06 3888.0 11566.6 400.2 8.24 1360.5
92 3444.0 3447.5 150.1 4040.0 11918.13 460.4 11.5 1191.8
93 3205.0 3209.4 150.11 3713.0 12144.64 365.9 8.83 1301.6
94 3344.0 3346.8 150.08 3884.0 11376.55 343.9 7.4 1385.2
95 3510.0 3514.8 150.14 4125.0 12509.53 435.9 12.33 1109.4
96 3378.0 3382.9 150.06 3921.0 11413.44 346.6 8.26 1275.5
97 3523.0 3526.8 150.06 4130.0 12609.42 494.9 11.0 1146.8
98 3185.0 3190.5 150.06 3693.0 11377.02 443.4 8.36 1378.4
99 3644.0 3648.6 150.04 4244.0 12180.68 428.2 10.68 1227.1
100 3395.0 3397.7 150.04 3945.0 12962.93 431.7 10.98 1193.7
