1 3251.0 3274.4 151.32 3650.0 11036.44 112.3 8.63 112.9
2 3462.0 3500.2 150.68 3925.0 11457.88 128.7 7.91 129.5
3 3516.0 3567.8 151.65 3914.0 12411.82 94.2 10.48 95.0
4 3477.0 3516.1 151.0 3942.0 11520.38 112.6 8.79 113.5
5 3772.0 3826.7 151.48 4173.0 12927.96 78.7 12.51 79.5
6 3237.0 3271.0 150.64 3682.0 10680.83 118.8 8.18 119.4
7 3616.0 3662.8 150.96 3996.0 12015.83 89.5 11.94 90.0
8 3738.0 3769.1 151.73 4096.0 12502.25 79.8 12.61 80.6
9 3341.0 3395.7 151.0 3808.0 11962.47 116.5 9.43 117.1
10 3618.0 3680.1 150.69 4019.0 12767.97 87.6 11.02 88.0
11 3399.0 3425.8 151.08 3775.0 11305.04 108.6 9.66 109.6
12 3488.0 3529.7 151.01 3956.0 11501.35 113.2 9.41 114.1
13 3638.0 3679.9 151.25 3994.0 13126.41 79.9 11.98 80.4
14 3469.0 3507.1 151.19 3932.0 11922.78 108.2 9.17 109.2
15 3535.0 3574.4 151.41 3936.0 11755.83 94.6 10.62 95.2
16 3768.0 3820.3 151.11 4185.0 13191.29 85.0 11.71 86.0
17 3584.0 3636.2 151.06 4034.0 12337.99 95.8 10.73 96.1
18 3640.0 3690.2 151.19 4060.0 12291.9 94.9 10.9 95.5
19 3451.0 3498.2 150.68 3906.0 12007.84 115.6 8.45 116.6
20 3507.0 3550.1 151.21 3930.0 11979.8 103.2 9.39 103.6
21 3600.0 3663.4 150.61 4081.0 12821.03 96.3 11.24 96.5
22 3805.0 3837.9 150.92 4208.0 13515.18 82.5 11.31 83.1
23 3383.0 3410.4 150.65 3834.0 10832.06 122.2 7.43 122.6
24 3506.0 3562.8 150.95 3940.0 12007.06 90.5 10.55 91.2
25 3733.0 3797.1 151.33 4132.0 13215.07 82.7 13.28 83.4
26 3462.0 3499.5 150.86 3917.0 11890.46 111.5 9.16 112.5
27 3598.0 3653.6 150.76 4029.0 12683.37 96.4 10.52 97.6
28 3531.0 3567.8 151.34 3944.0 11395.75 99.6 10.07 100.3
29 3273.0 3326.4 151.07 3748.0 10939.28 125.4 7.6 125.9
30 3244.0 3261.9 150.9 3669.0 11521.68 111.8 9.35 112.6
31 3255.0 3291.8 150.62 3713.0 10487.24 126.9 7.56 127.4
32 3583.0 3646.0 151.18 4039.0 12218.9 92.4 11.2 93.2
33 3721.0 3759.8 151.17 4123.0 13011.9 86.3 11.82 87.1
34 3496.0 3561.2 151.37 3956.0 11377.21 98.1 10.84 98.7
35 3499.0 3561.5 151.12 3952.0 11963.06 98.6 10.39 99.1
36 3469.0 3502.1 150.95 3914.0 11802.3 115.9 8.91 117.2
37 3734.0 3808.2 151.53 4145.0 12709.4 80.5 13.49 81.4
38 3667.0 3720.6 151.3 4106.0 13155.4 91.3 10.94 92.1
39 3445.0 3485.2 150.71 3886.0 12355.11 92.7 10.72 93.8
40 3236.0 3265.2 150.98 3712.0 10758.11 124.5 7.46 125.5
41 3443.0 3491.2 151.44 3886.0 12164.19 98.8 10.2 99.8
42 3551.0 3583.7 151.2 3915.0 11772.22 94.5 11.57 95.2
43 3459.0 3480.7 151.08 3898.0 12064.79 104.0 9.39 104.9
44 3638.0 3686.5 151.02 4092.0 12256.23 92.6 10.25 93.2
45 3592.0 3648.3 151.17 4007.0 12619.47 102.9 9.58 103.8
46 3365.0 3414.1 151.1 3826.0 12090.74 118.7 9.06 120.1
47 3293.0 3336.0 151.19 3693.0 11359.03 112.7 8.76 113.2
48 3639.0 3663.2 151.14 4049.0 12161.24 104.7 9.39 105.5
49 3597.0 3637.7 151.22 4073.0 12358.79 100.0 9.8 100.3
50 3582.0 3680.3 151.37 4061.0 11813.05 88.4 12.27 89.4
51 3320.0 3365.3 150.68 3805.0 11039.24 127.1 8.22 127.6
52 3330.0 3374.8 151.1 3707.0 11675.16 101.0 9.49 102.1
53 3535.0 3559.1 150.92 3972.0 11509.08 108.9 10.14 109.4
54 3402.0 3446.2 151.4 3813.0 11437.41 104.0 9.22 105.2
55 3803.0 3848.9 150.92 4240.0 12930.14 86.9 12.42 87.6
56 3723.0 3790.3 151.25 4201.0 12415.8 97.4 10.16 97.9
57 3791.0 3852.1 151.53 4162.0 12705.18 82.7 12.08 83.1
58 3682.0 3750.1 150.72 4079.0 12201.24 82.3 12.27 83.9
59 3291.0 3327.9 151.08 3754.0 11434.3 119.4 8.68 120.8
60 3392.0 3416.4 150.61 3825.0 11650.21 115.4 8.86 115.8
61 3447.0 3466.9 150.76 3853.0 11420.5 107.1 9.29 107.6
62 3624.0 3671.3 151.21 4130.0 12334.53 105.0 9.42 106.6
63 3631.0 3664.8 151.19 4015.0 13043.17 85.3 11.9 85.8
64 3498.0 3546.5 150.94 3960.0 11332.69 101.3 9.68 102.5
65 3749.0 3791.2 151.62 4199.0 13315.27 79.7 12.02 80.2
66 3676.0 3697.8 150.97 4119.0 12094.33 95.5 10.58 96.4
67 3393.0 3435.6 150.62 3874.0 11258.04 121.7 8.41 122.9
68 3359.0 3391.1 150.66 3770.0 10878.14 104.4 10.37 105.7
69 3655.0 3726.4 150.89 4134.0 12932.06 94.6 10.02 95.3
70 3587.0 3617.2 151.14 4013.0 12392.68 94.9 10.62 95.8
71 3598.0 3633.3 151.09 4050.0 11828.89 107.3 9.01 107.7
72 3739.0 3785.1 151.33 4074.0 13044.12 81.5 11.48 82.1
73 3436.0 3489.2 150.86 3875.0 11500.87 105.1 9.74 105.7
74 3204.0 3249.4 150.99 3664.0 11374.69 128.6 7.36 129.1
75 3373.0 3413.0 151.16 3819.0 12590.9 121.1 8.64 121.4
76 3673.0 3715.3 150.83 4098.0 12790.07 96.6 10.86 97.3
77 3497.0 3545.5 151.31 3920.0 12381.96 95.4 10.86 96.0
78 3393.0 3451.0 150.81 3881.0 11215.25 127.2 7.2 128.3
79 3704.0 3755.7 151.44 4156.0 13089.12 80.9 13.01 81.6
80 3528.0 3581.6 151.17 3992.0 11331.74 104.1 10.57 104.6
81 3378.0 3417.3 150.73 3860.0 10951.3 131.3 7.23 132.4
82 3451.0 3492.1 151.03 3877.0 11837.25 106.0 9.44 107.3
83 3381.0 3420.3 151.43 3865.0 12270.98 115.2 9.08 116.2
84 3583.0 3626.8 150.85 4003.0 12271.21 105.6 9.7 106.3
85 3540.0 3576.7 151.04 3945.0 11750.86 98.6 10.32 98.9
86 3563.0 3602.5 150.78 4039.0 11478.67 114.8 8.52 115.6
87 3593.0 3642.4 151.08 4015.0 11790.04 85.4 11.66 86.4
88 3343.0 3403.6 150.5 3802.0 11026.17 114.3 10.05 115.2
89 3346.0 3384.5 150.43 3822.0 10814.39 124.1 7.93 125.1
90 3947.0 4008.1 151.47 4371.0 14011.38 79.0 12.35 79.7
91 3420.0 3454.8 150.88 3888.0 11566.6 121.7 8.36 122.5
92 3568.0 3635.5 150.94 4040.0 11918.13 96.8 10.4 97.9
93 3287.0 3317.1 150.53 3713.0 12144.64 116.5 9.63 117.0
94 3402.0 3431.9 150.52 3884.0 11376.55 130.1 7.85 130.4
95 3679.0 3728.2 150.95 4125.0 12509.53 90.6 11.51 91.3
96 3454.0 3518.1 150.72 3921.0 11413.44 112.2 8.54 112.8
97 3712.0 3741.6 150.97 4130.0 12609.42 91.2 10.47 92.1
98 3255.0 3319.1 150.67 3693.0 11377.02 127.8 8.22 128.6
99 3815.0 3858.2 150.75 4244.0 12180.68 101.5 10.45 102.2
100 3554.0 3589.9 150.5 3945.0 12962.93 95.0 10.73 96.3
