1 3138.0 3138.0 150.22 3650.0 11036.44 143.1 8.19 880.6
2 3370.0 3370.0 150.07 3925.0 11457.88 146.4 7.54 962.6
3 3370.0 3370.0 150.16 3914.0 12411.82 150.6 9.57 821.5
4 3370.0 3370.0 150.09 3942.0 11520.38 144.1 10.19 873.9
5 3550.0 3550.0 150.2 4173.0 12927.96 191.8 13.27 706.8
6 3179.0 3179.0 150.08 3682.0 10680.83 125.7 8.05 945.5
7 3430.0 3430.0 150.11 3996.0 12015.83 168.7 10.78 803.3
8 3479.0 3479.0 150.21 4096.0 12502.25 202.5 12.84 718.6
9 3245.0 3245.0 150.14 3808.0 11962.47 143.7 8.66 920.9
10 3439.0 3439.0 150.19 4019.0 12767.97 174.8 11.63 781.5
11 3283.0 3283.0 150.11 3775.0 11305.04 140.2 10.8 868.7
12 3392.0 3392.0 150.11 3956.0 11501.35 139.6 8.67 880.9
13 3422.0 3422.0 150.11 3994.0 13126.41 169.4 12.08 736.0
14 3362.0 3362.0 150.1 3932.0 11922.78 144.8 9.56 865.0
15 3368.0 3368.0 150.17 3936.0 11755.83 162.7 9.97 823.1
16 3585.0 3585.0 150.18 4185.0 13191.29 168.9 13.05 754.1
17 3456.0 3456.0 150.14 4034.0 12337.99 157.2 11.46 809.6
18 3502.0 3502.0 150.14 4060.0 12291.89 139.3 11.04 809.4
19 3394.0 3394.0 150.07 3906.0 12007.84 134.7 8.96 914.4
20 3376.0 3376.0 150.18 3930.0 11979.8 163.9 9.47 835.1
21 3481.0 3481.0 150.09 4081.0 12821.03 148.5 10.01 789.3
22 3581.0 3581.0 150.21 4208.0 13515.18 172.9 11.34 737.3
23 3286.0 3286.0 150.05 3834.0 10832.06 142.0 7.21 935.7
24 3352.0 3352.0 150.08 3940.0 12007.06 157.2 11.13 780.9
25 3552.0 3552.0 150.17 4132.0 13215.07 169.7 13.11 725.5
26 3367.0 3367.0 150.2 3917.0 11890.46 141.4 9.98 877.2
27 3458.0 3458.0 150.17 4029.0 12683.37 151.6 10.22 813.4
28 3391.0 3391.0 150.16 3944.0 11395.75 141.3 10.48 830.3
29 3207.0 3207.0 150.12 3748.0 10939.28 150.9 7.45 954.7
30 3138.0 3138.0 150.13 3669.0 11521.68 135.7 9.0 885.1
31 3189.0 3189.0 150.08 3713.0 10487.24 136.6 7.46 977.7
32 3466.0 3466.0 150.25 4039.0 12218.9 148.8 11.26 777.1
33 3548.0 3548.0 150.11 4123.0 13011.9 143.9 11.8 747.3
34 3377.0 3377.0 150.13 3956.0 11377.21 152.5 10.92 822.3
35 3389.0 3389.0 150.1 3952.0 11963.06 148.0 9.31 848.1
36 3389.0 3389.0 150.15 3914.0 11802.3 144.7 8.67 884.2
37 3567.0 3567.0 150.14 4145.0 12709.4 147.5 12.83 730.7
38 3521.0 3521.0 150.11 4106.0 13155.4 144.4 10.97 786.7
39 3313.0 3313.0 150.2 3886.0 12355.11 141.5 10.09 804.6
40 3173.0 3173.0 150.12 3712.0 10758.11 133.6 7.89 942.0
41 3345.0 3345.0 150.13 3886.0 12164.19 141.2 9.85 831.4
42 3386.0 3386.0 150.13 3915.0 11772.22 157.7 11.08 790.4
43 3306.0 3306.0 150.17 3898.0 12064.79 156.0 9.72 841.5
44 3496.0 3496.0 150.14 4092.0 12256.23 152.0 10.65 787.4
45 3471.0 3471.0 150.11 4007.0 12619.47 155.2 9.64 853.3
46 3285.0 3285.0 150.07 3826.0 12090.73 138.0 7.98 943.5
47 3219.0 3219.0 150.08 3693.0 11359.03 137.5 8.91 883.4
48 3478.0 3478.0 150.14 4049.0 12161.24 151.6 9.61 873.8
49 3487.0 3487.0 150.15 4073.0 12358.79 138.9 11.2 820.4
50 3464.0 3464.0 150.22 4061.0 11813.05 159.4 11.13 750.7
51 3271.0 3271.0 150.11 3805.0 11039.24 132.1 7.31 953.8
52 3227.0 3227.0 150.13 3707.0 11675.16 136.4 9.72 824.1
53 3410.0 3410.0 150.13 3972.0 11509.08 145.9 10.35 866.0
54 3263.0 3263.0 150.14 3813.0 11437.41 161.2 9.52 871.7
55 3600.0 3600.0 150.23 4240.0 12930.14 170.5 11.01 793.5
56 3580.0 3580.0 150.09 4201.0 12415.8 165.8 10.41 807.1
57 3591.0 3591.0 150.2 4162.0 12705.18 160.7 12.34 740.3
58 3518.0 3518.0 150.19 4079.0 12201.24 160.6 11.72 734.8
59 3194.0 3194.0 150.11 3754.0 11434.3 149.5 8.58 927.8
60 3295.0 3295.0 150.12 3825.0 11650.21 144.1 8.61 881.1
61 3310.0 3310.0 150.07 3853.0 11420.5 152.7 9.82 849.6
62 3511.0 3511.0 150.13 4130.0 12334.53 158.0 10.5 841.9
63 3450.0 3450.0 150.29 4015.0 13043.17 151.9 12.04 762.8
64 3373.0 3373.0 150.13 3960.0 11332.69 153.6 9.47 825.1
65 3586.0 3586.0 150.19 4199.0 13315.27 158.2 12.05 714.5
66 3515.0 3515.0 150.1 4119.0 12094.33 162.9 11.1 802.6
67 3326.0 3326.0 150.16 3874.0 11258.04 134.6 7.89 949.9
68 3234.0 3234.0 150.11 3770.0 10878.14 144.0 10.34 838.7
69 3509.0 3509.0 150.14 4134.0 12932.06 173.2 11.0 789.2
70 3414.0 3414.0 150.2 4013.0 12392.68 159.4 10.35 775.2
71 3472.0 3472.0 150.14 4050.0 11828.89 162.6 8.9 868.0
72 3517.0 3517.0 150.14 4074.0 13044.12 167.5 12.29 742.1
73 3304.0 3304.0 150.16 3875.0 11500.87 160.9 10.16 856.2
74 3178.0 3178.0 150.09 3664.0 11374.69 128.6 7.08 943.9
75 3303.0 3303.0 150.14 3819.0 12590.9 133.4 8.55 893.1
76 3511.0 3511.0 150.12 4098.0 12790.07 159.7 11.01 808.8
77 3359.0 3359.0 150.16 3920.0 12381.96 160.8 11.12 775.6
78 3338.0 3338.0 150.08 3881.0 11215.25 133.0 7.14 949.1
79 3538.0 3538.0 150.16 4156.0 13089.12 158.7 12.73 740.2
80 3430.0 3430.0 150.12 3992.0 11331.74 143.6 10.17 846.5
81 3323.0 3323.0 150.08 3860.0 10951.3 139.4 7.5 972.1
82 3367.0 3367.0 150.11 3877.0 11837.25 125.2 9.31 853.5
83 3308.0 3308.0 150.14 3865.0 12270.98 127.2 8.55 864.0
84 3431.0 3431.0 150.12 4003.0 12271.21 170.8 9.54 861.9
85 3397.0 3397.0 150.15 3945.0 11750.86 148.8 10.77 787.8
86 3450.0 3450.0 150.12 4039.0 11478.67 171.2 9.41 893.7
87 3427.0 3427.0 150.16 4015.0 11790.04 162.1 11.39 743.6
88 3276.0 3276.0 150.1 3802.0 11026.17 147.2 8.84 921.8
89 3309.0 3309.0 150.09 3822.0 10814.39 120.8 7.86 924.9
90 3719.0 3719.0 150.11 4371.0 14011.38 180.1 12.83 722.6
91 3340.0 3340.0 150.08 3888.0 11566.6 143.2 8.36 938.3
92 3444.0 3444.0 150.14 4040.0 11918.13 148.5 11.46 787.2
93 3205.0 3205.0 150.14 3713.0 12144.64 134.8 9.46 888.9
94 3344.0 3344.0 150.11 3884.0 11376.55 133.0 7.93 949.5
95 3510.0 3510.0 150.18 4125.0 12509.53 164.9 12.17 761.8
96 3378.0 3378.0 150.13 3921.0 11413.44 143.6 8.39 895.6
97 3523.0 3523.0 150.12 4130.0 12609.42 164.2 10.74 796.3
98 3185.0 3185.0 150.04 3693.0 11377.02 163.5 8.18 961.9
99 3644.0 3644.0 150.08 4244.0 12180.68 165.2 10.6 840.0
100 3395.0 3395.0 150.09 3945.0 12962.93 173.5 10.95 825.9
