1 3138.0 3139.5 150.11 3650.0 11036.44 211.5 8.74 1074.6
2 3370.0 3373.8 150.08 3925.0 11457.88 298.4 7.57 1142.9
3 3370.0 3373.1 150.11 3914.0 12411.82 270.6 10.25 969.9
4 3370.0 3376.4 150.14 3942.0 11520.38 216.0 9.33 1097.1
5 3551.0 3555.5 150.09 4173.0 12927.96 294.7 12.9 855.1
6 3179.0 3180.1 150.06 3682.0 10680.83 191.4 8.3 1106.5
7 3430.0 3433.7 150.1 3996.0 12015.83 301.0 11.33 928.9
8 3480.0 3486.5 150.16 4096.0 12502.25 337.4 13.32 863.8
9 3245.0 3250.6 150.07 3808.0 11962.47 244.9 9.05 1072.3
10 3439.0 3445.4 150.14 4019.0 12767.97 269.5 11.77 917.5
11 3283.0 3285.8 150.05 3775.0 11305.04 206.2 10.37 1029.3
12 3392.0 3397.8 150.09 3956.0 11501.35 276.9 8.97 1057.9
13 3422.0 3424.0 150.14 3994.0 13126.41 249.9 11.98 899.0
14 3362.0 3369.3 150.1 3932.0 11922.78 364.1 9.5 1022.2
15 3368.0 3371.9 150.14 3936.0 11755.83 243.4 10.76 975.2
16 3585.0 3586.8 150.09 4185.0 13191.29 351.6 12.37 919.0
17 3456.0 3459.6 150.13 4034.0 12337.99 237.2 11.77 947.2
18 3502.0 3507.4 150.11 4060.0 12291.9 205.5 11.46 954.4
19 3394.0 3399.8 150.06 3906.0 12007.84 303.8 8.96 1051.5
20 3376.0 3376.9 150.08 3930.0 11979.8 261.7 9.88 1004.8
21 3481.0 3485.8 150.1 4081.0 12821.03 228.6 10.57 973.3
22 3581.0 3587.5 150.15 4208.0 13515.18 304.6 12.7 875.3
23 3286.0 3291.6 150.05 3834.0 10832.06 261.7 7.93 1141.2
24 3352.0 3355.6 150.1 3940.0 12007.06 413.5 11.08 929.0
25 3552.0 3556.0 150.14 4132.0 13215.07 308.4 12.4 867.4
26 3367.0 3369.3 150.1 3917.0 11890.46 199.5 9.17 1068.7
27 3458.0 3462.0 150.09 4029.0 12683.37 239.2 10.72 975.3
28 3391.0 3393.8 150.16 3944.0 11395.75 253.6 10.5 984.4
29 3207.0 3210.9 150.12 3748.0 10939.28 303.3 7.75 1137.0
30 3138.0 3139.7 150.11 3669.0 11521.68 307.3 9.18 1048.6
31 3189.0 3194.7 150.07 3713.0 10487.24 214.7 7.7 1127.2
32 3466.0 3472.4 150.1 4039.0 12218.9 305.4 11.2 961.6
33 3548.0 3551.3 150.15 4123.0 13011.9 319.9 12.6 908.2
34 3377.0 3385.3 150.14 3956.0 11377.21 338.4 10.23 979.2
35 3389.0 3392.9 150.11 3952.0 11963.06 237.3 10.15 987.0
36 3389.0 3393.3 150.09 3914.0 11802.3 235.6 9.03 1066.7
37 3567.0 3568.6 150.17 4145.0 12709.4 267.3 12.82 872.8
38 3521.0 3524.3 150.13 4106.0 13155.4 274.1 10.77 949.1
39 3313.0 3315.8 150.11 3886.0 12355.12 225.4 10.8 971.8
40 3173.0 3175.2 150.06 3712.0 10758.11 445.3 7.96 1129.5
41 3344.0 3348.6 150.11 3886.0 12164.19 220.8 10.34 968.5
42 3386.0 3393.7 150.13 3915.0 11772.22 257.7 11.74 946.3
43 3306.0 3308.7 150.09 3898.0 12064.79 238.3 10.14 997.3
44 3496.0 3499.6 150.12 4092.0 12256.23 269.1 10.79 961.2
45 3471.0 3473.3 150.15 4007.0 12619.47 254.7 9.44 1010.8
46 3285.0 3286.5 150.1 3826.0 12090.73 263.2 8.49 1110.1
47 3219.0 3220.3 150.14 3693.0 11359.03 200.8 9.28 1049.0
48 3478.0 3479.6 150.11 4049.0 12161.24 379.8 10.27 1021.5
49 3487.0 3491.4 150.11 4073.0 12358.79 323.2 10.41 972.8
50 3464.0 3468.4 150.18 4061.0 11813.05 331.4 11.81 918.2
51 3271.0 3279.8 150.11 3805.0 11039.24 284.3 7.66 1135.0
52 3227.0 3232.9 150.14 3707.0 11675.16 200.7 9.94 997.1
53 3410.0 3414.0 150.09 3972.0 11509.08 216.2 9.97 1022.5
54 3263.0 3265.8 150.14 3813.0 11437.41 253.9 9.89 1020.8
55 3600.0 3601.6 150.12 4240.0 12930.14 275.5 11.72 935.2
56 3580.0 3584.0 150.11 4201.0 12415.8 244.2 10.64 992.0
57 3591.0 3592.7 150.25 4162.0 12705.18 284.5 12.4 859.3
58 3517.0 3520.3 150.14 4079.0 12201.25 235.9 12.37 877.0
59 3194.0 3197.2 150.06 3754.0 11434.3 263.9 8.76 1095.9
60 3295.0 3299.0 150.08 3825.0 11650.21 228.3 8.99 1063.5
61 3310.0 3315.4 150.12 3853.0 11420.5 247.4 9.8 1020.4
62 3511.0 3515.2 150.1 4130.0 12334.53 317.5 9.94 1014.4
63 3450.0 3450.8 150.14 4015.0 13043.17 244.7 12.59 892.4
64 3372.0 3374.5 150.09 3960.0 11332.69 299.1 9.85 996.0
65 3586.0 3587.9 150.13 4199.0 13315.27 276.8 13.28 865.7
66 3515.0 3517.3 150.16 4119.0 12094.33 273.9 11.83 940.8
67 3326.0 3328.9 150.09 3874.0 11258.04 231.4 8.16 1115.0
68 3234.0 3239.2 150.08 3770.0 10878.14 380.7 10.0 1044.4
69 3509.0 3510.3 150.11 4134.0 12932.06 316.4 11.14 925.8
70 3414.0 3417.1 150.15 4013.0 12392.68 243.0 11.44 957.2
71 3472.0 3476.7 150.09 4050.0 11828.89 233.3 9.46 1020.8
72 3517.0 3520.9 150.12 4074.0 13044.12 268.4 11.74 882.6
73 3304.0 3307.0 150.09 3875.0 11500.87 309.3 10.21 1031.5
74 3178.0 3182.6 150.06 3664.0 11374.69 224.6 7.66 1091.6
75 3303.0 3307.6 150.13 3819.0 12590.9 212.6 9.31 1060.0
76 3511.0 3517.0 150.13 4098.0 12790.07 408.4 11.22 954.7
77 3359.0 3363.3 150.12 3920.0 12381.96 312.4 11.74 926.7
78 3338.0 3340.0 150.08 3881.0 11215.25 228.4 7.74 1115.8
79 3538.0 3541.5 150.2 4156.0 13089.12 238.3 13.39 865.4
80 3430.0 3432.3 150.12 3992.0 11331.74 203.4 10.61 1018.1
81 3322.0 3324.4 150.08 3860.0 10951.3 211.3 7.76 1152.8
82 3367.0 3372.8 150.13 3877.0 11837.25 271.5 10.06 1021.7
83 3308.0 3312.0 150.18 3865.0 12270.98 289.0 9.67 1042.3
84 3431.0 3437.3 150.12 4003.0 12271.21 294.6 10.01 1018.2
85 3397.0 3401.6 150.12 3945.0 11750.86 266.7 11.2 965.0
86 3450.0 3452.2 150.11 4039.0 11478.67 418.4 8.88 1087.9
87 3427.0 3431.7 150.13 4015.0 11790.04 308.6 11.5 910.7
88 3276.0 3278.0 150.09 3802.0 11026.17 248.9 9.01 1092.4
89 3309.0 3311.0 150.07 3822.0 10814.39 275.1 7.95 1094.1
90 3719.0 3720.7 150.12 4371.0 14011.38 313.9 12.42 890.5
91 3340.0 3347.8 150.07 3888.0 11566.6 347.3 8.26 1095.7
92 3444.0 3447.2 150.11 4040.0 11918.13 345.3 12.02 962.3
93 3205.0 3205.9 150.09 3713.0 12144.64 264.1 8.9 1094.3
94 3344.0 3346.1 150.07 3884.0 11376.55 306.7 7.79 1139.4
95 3510.0 3513.6 150.24 4125.0 12509.53 286.9 11.71 929.6
96 3378.0 3380.9 150.13 3921.0 11413.44 291.2 8.38 1085.3
97 3523.0 3525.2 150.05 4130.0 12609.42 277.0 11.59 975.1
98 3185.0 3187.9 150.04 3693.0 11377.02 377.9 8.28 1162.2
99 3644.0 3647.7 150.06 4244.0 12180.68 295.5 10.68 1033.8
100 3395.0 3399.4 150.06 3945.0 12962.93 233.7 11.14 998.1
