1 3395.0 3445.2 153.79 3650.0 11036.44 28.4 8.44 28.5
2 3624.0 3684.3 151.95 3925.0 11457.88 31.1 7.62 31.4
3 3708.0 3726.5 152.37 3914.0 12411.82 23.7 10.81 24.1
4 3666.0 3703.5 152.78 3942.0 11520.38 27.8 8.89 28.1
5 3944.0 3971.5 154.89 4173.0 12927.96 19.5 12.23 19.7
6 3411.0 3444.5 153.12 3682.0 10680.83 30.2 7.74 30.6
7 3789.0 3839.4 153.29 3996.0 12015.83 21.7 10.88 22.0
8 3891.0 3935.6 154.23 4096.0 12502.25 18.4 13.1 19.0
9 3549.0 3592.8 152.63 3808.0 11962.47 28.2 9.67 28.9
10 3812.0 3860.6 153.19 4019.0 12767.97 20.9 10.97 21.2
11 3567.0 3596.0 153.07 3775.0 11305.04 27.1 9.62 27.9
12 3680.0 3720.7 153.33 3956.0 11501.35 27.0 8.53 27.5
13 3810.0 3843.3 153.03 3994.0 13126.41 19.9 11.34 20.0
14 3649.0 3697.8 153.52 3932.0 11922.78 27.0 9.49 27.2
15 3716.0 3733.8 153.05 3936.0 11755.83 23.8 10.13 24.2
16 3946.0 3997.0 154.49 4185.0 13191.29 20.9 11.87 21.5
17 3809.0 3848.4 153.11 4034.0 12337.99 23.0 11.93 23.4
18 3826.0 3854.1 152.77 4060.0 12291.89 23.2 11.12 23.4
19 3649.0 3690.5 152.69 3906.0 12007.84 28.5 8.52 28.5
20 3693.0 3741.2 152.7 3930.0 11979.8 24.8 9.39 25.0
21 3788.0 3852.8 154.33 4081.0 12821.03 23.7 11.61 23.9
22 3977.0 4012.8 154.27 4208.0 13515.18 19.8 11.41 20.1
23 3541.0 3585.7 152.91 3834.0 10832.06 31.3 7.63 31.7
24 3687.0 3733.5 154.07 3940.0 12007.06 22.0 10.72 22.0
25 3919.0 3986.2 154.62 4132.0 13215.07 19.9 11.79 20.1
26 3631.0 3685.8 152.76 3917.0 11890.46 27.0 10.26 27.2
27 3815.0 3844.6 153.23 4029.0 12683.37 23.5 10.56 23.9
28 3702.0 3742.0 153.24 3944.0 11395.75 24.5 9.8 24.6
29 3437.0 3500.5 152.59 3748.0 10939.28 31.0 7.67 31.3
30 3393.0 3444.9 152.92 3669.0 11521.68 27.7 9.07 27.9
31 3418.0 3472.8 152.74 3713.0 10487.24 31.7 7.96 31.9
32 3788.0 3826.0 154.13 4039.0 12218.9 22.3 10.74 22.7
33 3900.0 3940.3 153.9 4123.0 13011.9 21.5 11.68 21.6
34 3712.0 3742.9 153.75 3956.0 11377.21 24.8 10.57 25.4
35 3680.0 3723.8 152.19 3952.0 11963.06 24.4 10.23 24.4
36 3658.0 3700.6 152.3 3914.0 11802.3 27.7 9.12 28.1
37 3909.0 3969.2 154.21 4145.0 12709.4 19.2 12.38 19.5
38 3853.0 3909.7 154.11 4106.0 13155.4 22.6 11.48 22.8
39 3625.0 3666.8 153.26 3886.0 12355.11 23.0 11.4 23.3
40 3426.0 3465.7 153.22 3712.0 10758.11 31.6 7.88 32.0
41 3684.0 3704.6 152.72 3886.0 12164.19 23.8 9.83 24.0
42 3740.0 3762.3 153.8 3915.0 11772.22 23.2 10.36 23.2
43 3647.0 3678.8 154.03 3898.0 12064.79 25.2 9.97 25.6
44 3844.0 3884.9 153.02 4092.0 12256.23 22.6 10.78 22.8
45 3808.0 3839.9 152.11 4007.0 12619.47 25.2 9.5 25.5
46 3563.0 3596.0 152.5 3826.0 12090.74 29.4 8.83 29.5
47 3515.0 3547.7 151.96 3693.0 11359.03 28.3 9.22 28.4
48 3782.0 3857.0 153.44 4049.0 12161.24 25.6 10.29 26.0
49 3774.0 3832.3 152.77 4073.0 12358.79 23.5 10.21 23.9
50 3814.0 3847.6 152.95 4061.0 11813.05 21.9 11.69 22.0
51 3532.0 3566.0 152.63 3805.0 11039.24 31.0 7.89 31.3
52 3516.0 3551.6 153.41 3707.0 11675.16 23.5 10.0 23.9
53 3709.0 3751.7 152.7 3972.0 11509.08 27.6 10.27 27.9
54 3569.0 3624.4 152.31 3813.0 11437.41 26.4 9.19 26.6
55 3990.0 4034.5 152.42 4240.0 12930.14 20.9 12.83 21.1
56 3920.0 3980.8 152.95 4201.0 12415.8 22.6 10.82 22.7
57 3984.0 4029.2 153.25 4162.0 12705.18 20.0 12.29 20.4
58 3869.0 3920.6 153.77 4079.0 12201.25 20.9 11.55 21.1
59 3479.0 3509.7 151.72 3754.0 11434.3 29.0 9.06 29.3
60 3586.0 3616.0 153.08 3825.0 11650.21 27.7 9.25 27.9
61 3622.0 3667.5 153.12 3853.0 11420.5 24.2 9.94 24.8
62 3846.0 3899.9 152.96 4130.0 12334.53 25.0 9.69 25.8
63 3774.0 3821.1 152.44 4015.0 13043.17 21.0 12.14 21.0
64 3681.0 3731.3 153.02 3960.0 11332.69 24.8 10.27 25.0
65 3923.0 3986.4 153.44 4199.0 13315.27 19.4 12.82 19.5
66 3862.0 3893.8 152.59 4119.0 12094.32 22.8 11.13 23.0
67 3602.0 3643.8 153.52 3874.0 11258.04 30.3 8.29 30.5
68 3549.0 3576.5 152.74 3770.0 10878.14 25.7 10.92 26.0
69 3867.0 3904.0 154.17 4134.0 12932.06 22.8 10.89 22.9
70 3774.0 3797.7 153.05 4013.0 12392.68 22.2 10.77 22.4
71 3808.0 3856.2 153.13 4050.0 11828.89 25.3 8.77 25.9
72 3922.0 3944.1 152.66 4074.0 13044.12 20.0 12.07 20.2
73 3611.0 3665.6 153.6 3875.0 11500.87 26.4 10.43 26.8
74 3414.0 3453.5 152.88 3664.0 11374.69 31.1 7.53 31.2
75 3553.0 3624.1 152.47 3819.0 12590.9 27.4 9.52 27.9
76 3860.0 3897.7 154.2 4098.0 12790.07 23.2 11.01 23.3
77 3686.0 3728.9 155.45 3920.0 12381.96 22.8 11.36 23.1
78 3613.0 3652.4 153.57 3881.0 11215.25 32.0 7.54 32.2
79 3919.0 3943.1 152.54 4156.0 13089.12 19.0 12.94 19.3
80 3715.0 3782.7 151.79 3992.0 11331.74 24.1 10.31 24.3
81 3561.0 3599.3 152.4 3860.0 10951.3 33.1 7.81 33.5
82 3660.0 3683.2 153.1 3877.0 11837.25 25.3 9.99 25.8
83 3593.0 3622.5 153.27 3865.0 12270.98 28.1 8.65 28.1
84 3799.0 3841.6 153.7 4003.0 12271.21 24.8 10.24 25.3
85 3720.0 3767.4 153.08 3945.0 11750.86 24.1 10.74 24.2
86 3797.0 3819.1 152.42 4039.0 11478.67 28.2 9.57 28.5
87 3798.0 3834.3 152.67 4015.0 11790.04 20.7 11.5 20.9
88 3579.0 3595.1 152.48 3802.0 11026.17 28.2 10.27 28.3
89 3559.0 3594.9 151.98 3822.0 10814.39 29.4 8.57 29.5
90 4151.0 4190.8 153.42 4371.0 14011.38 19.1 12.7 19.3
91 3589.0 3648.6 153.78 3888.0 11566.6 30.5 8.31 30.8
92 3774.0 3807.8 153.42 4040.0 11918.13 23.5 11.45 23.6
93 3483.0 3512.4 152.7 3713.0 12144.64 28.3 9.88 28.4
94 3602.0 3639.1 152.38 3884.0 11376.55 31.1 8.0 31.6
95 3886.0 3913.7 152.82 4125.0 12509.53 21.5 11.83 21.7
96 3593.0 3701.9 153.08 3921.0 11413.44 27.2 8.46 27.5
97 3884.0 3935.3 153.15 4130.0 12609.42 22.0 11.1 22.3
98 3494.0 3529.3 152.68 3693.0 11377.02 31.1 9.03 31.1
99 4017.0 4035.4 152.43 4244.0 12180.68 24.3 10.79 24.7
100 3738.0 3764.3 152.03 3945.0 12962.93 23.5 10.78 23.7
