1 308.0 308.0 20.01 333.0 525.96 51.3 0.06 1467.3
2 277.0 277.0 20.01 291.0 477.67 27.7 0.05 1409.6
3 285.0 285.0 20.01 303.0 496.77 21.3 0.07 1364.1
4 288.0 288.0 20.01 310.0 518.2 61.0 0.1 1281.4
5 282.0 282.6 20.01 306.0 509.97 58.4 0.07 1306.1
6 305.0 305.0 20.03 317.0 500.65 22.4 0.05 1546.9
7 288.0 288.1 20.01 305.0 519.49 52.3 0.07 1307.8
8 256.0 256.0 20.01 264.0 451.45 32.2 0.06 1304.5
9 277.0 277.0 20.01 286.0 466.87 35.5 0.05 1535.7
10 316.0 316.0 20.03 337.0 553.73 53.4 0.06 1314.2
11 304.0 304.0 20.02 325.0 531.28 34.7 0.08 1362.7
12 286.0 286.0 20.02 309.0 482.83 39.1 0.07 1242.9
13 266.0 266.0 20.01 281.0 483.84 29.2 0.08 1300.6
14 269.0 269.0 20.01 278.0 477.62 27.3 0.05 1400.5
15 275.0 275.0 20.02 289.0 490.93 36.9 0.07 1457.6
16 295.0 295.0 20.02 318.0 533.9 59.1 0.09 1262.1
17 262.0 262.0 20.02 284.0 465.28 50.4 0.08 1352.9
18 253.0 253.0 20.01 273.0 439.25 37.9 0.05 1493.3
19 244.0 244.0 20.01 265.0 442.61 50.4 0.05 1462.0
20 286.0 286.0 20.02 308.0 504.12 58.1 0.07 1322.3
21 292.0 292.0 20.01 306.0 517.88 32.2 0.06 1369.2
22 237.0 237.0 20.01 250.0 404.94 30.6 0.04 1525.1
23 276.0 276.4 20.02 286.0 454.92 43.8 0.04 1417.5
24 294.0 294.0 20.02 302.0 530.81 17.1 0.07 1274.7
25 238.0 238.0 20.01 248.0 417.52 22.5 0.06 1436.6
26 295.0 295.0 20.01 315.0 493.81 26.7 0.05 1499.2
27 302.0 302.0 20.01 317.0 565.11 35.7 0.09 1284.4
28 288.0 288.2 20.01 317.0 519.51 33.7 0.08 1321.4
29 298.0 298.0 20.01 322.0 548.62 31.4 0.07 1303.3
30 299.0 300.8 20.01 331.0 527.46 141.8 0.09 1270.8
31 265.0 265.0 20.02 285.0 460.8 53.1 0.05 1421.8
32 329.0 329.0 20.02 335.0 510.85 20.2 0.04 1546.2
33 309.0 309.0 20.02 335.0 550.65 65.6 0.07 1287.3
34 312.0 312.2 20.03 334.0 567.2 35.8 0.07 1298.6
35 285.0 285.1 20.01 306.0 511.67 79.9 0.07 1323.2
36 265.0 265.0 20.01 281.0 461.33 26.3 0.05 1469.1
37 276.0 276.4 20.03 294.0 500.16 92.2 0.06 1277.6
38 249.0 249.0 20.02 263.0 421.1 19.0 0.05 1474.6
39 276.0 276.8 20.02 306.0 491.28 76.6 0.06 1426.5
40 260.0 260.6 20.02 279.0 470.56 208.5 0.07 1319.8
41 289.0 289.0 20.03 305.0 469.27 68.7 0.04 1441.1
42 297.0 297.0 20.02 321.0 517.62 30.9 0.08 1376.1
43 297.0 297.0 20.01 318.0 552.83 30.2 0.08 1244.2
44 270.0 270.0 20.01 281.0 491.92 15.1 0.07 1439.9
45 322.0 322.0 20.02 345.0 572.65 38.1 0.1 1258.7
46 243.0 243.0 20.01 250.0 438.66 23.5 0.07 1432.4
47 323.0 323.0 20.0 345.0 534.86 28.4 0.07 1380.6
48 297.0 301.2 20.02 329.0 547.32 121.6 0.07 1305.7
49 268.0 268.0 20.01 288.0 479.24 44.5 0.09 1342.6
50 295.0 295.1 20.02 319.0 500.25 73.5 0.06 1257.4
51 280.0 280.1 20.01 306.0 496.38 95.5 0.09 1350.5
52 344.0 344.0 20.01 360.0 591.65 53.4 0.1 1276.4
53 282.0 282.0 20.01 307.0 529.94 93.0 0.06 1286.0
54 272.0 272.0 20.01 291.0 445.05 46.5 0.05 1511.9
55 304.0 304.2 20.01 316.0 493.62 39.9 0.05 1514.6
56 288.0 288.0 20.01 305.0 497.94 26.7 0.04 1520.3
57 259.0 259.0 20.02 277.0 484.05 36.0 0.06 1375.6
58 336.0 336.1 20.02 359.0 576.1 46.0 0.07 1418.7
59 284.0 284.0 20.02 294.0 483.06 22.0 0.07 1244.7
60 256.0 256.0 20.02 265.0 473.9 25.7 0.06 1323.3
61 308.0 308.0 20.01 333.0 528.77 49.9 0.06 1404.8
62 300.0 300.0 20.02 316.0 528.87 49.0 0.07 1346.8
63 279.0 279.5 20.02 298.0 496.79 102.5 0.06 1306.0
64 290.0 290.0 20.01 308.0 495.63 51.9 0.07 1392.4
65 277.0 277.0 20.01 297.0 473.67 29.2 0.05 1442.3
66 290.0 290.0 20.01 305.0 522.69 62.2 0.08 1318.0
67 329.0 332.6 20.03 353.0 575.34 107.1 0.08 1204.5
68 298.0 298.3 20.02 314.0 528.42 36.7 0.07 1294.2
69 307.0 307.0 20.02 323.0 557.01 100.5 0.07 1319.9
70 277.0 277.0 20.02 286.0 470.86 17.0 0.06 1373.2
71 299.0 299.0 20.02 319.0 523.12 66.8 0.06 1362.1
72 262.0 262.0 20.02 268.0 438.34 15.3 0.05 1432.9
73 277.0 277.0 20.01 294.0 452.45 35.9 0.04 1415.1
74 281.0 281.0 20.01 294.0 526.54 29.4 0.07 1306.0
75 219.0 219.0 20.02 235.0 405.25 46.6 0.04 1472.3
76 296.0 298.3 20.02 320.0 508.78 65.5 0.1 1402.0
77 288.0 288.0 20.01 293.0 480.29 90.2 0.05 1514.1
78 257.0 257.0 20.01 275.0 476.69 35.7 0.06 1246.5
79 281.0 281.0 20.05 303.0 482.88 32.6 0.06 1324.3
80 279.0 279.0 20.04 291.0 494.2 25.8 0.06 1408.1
81 270.0 270.0 20.01 278.0 452.43 24.6 0.06 1481.5
82 347.0 347.0 20.02 368.0 611.92 119.3 0.08 1271.2
83 265.0 265.0 20.02 278.0 503.24 20.6 0.07 1285.6
84 272.0 272.2 20.02 287.0 459.0 53.4 0.08 1444.4
85 304.0 304.7 20.01 321.0 513.23 53.2 0.05 1421.2
86 336.0 336.0 20.01 359.0 571.26 24.7 0.08 1400.8
87 267.0 267.0 20.02 279.0 466.8 63.5 0.06 1389.3
88 305.0 305.4 20.03 322.0 510.98 55.3 0.07 1335.6
89 289.0 289.2 20.01 300.0 495.85 38.5 0.11 1304.7
90 311.0 311.2 20.02 337.0 544.37 34.5 0.06 1281.4
91 280.0 280.0 20.02 296.0 486.86 38.2 0.06 1359.8
92 298.0 298.0 20.05 318.0 514.4 49.1 0.05 1419.3
93 304.0 304.2 20.01 327.0 541.8 43.2 0.11 1252.5
94 308.0 308.1 20.01 322.0 537.95 32.4 0.08 1349.6
95 263.0 263.1 20.02 273.0 447.02 35.1 0.06 1341.6
96 267.0 267.0 20.05 291.0 488.14 181.4 0.1 1307.5
97 263.0 263.9 20.01 273.0 449.38 116.8 0.09 1448.8
98 296.0 296.0 20.01 306.0 517.17 23.4 0.05 1562.7
99 273.0 273.0 20.01 284.0 511.94 39.0 0.06 1444.4
100 262.0 262.1 20.01 273.0 435.23 175.3 0.05 1623.7
