1 308.0 308.0 20.02 333.0 525.96 22.8 0.07 773.5
2 277.0 277.0 20.03 291.0 477.67 13.3 0.06 838.5
3 285.0 285.0 20.01 303.0 496.77 14.3 0.06 748.8
4 288.0 288.0 20.02 310.0 518.2 15.5 0.07 689.3
5 282.0 282.8 20.02 306.0 509.97 95.3 0.07 681.6
6 305.0 305.0 20.03 317.0 500.65 19.1 0.05 876.1
7 288.0 288.0 20.02 305.0 519.49 9.8 0.07 673.4
8 256.0 256.0 20.04 264.0 451.45 6.9 0.06 784.4
9 277.0 277.0 20.02 286.0 466.87 10.5 0.05 875.8
10 316.0 316.1 20.05 337.0 553.73 18.6 0.06 731.8
11 304.0 304.0 20.05 325.0 531.28 22.3 0.07 716.2
12 286.0 286.0 20.03 309.0 482.83 24.2 0.07 749.4
13 266.0 266.0 20.03 281.0 483.84 23.3 0.08 642.8
14 269.0 269.0 20.01 278.0 477.62 14.1 0.05 842.4
15 275.0 275.0 20.02 289.0 490.93 14.0 0.05 800.5
16 295.0 295.0 20.04 318.0 533.9 25.5 0.08 717.5
17 262.0 262.0 20.04 284.0 465.28 28.5 0.06 745.8
18 253.0 253.0 20.02 273.0 439.25 24.7 0.05 853.6
19 244.0 244.0 20.01 265.0 442.61 21.7 0.06 847.6
20 286.0 286.0 20.02 308.0 504.12 22.3 0.06 703.4
21 292.0 292.0 20.01 306.0 517.88 14.2 0.06 764.8
22 237.0 237.0 20.02 250.0 404.94 10.8 0.04 898.3
23 276.0 276.0 20.02 286.0 454.92 9.1 0.05 900.5
24 294.0 294.0 20.04 302.0 530.81 9.1 0.08 683.8
25 238.0 238.0 20.02 248.0 417.52 14.1 0.06 841.3
26 295.0 295.0 20.01 315.0 493.81 12.4 0.05 860.3
27 302.0 302.0 20.03 317.0 565.11 14.8 0.08 644.7
28 288.0 288.3 20.02 317.0 519.51 22.3 0.08 701.1
29 298.0 298.0 20.05 322.0 548.62 18.1 0.07 719.5
30 299.0 299.0 20.02 331.0 527.46 30.4 0.08 688.9
31 265.0 265.2 20.03 285.0 460.8 32.5 0.05 849.0
32 329.0 329.0 20.02 335.0 510.85 11.8 0.04 903.0
33 309.0 309.0 20.03 335.0 550.65 27.4 0.07 652.0
34 312.0 312.0 20.03 334.0 567.2 19.5 0.07 673.2
35 285.0 285.0 20.03 306.0 511.67 21.7 0.07 680.6
36 265.0 265.0 20.02 281.0 461.33 12.7 0.05 850.9
37 276.0 276.0 20.02 294.0 500.16 23.0 0.07 721.9
38 249.0 249.0 20.02 263.0 421.1 10.1 0.05 854.0
39 277.0 277.0 20.01 306.0 491.28 17.0 0.05 846.7
40 261.0 261.0 20.03 279.0 470.56 26.0 0.08 694.3
41 289.0 289.0 20.03 305.0 469.27 18.6 0.05 875.1
42 297.0 297.0 20.03 321.0 517.62 16.9 0.06 758.4
43 297.0 297.0 20.02 318.0 552.83 16.6 0.06 697.5
44 270.0 270.0 20.01 281.0 491.92 9.8 0.06 805.4
45 322.0 322.0 20.02 345.0 572.65 20.4 0.07 656.0
46 243.0 243.0 20.01 250.0 438.66 14.9 0.06 843.5
47 323.0 323.0 20.02 345.0 534.86 19.2 0.09 761.0
48 297.0 302.4 20.03 329.0 547.32 44.0 0.08 674.6
49 268.0 268.0 20.02 288.0 479.24 19.2 0.07 755.1
50 295.0 295.0 20.03 319.0 500.25 19.9 0.06 754.4
51 280.0 280.0 20.05 306.0 496.38 27.2 0.07 763.2
52 344.0 344.0 20.02 360.0 591.65 23.9 0.09 640.8
53 282.0 283.0 20.02 307.0 529.94 96.8 0.07 739.7
54 272.0 272.0 20.03 291.0 445.05 15.2 0.04 926.3
55 304.0 304.0 20.02 316.0 493.62 23.3 0.04 857.5
56 288.0 288.0 20.02 305.0 497.94 16.5 0.04 879.1
57 259.0 259.0 20.02 277.0 484.05 15.2 0.06 725.2
58 336.0 336.0 20.04 359.0 576.1 19.5 0.06 787.2
59 284.0 284.0 20.02 294.0 483.06 11.2 0.07 711.2
60 256.0 256.0 20.05 265.0 473.9 17.9 0.06 705.9
61 308.0 308.0 20.04 333.0 528.77 24.2 0.07 753.4
62 300.0 300.0 20.03 316.0 528.87 20.7 0.07 732.1
63 279.0 279.0 20.03 298.0 496.79 16.3 0.06 729.2
64 290.0 290.0 20.02 308.0 495.63 13.3 0.06 807.2
65 277.0 277.0 20.02 297.0 473.67 20.8 0.05 818.9
66 290.0 290.0 20.05 305.0 522.69 18.5 0.1 669.0
67 319.0 329.6 20.04 353.0 575.34 101.4 0.08 668.4
68 298.0 298.0 20.01 314.0 528.42 20.5 0.09 683.3
69 307.0 307.0 20.04 323.0 557.01 18.1 0.07 668.1
70 277.0 277.0 20.02 286.0 470.86 12.6 0.07 756.0
71 298.0 298.8 20.02 319.0 523.12 99.8 0.06 788.3
72 262.0 262.0 20.02 268.0 438.34 10.8 0.06 839.9
73 277.0 277.0 20.02 294.0 452.45 16.5 0.04 894.6
74 271.0 279.0 20.02 294.0 526.54 28.5 0.08 677.7
75 219.0 219.0 20.03 235.0 405.24 12.3 0.06 836.6
76 296.0 296.0 20.05 320.0 508.78 14.5 0.05 839.3
77 288.0 288.0 20.02 293.0 480.29 8.4 0.08 797.7
78 257.0 257.0 20.02 275.0 476.69 18.9 0.06 698.8
79 281.0 281.0 20.02 303.0 482.88 15.7 0.06 754.3
80 279.0 279.0 20.07 291.0 494.2 14.1 0.05 780.1
81 270.0 270.0 20.02 278.0 452.43 11.5 0.05 863.1
82 347.0 347.0 20.03 368.0 611.92 20.4 0.1 674.0
83 265.0 265.0 20.02 278.0 503.23 12.0 0.07 734.4
84 272.0 272.0 20.03 287.0 459.0 18.0 0.06 798.6
85 304.0 304.0 20.01 321.0 513.23 25.6 0.06 816.4
86 336.0 336.0 20.06 359.0 571.26 13.0 0.07 723.9
87 267.0 267.0 20.02 279.0 466.81 12.1 0.06 801.5
88 305.0 305.0 20.02 322.0 510.98 17.5 0.07 800.9
89 289.0 289.0 20.01 300.0 495.85 15.6 0.08 750.2
90 311.0 311.0 20.01 337.0 544.37 17.7 0.08 726.2
91 280.0 280.0 20.03 296.0 486.86 12.3 0.07 733.8
92 298.0 298.0 20.02 318.0 514.4 16.0 0.05 831.8
93 304.0 304.0 20.02 327.0 541.8 14.8 0.07 682.8
94 308.0 308.0 20.03 322.0 537.95 12.5 0.05 753.9
95 263.0 263.0 20.04 273.0 447.02 14.5 0.06 803.1
96 267.0 267.0 20.03 291.0 488.14 22.6 0.09 684.2
97 264.0 264.0 20.01 273.0 449.38 9.7 0.06 877.7
98 296.0 296.0 20.01 306.0 517.17 11.8 0.05 905.9
99 273.0 273.0 20.02 284.0 511.94 25.1 0.06 767.5
100 262.0 262.0 20.01 273.0 435.23 10.0 0.05 957.3
