1 308.0 308.2 20.01 333.0 525.96 74.1 0.06 1521.5
2 277.0 277.0 20.01 291.0 477.67 20.7 0.06 1412.8
3 285.0 285.6 20.01 303.0 496.77 22.6 0.06 1483.7
4 288.0 288.0 20.01 310.0 518.2 142.5 0.08 1379.1
5 282.0 282.7 20.01 306.0 509.97 89.8 0.07 1257.5
6 305.0 305.0 20.01 317.0 500.65 28.1 0.06 1520.9
7 288.0 288.4 20.01 305.0 519.49 53.7 0.06 1394.7
8 256.0 256.0 20.01 264.0 451.45 11.4 0.06 1484.7
9 277.0 277.0 20.01 286.0 466.87 18.5 0.04 1645.1
10 316.0 316.0 20.02 337.0 553.73 55.1 0.05 1407.0
11 304.0 304.0 20.01 325.0 531.28 35.5 0.07 1415.4
12 286.0 286.0 20.01 309.0 482.83 40.6 0.06 1345.7
13 266.0 266.0 20.02 281.0 483.84 80.9 0.07 1355.0
14 269.0 269.0 20.02 278.0 477.62 21.0 0.05 1533.0
15 275.0 275.0 20.01 289.0 490.93 34.7 0.05 1516.9
16 295.0 295.0 20.03 318.0 533.9 65.0 0.08 1391.6
17 262.0 262.0 20.02 284.0 465.28 179.7 0.07 1432.2
18 253.0 253.0 20.01 273.0 439.25 77.4 0.05 1530.5
19 244.0 244.1 20.01 265.0 442.61 68.4 0.05 1495.2
20 286.0 286.0 20.05 308.0 504.12 59.2 0.07 1362.1
21 292.0 292.0 20.02 306.0 517.88 29.3 0.06 1457.4
22 237.0 237.0 20.01 250.0 404.94 19.4 0.04 1533.2
23 276.0 276.0 20.02 286.0 454.92 12.8 0.04 1516.1
24 294.0 294.0 20.02 302.0 530.81 13.4 0.07 1307.1
25 238.0 238.0 20.01 248.0 417.52 29.1 0.06 1530.4
26 295.0 295.0 20.01 315.0 493.81 23.5 0.05 1502.9
27 302.0 302.0 20.02 317.0 565.11 63.4 0.08 1311.2
28 288.0 288.0 20.01 317.0 519.51 36.2 0.07 1362.1
29 298.0 298.6 20.03 322.0 548.62 27.0 0.08 1381.3
30 299.0 299.0 20.01 331.0 527.46 59.0 0.1 1324.3
31 265.0 265.0 20.01 285.0 460.8 42.5 0.05 1421.0
32 329.0 329.0 20.01 335.0 510.85 16.7 0.05 1580.6
33 309.0 309.0 20.02 335.0 550.65 129.1 0.08 1265.3
34 312.0 312.0 20.01 334.0 567.2 47.1 0.08 1370.8
35 285.0 285.0 20.01 306.0 511.67 142.3 0.07 1319.0
36 265.0 265.0 20.02 281.0 461.33 29.4 0.06 1480.0
37 276.0 276.2 20.02 294.0 500.16 165.9 0.08 1433.4
38 249.0 249.0 20.02 263.0 421.1 24.0 0.05 1571.0
39 276.0 277.0 20.0 306.0 491.28 93.6 0.05 1470.8
40 260.0 260.8 20.01 279.0 470.56 111.9 0.07 1455.2
41 289.0 289.6 20.01 305.0 469.27 29.9 0.04 1562.6
42 297.0 297.0 20.01 321.0 517.62 26.5 0.07 1394.2
43 297.0 297.0 20.01 318.0 552.83 52.7 0.06 1396.2
44 270.0 270.0 20.01 281.0 491.92 15.0 0.06 1392.7
45 322.0 322.0 20.01 345.0 572.65 30.9 0.07 1335.8
46 243.0 243.0 20.02 250.0 438.66 25.6 0.05 1583.5
47 323.0 323.0 20.01 345.0 534.86 72.8 0.06 1428.2
48 297.0 301.2 20.03 329.0 547.32 221.4 0.06 1380.5
49 268.0 268.0 20.02 288.0 479.24 75.7 0.07 1451.6
50 295.0 295.8 20.02 319.0 500.25 177.6 0.05 1453.9
51 280.0 280.0 20.01 306.0 496.38 64.7 0.06 1365.0
52 344.0 344.0 20.01 360.0 591.65 48.8 0.09 1311.2
53 282.0 282.6 20.02 307.0 529.94 120.5 0.08 1331.9
54 272.0 272.0 20.03 291.0 445.05 35.2 0.05 1524.2
55 304.0 304.0 20.01 316.0 493.62 31.0 0.05 1528.8
56 288.0 288.0 20.01 305.0 497.94 127.4 0.05 1633.9
57 259.0 259.0 20.02 277.0 484.05 28.9 0.07 1407.1
58 336.0 336.0 20.03 359.0 576.1 41.5 0.07 1400.6
59 284.0 284.0 20.04 294.0 483.06 19.8 0.06 1365.9
60 256.0 256.0 20.01 265.0 473.9 27.7 0.05 1418.7
61 308.0 308.0 20.02 333.0 528.77 50.6 0.06 1463.4
62 300.0 300.0 20.02 316.0 528.87 47.1 0.06 1383.8
63 279.0 279.0 20.03 298.0 496.79 103.0 0.06 1372.8
64 290.0 290.0 20.01 308.0 495.63 38.0 0.06 1463.6
65 277.0 277.0 20.01 297.0 473.67 92.9 0.05 1524.7
66 290.0 290.0 20.01 305.0 522.69 123.7 0.06 1406.0
67 329.0 332.6 20.02 353.0 575.34 134.7 0.09 1275.4
68 298.0 298.0 20.01 314.0 528.42 59.6 0.09 1294.7
69 307.0 307.0 20.01 323.0 557.02 29.7 0.07 1394.5
70 277.0 277.0 20.02 286.0 470.86 23.0 0.06 1525.6
71 298.0 298.9 20.02 319.0 523.12 47.4 0.06 1391.1
72 262.0 262.0 20.02 268.0 438.34 31.9 0.05 1514.0
73 277.0 277.0 20.02 294.0 452.45 36.5 0.04 1486.5
74 281.0 281.0 20.03 294.0 526.54 25.3 0.06 1401.8
75 219.0 219.0 20.02 235.0 405.24 26.2 0.04 1521.9
76 296.0 297.8 20.02 320.0 508.78 291.6 0.05 1486.5
77 288.0 288.0 20.01 293.0 480.29 18.8 0.05 1530.6
78 257.0 257.2 20.02 275.0 476.69 72.9 0.06 1372.5
79 281.0 281.0 20.04 303.0 482.88 30.6 0.06 1409.4
80 279.0 279.0 20.02 291.0 494.2 19.0 0.06 1445.2
81 270.0 270.0 20.01 278.0 452.43 30.6 0.06 1560.5
82 347.0 347.0 20.01 368.0 611.92 98.8 0.09 1327.5
83 265.0 265.0 20.03 278.0 503.24 20.9 0.06 1406.0
84 272.0 272.0 20.02 287.0 459.0 45.8 0.05 1506.9
85 304.0 304.0 20.01 321.0 513.23 36.8 0.06 1494.3
86 336.0 336.0 20.02 359.0 571.26 114.0 0.07 1421.8
87 267.0 267.0 20.01 279.0 466.81 39.6 0.06 1450.5
88 305.0 305.1 20.02 322.0 510.98 66.0 0.06 1495.2
89 289.0 289.3 20.01 300.0 495.85 26.7 0.06 1420.8
90 311.0 311.0 20.02 337.0 544.37 39.3 0.07 1425.3
91 280.0 280.0 20.02 296.0 486.86 21.3 0.06 1462.2
92 298.0 298.0 20.02 318.0 514.4 27.9 0.08 1352.1
93 304.0 304.0 20.01 327.0 541.8 49.4 0.08 1354.0
94 308.0 308.0 20.01 322.0 537.95 32.4 0.06 1348.8
95 263.0 263.0 20.02 273.0 447.03 22.3 0.06 1553.7
96 267.0 267.0 20.03 291.0 488.14 80.0 0.07 1325.5
97 264.0 264.0 20.02 273.0 449.38 20.8 0.05 1561.5
98 296.0 296.0 20.01 306.0 517.17 19.2 0.05 1606.4
99 273.0 273.0 20.01 284.0 511.94 61.8 0.06 1481.1
100 262.0 262.0 20.0 273.0 435.23 16.8 0.05 1675.8
