1 308.0 308.0 20.01 333.0 525.96 21.3 0.06 1314.1
2 277.0 277.0 20.01 291.0 477.67 12.1 0.06 1190.7
3 285.0 285.0 20.01 303.0 496.77 11.7 0.06 1212.1
4 288.0 288.0 20.02 310.0 518.2 13.2 0.08 1183.2
5 282.0 282.6 20.02 306.0 509.97 261.4 0.07 1141.2
6 305.0 305.0 20.01 317.0 500.65 14.3 0.05 1324.3
7 288.0 288.0 20.01 305.0 519.49 13.1 0.06 1179.7
8 256.0 256.0 20.03 264.0 451.45 5.7 0.06 1254.4
9 277.0 277.0 20.03 286.0 466.87 8.6 0.04 1329.5
10 316.0 316.0 20.01 337.0 553.73 15.6 0.07 1217.4
11 304.0 304.2 20.01 325.0 531.28 15.7 0.07 1205.4
12 286.0 286.7 20.01 309.0 482.83 37.2 0.06 1205.8
13 266.0 266.0 20.01 281.0 483.84 15.1 0.1 1106.0
14 269.0 269.0 20.01 278.0 477.62 12.5 0.05 1295.3
15 275.0 275.0 20.03 289.0 490.93 13.3 0.05 1321.8
16 295.0 295.0 20.02 318.0 533.9 22.1 0.07 1197.3
17 262.0 262.3 20.02 284.0 465.28 23.4 0.08 1169.1
18 253.0 253.0 20.02 273.0 439.25 17.1 0.05 1253.7
19 244.0 244.0 20.05 265.0 442.61 133.4 0.05 1322.2
20 286.0 286.0 20.03 308.0 504.12 20.4 0.07 1158.7
21 292.0 292.0 20.02 306.0 517.88 14.1 0.07 1204.3
22 237.0 237.0 20.01 250.0 404.94 9.9 0.04 1352.1
23 276.0 276.0 20.02 286.0 454.92 8.0 0.04 1283.4
24 294.0 294.0 20.02 302.0 530.81 9.1 0.07 1106.1
25 238.0 238.0 20.02 248.0 417.52 11.3 0.06 1303.0
26 295.0 295.0 20.01 315.0 493.81 11.4 0.05 1291.0
27 302.0 302.0 20.03 317.0 565.11 12.5 0.07 1154.0
28 288.0 288.0 20.03 317.0 519.51 28.9 0.09 1165.4
29 298.0 298.0 20.03 322.0 548.62 17.9 0.08 1175.4
30 299.0 299.5 20.02 331.0 527.46 38.5 0.08 1069.4
31 265.0 265.1 20.02 285.0 460.8 25.0 0.05 1317.5
32 329.0 329.0 20.01 335.0 510.85 8.5 0.05 1328.9
33 309.0 309.0 20.03 335.0 550.65 23.0 0.07 1127.2
34 312.0 312.0 20.02 334.0 567.2 18.7 0.07 1174.8
35 285.0 285.4 20.01 306.0 511.67 21.4 0.06 1111.9
36 265.0 265.0 20.01 281.0 461.33 12.0 0.05 1344.4
37 276.0 276.0 20.01 294.0 500.16 23.3 0.06 1190.0
38 249.0 249.0 20.01 263.0 421.1 9.1 0.04 1305.3
39 276.0 276.3 20.01 306.0 491.28 494.6 0.05 1357.7
40 260.0 260.9 20.01 279.0 470.56 88.0 0.07 1175.2
41 289.0 289.0 20.02 305.0 469.27 17.9 0.06 1309.2
42 297.0 297.0 20.02 321.0 517.62 13.8 0.09 1183.9
43 297.0 297.0 20.02 318.0 552.83 16.7 0.06 1189.6
44 270.0 270.0 20.02 281.0 491.92 8.7 0.06 1192.8
45 322.0 322.0 20.03 345.0 572.65 14.7 0.09 1104.4
46 243.0 243.0 20.01 250.0 438.66 10.5 0.06 1272.2
47 323.0 323.0 20.01 345.0 534.86 17.1 0.08 1227.5
48 297.0 301.1 20.01 329.0 547.32 220.3 0.09 1169.3
49 268.0 268.0 20.01 288.0 479.24 68.4 0.05 1179.2
50 295.0 295.1 20.02 319.0 500.25 22.0 0.06 1212.7
51 280.0 280.0 20.01 306.0 496.38 21.3 0.08 1220.6
52 344.0 344.0 20.02 360.0 591.65 12.8 0.07 1101.9
53 282.0 282.0 20.02 307.0 529.94 53.8 0.06 1165.5
54 272.0 272.0 20.01 291.0 445.05 13.5 0.05 1325.5
55 304.0 304.0 20.01 316.0 493.62 133.1 0.05 1302.6
56 288.0 288.2 20.02 305.0 497.94 12.8 0.05 1354.7
57 259.0 259.2 20.01 277.0 484.05 78.2 0.07 1128.1
58 336.0 336.2 20.03 359.0 576.1 17.5 0.07 1221.5
59 284.0 284.0 20.02 294.0 483.06 9.9 0.07 1133.9
60 256.0 256.0 20.02 265.0 473.9 16.5 0.05 1183.3
61 308.0 308.0 20.03 333.0 528.77 23.5 0.06 1255.4
62 300.0 300.0 20.01 316.0 528.87 16.1 0.06 1164.6
63 279.0 279.0 20.02 298.0 496.79 80.0 0.06 1180.5
64 290.0 290.0 20.02 308.0 495.63 13.1 0.07 1232.4
65 277.0 277.0 20.02 297.0 473.67 16.7 0.05 1270.5
66 290.0 290.0 20.02 305.0 522.69 21.9 0.09 1165.0
67 329.0 332.1 20.01 353.0 575.34 20.1 0.09 1084.7
68 298.0 298.0 20.01 314.0 528.42 16.7 0.07 1138.4
69 307.0 307.1 20.04 323.0 557.01 15.5 0.06 1144.9
70 277.0 277.0 20.03 286.0 470.86 11.4 0.05 1235.8
71 299.0 299.0 20.02 319.0 523.12 18.0 0.06 1218.9
72 262.0 262.0 20.01 268.0 438.34 7.6 0.06 1301.3
73 277.0 277.0 20.02 294.0 452.45 13.5 0.06 1349.3
74 281.0 281.0 20.03 294.0 526.54 14.5 0.07 1171.0
75 219.0 219.0 20.03 235.0 405.25 13.5 0.05 1390.3
76 296.0 296.0 20.02 320.0 508.78 27.3 0.06 1218.9
77 288.0 288.0 20.01 293.0 480.29 9.9 0.05 1364.4
78 257.0 257.0 20.03 275.0 476.69 17.8 0.07 1139.9
79 281.0 281.0 20.02 303.0 482.88 15.2 0.06 1170.8
80 279.0 279.2 20.02 291.0 494.2 11.4 0.06 1271.1
81 270.0 270.0 20.01 278.0 452.43 9.8 0.05 1357.6
82 347.0 347.0 20.02 368.0 611.92 19.6 0.07 1110.2
83 265.0 265.0 20.03 278.0 503.24 12.5 0.06 1188.1
84 272.0 272.0 20.01 287.0 459.0 14.9 0.06 1243.7
85 304.0 304.0 20.01 321.0 513.23 71.8 0.05 1302.6
86 336.0 336.0 20.01 359.0 571.26 13.1 0.06 1232.4
87 267.0 267.0 20.02 279.0 466.81 10.1 0.06 1242.2
88 305.0 305.0 20.03 322.0 510.98 72.8 0.06 1229.8
89 289.0 289.0 20.01 300.0 495.85 14.4 0.06 1200.7
90 311.0 311.2 20.01 337.0 544.37 19.5 0.06 1173.2
91 280.0 280.0 20.01 296.0 486.86 10.9 0.06 1263.6
92 298.0 298.0 20.02 318.0 514.4 49.5 0.07 1206.3
93 304.0 304.2 20.01 327.0 541.8 12.5 0.08 1126.6
94 308.0 308.0 20.01 322.0 537.95 12.2 0.07 1233.1
95 263.0 263.0 20.01 273.0 447.02 15.2 0.07 1263.5
96 267.0 267.4 20.02 291.0 488.14 32.8 0.08 1160.2
97 264.0 264.0 20.02 273.0 449.38 9.0 0.05 1343.6
98 296.0 296.0 20.01 306.0 517.17 13.0 0.05 1375.4
99 273.0 273.0 20.01 284.0 511.94 20.0 0.06 1277.8
100 262.0 262.0 20.01 273.0 435.23 7.8 0.05 1435.7
