1 308.0 308.0 20.01 333.0 525.96 12.3 0.06 1151.0
2 277.0 277.0 20.01 291.0 477.67 7.9 0.06 1049.7
3 285.0 285.0 20.01 303.0 496.77 8.3 0.06 1058.7
4 288.0 288.0 20.01 310.0 518.2 8.1 0.08 985.8
5 283.0 283.0 20.01 306.0 509.97 8.9 0.07 981.3
6 305.0 305.0 20.01 317.0 500.65 9.0 0.07 1086.4
7 288.0 288.0 20.03 305.0 519.49 6.8 0.06 1023.8
8 256.0 256.0 20.0 264.0 451.45 3.5 0.06 1129.6
9 277.0 277.0 20.01 286.0 466.87 6.3 0.04 1199.5
10 316.0 316.0 20.02 337.0 553.73 10.3 0.06 1039.3
11 304.0 304.0 20.03 325.0 531.28 11.4 0.07 1026.4
12 286.0 286.0 20.02 309.0 482.83 11.5 0.06 1036.7
13 266.0 266.0 20.04 281.0 483.84 11.1 0.07 979.8
14 269.0 269.0 20.01 278.0 477.62 7.6 0.05 1124.1
15 275.0 275.0 20.01 289.0 490.93 7.9 0.05 1073.3
16 295.0 295.0 20.04 318.0 533.9 14.0 0.07 1003.6
17 262.0 262.0 20.01 284.0 465.28 14.7 0.07 1056.6
18 253.0 253.0 20.01 273.0 439.25 10.3 0.05 1094.7
19 244.0 244.0 20.01 265.0 442.61 10.1 0.05 1157.1
20 286.0 286.0 20.01 308.0 504.12 11.6 0.07 1061.8
21 292.0 292.0 20.01 306.0 517.88 8.2 0.07 1002.1
22 237.0 237.0 20.02 250.0 404.94 6.1 0.05 1172.0
23 276.0 276.0 20.02 286.0 454.92 5.2 0.06 1150.9
24 294.0 294.0 20.05 302.0 530.81 6.3 0.06 960.6
25 238.0 238.0 20.02 248.0 417.52 7.4 0.05 1144.1
26 295.0 295.0 20.02 315.0 493.81 8.9 0.04 1157.1
27 302.0 302.0 20.03 317.0 565.11 8.4 0.07 929.9
28 288.0 288.0 20.02 317.0 519.51 12.3 0.07 1013.7
29 298.0 298.0 20.01 322.0 548.62 9.8 0.08 1012.8
30 299.0 299.0 20.02 331.0 527.46 16.4 0.08 955.6
31 265.0 265.0 20.02 285.0 460.8 15.3 0.05 1139.6
32 329.0 329.0 20.02 335.0 510.85 6.3 0.04 1181.3
33 309.0 309.0 20.02 335.0 550.65 14.8 0.09 969.8
34 312.0 312.0 20.01 334.0 567.2 10.0 0.1 929.4
35 285.0 285.0 20.02 306.0 511.67 11.6 0.07 966.0
36 265.0 265.0 20.02 281.0 461.33 7.2 0.05 1111.6
37 276.0 276.0 20.03 294.0 500.16 14.0 0.07 982.0
38 249.0 249.0 20.01 263.0 421.1 5.6 0.05 1108.8
39 277.0 277.0 20.03 306.0 491.28 10.6 0.05 1076.1
40 261.0 261.0 20.01 279.0 470.56 15.4 0.07 1028.0
41 289.0 289.0 20.01 305.0 469.27 10.3 0.05 1124.3
42 297.0 297.0 20.02 321.0 517.62 8.9 0.07 1002.8
43 297.0 297.0 20.03 318.0 552.83 9.5 0.08 945.1
44 270.0 270.0 20.02 281.0 491.92 5.4 0.07 1086.7
45 322.0 322.0 20.02 345.0 572.65 10.3 0.09 964.7
46 243.0 243.0 20.01 250.0 438.66 7.3 0.06 1114.2
47 323.0 323.0 20.01 345.0 534.86 10.5 0.06 1083.8
48 303.0 303.0 20.01 329.0 547.32 9.0 0.07 949.8
49 268.0 268.0 20.01 288.0 479.24 8.9 0.05 1063.3
50 295.0 295.0 20.02 319.0 500.25 11.1 0.06 990.9
51 280.0 280.0 20.02 306.0 496.38 15.5 0.07 1086.9
52 344.0 344.0 20.02 360.0 591.65 8.7 0.1 979.7
53 282.0 282.0 20.02 307.0 529.94 13.7 0.06 963.8
54 272.0 272.0 20.03 291.0 445.05 7.7 0.05 1133.9
55 304.0 304.0 20.02 316.0 493.62 12.3 0.04 1121.7
56 288.0 288.0 20.02 305.0 497.94 8.2 0.04 1150.2
57 259.0 259.0 20.03 277.0 484.05 10.4 0.09 1020.1
58 336.0 336.0 20.03 359.0 576.1 10.1 0.06 1099.8
59 284.0 284.0 20.03 294.0 483.06 6.3 0.06 1035.5
60 256.0 256.0 20.02 265.0 473.9 9.5 0.05 1073.3
61 308.0 308.0 20.02 333.0 528.77 12.5 0.06 1029.0
62 300.0 300.0 20.03 316.0 528.87 9.4 0.07 1042.4
63 279.0 279.0 20.03 298.0 496.79 8.8 0.06 1026.5
64 290.0 290.0 20.01 308.0 495.63 7.7 0.07 1069.7
65 277.0 277.0 20.03 297.0 473.67 10.1 0.05 1126.4
66 290.0 290.0 20.03 305.0 522.69 12.0 0.07 986.4
67 331.0 332.6 20.04 353.0 575.34 12.2 0.09 910.1
68 298.0 298.0 20.02 314.0 528.42 10.5 0.07 956.2
69 307.0 307.0 20.03 323.0 557.02 11.0 0.06 1008.4
70 277.0 277.0 20.01 286.0 470.86 7.2 0.06 1094.1
71 299.0 299.0 20.02 319.0 523.12 9.8 0.07 997.0
72 262.0 262.0 20.01 268.0 438.34 4.3 0.06 1082.3
73 277.0 277.0 20.01 294.0 452.45 9.7 0.04 1172.1
74 281.0 281.0 20.01 294.0 526.54 8.7 0.07 1007.5
75 219.0 219.0 20.01 235.0 405.25 7.5 0.05 1112.8
76 296.0 296.0 20.02 320.0 508.78 8.2 0.06 1112.2
77 288.0 288.0 20.03 293.0 480.29 5.7 0.05 1196.3
78 257.0 257.0 20.01 275.0 476.69 10.5 0.09 1017.5
79 281.0 281.0 20.02 303.0 482.88 9.1 0.06 1100.6
80 279.0 279.0 20.02 291.0 494.2 7.3 0.05 1149.6
81 270.0 270.0 20.02 278.0 452.43 5.3 0.05 1117.2
82 347.0 347.0 20.03 368.0 611.92 10.3 0.08 995.9
83 265.0 265.0 20.03 278.0 503.24 5.8 0.05 1056.5
84 272.0 272.0 20.02 287.0 459.0 9.8 0.06 1113.5
85 304.0 304.0 20.01 321.0 513.23 12.3 0.06 1074.3
86 336.0 336.0 20.02 359.0 571.26 7.6 0.07 1065.0
87 267.0 267.0 20.02 279.0 466.81 6.3 0.06 1117.8
88 305.0 305.0 20.02 322.0 510.98 9.7 0.06 1078.6
89 289.0 289.0 20.01 300.0 495.85 8.2 0.08 1040.1
90 311.0 311.0 20.01 337.0 544.37 11.1 0.06 1025.4
91 280.0 280.0 20.03 296.0 486.86 7.0 0.06 986.5
92 298.0 298.0 20.02 318.0 514.4 7.3 0.05 1118.2
93 304.0 304.0 20.01 327.0 541.8 9.2 0.08 962.3
94 308.0 308.0 20.02 322.0 537.94 6.6 0.06 1066.2
95 263.0 263.0 20.02 273.0 447.02 8.6 0.06 1120.0
96 267.0 267.0 20.01 291.0 488.14 11.9 0.07 984.0
97 264.0 264.0 20.01 273.0 449.38 6.2 0.07 1151.4
98 296.0 296.0 20.01 306.0 517.17 6.5 0.05 1193.9
99 273.0 273.0 20.01 284.0 511.94 12.5 0.06 1081.8
100 262.0 262.0 20.01 273.0 435.23 5.3 0.05 1254.3
