1 308.0 308.0 20.04 333.0 525.96 15.4 0.06 349.2
2 277.0 277.0 20.03 291.0 477.67 8.8 0.06 388.2
3 285.0 285.0 20.03 303.0 496.77 9.4 0.07 306.3
4 288.0 288.0 20.02 310.0 518.2 9.8 0.07 281.6
5 283.0 283.0 20.07 306.0 509.97 11.4 0.07 273.9
6 305.0 305.0 20.04 317.0 500.65 10.2 0.05 406.1
7 288.0 288.0 20.09 305.0 519.49 8.3 0.06 291.3
8 256.0 256.0 20.05 264.0 451.45 4.6 0.08 338.1
9 277.0 277.0 20.03 286.0 466.87 7.1 0.04 429.2
10 316.0 316.0 20.05 337.0 553.73 12.4 0.06 321.6
11 304.0 304.0 20.07 325.0 531.28 12.9 0.07 300.3
12 286.0 286.0 20.05 309.0 482.83 14.6 0.08 305.0
13 266.0 266.0 20.08 281.0 483.84 14.2 0.08 270.8
14 269.0 269.0 20.03 278.0 477.62 9.0 0.06 378.3
15 275.0 275.0 20.03 289.0 490.93 9.2 0.05 364.6
16 295.0 295.0 20.03 318.0 533.9 15.3 0.08 294.9
17 262.0 262.0 20.07 284.0 465.28 17.0 0.06 335.7
18 253.0 253.0 20.06 273.0 439.25 13.3 0.05 385.2
19 244.0 244.0 20.06 265.0 442.61 14.5 0.07 388.4
20 283.0 285.4 20.05 308.0 504.12 13.8 0.08 310.9
21 292.0 292.0 20.05 306.0 517.88 11.6 0.08 316.7
22 237.0 237.0 20.04 250.0 404.94 7.0 0.04 409.1
23 276.0 276.0 20.03 286.0 454.92 6.1 0.05 415.0
24 294.0 294.0 20.07 302.0 530.81 6.6 0.07 290.8
25 238.0 238.0 20.06 248.0 417.52 8.2 0.05 363.4
26 295.0 295.0 20.05 315.0 493.81 10.3 0.05 417.3
27 302.0 302.0 20.06 317.0 565.11 10.1 0.09 284.6
28 288.0 288.0 20.06 317.0 519.51 15.2 0.09 292.2
29 298.0 298.0 20.04 322.0 548.62 10.9 0.09 309.8
30 299.0 299.0 20.08 331.0 527.46 20.9 0.07 267.8
31 265.0 265.0 20.07 285.0 460.8 20.2 0.06 371.0
32 329.0 329.0 20.03 335.0 510.85 7.9 0.05 399.4
33 309.0 309.0 20.09 335.0 550.65 18.4 0.07 272.8
34 312.0 312.0 20.05 334.0 567.2 11.7 0.07 284.3
35 285.0 285.0 20.05 306.0 511.67 15.2 0.06 265.0
36 265.0 265.0 20.06 281.0 461.33 8.7 0.06 390.4
37 276.0 276.0 20.09 294.0 500.16 16.6 0.06 316.3
38 249.0 249.0 20.03 263.0 421.1 7.5 0.05 408.9
39 277.0 277.0 20.05 306.0 491.28 12.4 0.07 372.2
40 261.0 261.0 20.06 279.0 470.56 19.4 0.07 271.8
41 282.0 288.3 20.05 305.0 469.27 12.3 0.04 407.0
42 297.0 297.0 20.07 321.0 517.62 9.3 0.07 334.6
43 297.0 297.0 20.03 318.0 552.83 11.7 0.08 290.1
44 270.0 270.0 20.05 281.0 491.92 7.3 0.06 355.5
45 322.0 322.0 20.08 345.0 572.65 12.6 0.07 285.2
46 243.0 243.0 20.05 250.0 438.66 9.4 0.05 372.9
47 323.0 323.0 20.04 345.0 534.86 13.0 0.08 320.5
48 303.0 303.0 20.09 329.0 547.32 12.2 0.07 291.5
49 268.0 268.0 20.07 288.0 479.24 11.9 0.07 312.4
50 295.0 295.0 20.04 319.0 500.25 15.0 0.06 311.7
51 280.0 280.0 20.03 306.0 496.38 16.6 0.07 326.4
52 344.0 344.0 20.07 360.0 591.65 10.1 0.08 267.8
53 282.0 282.0 20.06 307.0 529.94 17.7 0.06 285.0
54 272.0 272.0 20.05 291.0 445.05 10.2 0.05 414.9
55 304.0 304.0 20.06 316.0 493.62 14.9 0.05 408.7
56 288.0 288.0 20.04 305.0 497.94 11.0 0.05 416.2
57 259.0 259.0 20.07 277.0 484.05 12.1 0.09 307.9
58 336.0 336.0 20.06 359.0 576.1 14.1 0.07 342.2
59 284.0 284.0 20.11 294.0 483.06 6.8 0.08 314.9
60 256.0 256.0 20.04 265.0 473.9 12.9 0.05 329.5
61 308.0 308.0 20.05 333.0 528.77 16.4 0.06 331.4
62 300.0 300.0 20.08 316.0 528.87 12.6 0.06 318.7
63 279.0 279.0 20.09 298.0 496.79 11.1 0.08 313.7
64 290.0 290.0 20.03 308.0 495.63 9.1 0.06 331.6
65 277.0 277.0 20.05 297.0 473.67 13.3 0.06 368.7
66 290.0 290.0 20.08 305.0 522.69 13.9 0.07 279.9
67 325.0 329.8 20.03 353.0 575.34 15.8 0.09 269.9
68 298.0 298.0 20.04 314.0 528.42 13.4 0.07 291.7
69 307.0 307.0 20.04 323.0 557.01 12.4 0.06 286.7
70 277.0 277.0 20.04 286.0 470.86 8.5 0.06 370.1
71 299.0 299.0 20.03 319.0 523.12 12.5 0.06 328.4
72 262.0 262.0 20.04 268.0 438.34 5.5 0.07 362.6
73 277.0 277.0 20.06 294.0 452.45 10.8 0.05 391.5
74 271.0 278.0 20.08 294.0 526.55 12.0 0.07 279.7
75 219.0 219.0 20.08 235.0 405.25 8.4 0.05 419.2
76 296.0 296.0 20.05 320.0 508.78 10.3 0.06 360.0
77 288.0 288.0 20.04 293.0 480.29 6.1 0.06 388.6
78 257.0 257.0 20.09 275.0 476.69 14.0 0.08 268.4
79 281.0 281.0 20.06 303.0 482.88 11.0 0.06 323.6
80 279.0 279.0 20.07 291.0 494.2 9.2 0.07 353.8
81 270.0 270.0 20.03 278.0 452.43 6.9 0.06 368.1
82 347.0 347.0 20.04 368.0 611.92 13.9 0.08 278.0
83 265.0 265.0 20.06 278.0 503.24 7.0 0.06 323.7
84 272.0 272.0 20.08 287.0 459.0 11.8 0.06 380.3
85 304.0 304.0 20.04 321.0 513.23 17.2 0.06 359.6
86 336.0 336.0 20.07 359.0 571.26 9.1 0.06 325.1
87 267.0 267.0 20.06 279.0 466.81 8.8 0.05 359.1
88 305.0 305.0 20.07 322.0 510.98 11.3 0.06 354.3
89 289.0 289.0 20.02 300.0 495.85 10.3 0.08 333.7
90 311.0 311.0 20.05 337.0 544.37 12.6 0.08 299.3
91 280.0 280.0 20.07 296.0 486.86 8.4 0.06 337.3
92 298.0 298.0 20.05 318.0 514.4 9.9 0.05 352.2
93 304.0 304.0 20.06 327.0 541.8 13.4 0.06 291.4
94 308.0 308.0 20.07 322.0 537.94 8.6 0.06 309.3
95 263.0 263.0 20.08 273.0 447.03 9.4 0.05 366.1
96 267.0 267.0 20.11 291.0 488.14 16.0 0.08 299.0
97 264.0 264.0 20.03 273.0 449.38 6.9 0.05 396.9
98 296.0 296.0 20.02 306.0 517.17 8.4 0.05 399.6
99 273.0 273.0 20.04 284.0 511.94 15.5 0.06 322.0
100 262.0 262.0 20.03 273.0 435.23 6.3 0.05 437.9
