1 13457.0 13457.0 400.69 15963.0 71426.46 442.4 73.95 560.3
2 13988.0 13989.4 400.48 16565.0 72333.39 436.6 76.08 590.4
3 12874.0 12875.0 400.26 15098.0 62636.83 368.9 61.03 646.8
4 13194.0 13196.0 400.35 15602.0 63276.78 404.1 66.98 626.9
5 13419.0 13420.3 400.8 15967.0 70113.71 413.9 76.42 567.9
6 13753.0 13753.2 400.59 16296.0 69342.66 443.4 73.91 564.7
7 13255.0 13255.3 400.72 15615.0 67778.6 417.9 69.73 591.8
8 13320.0 13320.0 400.57 15850.0 65418.46 426.0 60.25 649.5
9 13571.0 13571.4 400.45 16010.0 70902.83 445.4 73.39 575.1
10 13241.0 13241.8 400.31 15678.0 66461.55 375.1 63.19 657.3
11 12739.0 12739.0 400.31 15132.0 60470.0 373.1 59.47 718.3
12 13125.0 13126.5 400.39 15559.0 68761.57 412.3 72.33 588.0
13 12747.0 12749.3 400.37 14997.0 58572.39 372.8 57.24 708.5
14 13504.0 13505.2 400.92 16144.0 64448.57 490.5 77.14 567.1
15 13177.0 13177.7 400.42 15709.0 62989.83 420.4 60.53 662.5
16 12903.0 12903.0 400.29 15256.0 58930.1 366.5 59.46 683.5
17 12862.0 12862.0 400.52 15279.0 64236.94 383.0 61.59 698.2
18 13288.0 13288.0 400.43 15809.0 63247.99 432.1 65.52 623.2
19 13566.0 13566.7 400.56 16164.0 69513.87 481.7 76.01 553.1
20 13627.0 13627.0 400.37 16220.0 68472.55 440.0 74.77 562.9
21 13041.0 13042.4 400.81 15440.0 65174.01 378.1 69.46 601.9
22 13494.0 13496.7 400.62 16086.0 65860.26 430.4 69.95 617.3
23 12922.0 12922.0 400.2 15396.0 63870.14 374.8 60.18 666.9
24 13588.0 13588.0 400.38 16185.0 62228.46 462.5 70.59 611.2
25 13794.0 13794.0 400.72 16380.0 68551.23 464.1 78.65 550.4
26 13671.0 13671.8 400.54 16157.0 72021.65 426.8 72.27 574.0
27 12846.0 12848.4 400.45 15260.0 58924.72 388.0 55.16 706.6
28 13210.0 13210.1 400.32 15643.0 64958.87 401.1 62.34 660.5
29 13013.0 13015.0 400.28 15437.0 64689.09 399.4 62.57 667.6
30 13166.0 13166.1 400.41 15672.0 65602.34 429.8 64.01 679.7
31 13261.0 13262.0 400.55 15658.0 64961.08 356.9 64.66 642.4
32 13287.0 13288.3 400.46 15734.0 64343.08 386.5 73.9 583.2
33 13327.0 13327.4 400.63 15767.0 67577.86 389.5 70.36 583.7
34 13846.0 13846.2 400.5 16398.0 67396.95 443.2 78.75 557.5
35 12368.0 12368.8 400.22 14654.0 64983.82 381.2 56.97 703.6
36 13428.0 13429.5 400.29 15965.0 64596.62 382.7 69.37 624.1
37 13263.0 13263.4 400.51 15652.0 65889.03 402.6 69.69 587.9
38 13213.0 13215.3 400.75 15690.0 70450.04 426.5 73.36 560.7
39 13746.0 13746.0 400.51 16338.0 72043.88 451.0 84.26 536.1
40 13483.0 13483.3 400.47 16021.0 73584.88 435.8 81.09 558.3
41 13081.0 13081.0 400.34 15597.0 67726.79 421.3 65.92 623.2
42 13482.0 13482.4 400.51 16068.0 69658.76 416.9 73.03 578.3
43 13250.0 13250.8 400.41 15813.0 64141.67 394.3 60.45 667.5
44 12510.0 12510.0 400.43 14926.0 59720.94 390.3 58.54 699.7
45 12826.0 12826.0 400.34 15088.0 60350.19 382.2 59.28 712.1
46 13374.0 13378.1 400.23 15976.0 66580.85 448.6 75.7 579.9
47 14166.0 14167.1 400.64 16837.0 74355.33 457.4 73.18 560.6
48 13655.0 13657.2 400.45 16279.0 73690.91 452.0 82.81 561.8
49 13813.0 13813.0 400.37 16435.0 67052.57 436.9 78.23 539.8
50 13468.0 13471.4 400.21 16027.0 75693.84 427.1 72.86 567.6
51 13665.0 13666.2 400.74 16190.0 70508.19 409.4 78.42 542.0
52 13437.0 13437.0 400.48 15968.0 69018.92 420.7 73.79 570.1
53 13500.0 13502.1 400.42 16030.0 69150.01 425.1 75.53 573.6
54 13350.0 13350.0 400.62 15936.0 63686.54 416.6 68.12 591.1
55 13306.0 13306.9 400.37 15726.0 63858.82 413.0 69.96 588.9
56 13339.0 13339.2 400.52 15920.0 68327.38 424.4 65.02 641.9
57 13389.0 13389.0 400.38 15893.0 63249.67 362.3 66.03 599.3
58 13884.0 13885.4 400.6 16544.0 73448.96 425.2 76.48 576.3
59 13181.0 13181.9 400.62 15668.0 64758.1 395.1 61.74 657.9
60 13273.0 13274.9 400.46 15763.0 67626.48 421.8 67.15 629.7
61 13134.0 13134.6 400.35 15565.0 64395.81 387.5 63.01 649.5
62 13159.0 13160.7 400.24 15681.0 61898.52 421.3 56.67 686.2
63 13458.0 13458.0 400.55 15881.0 69824.21 422.8 71.87 575.0
64 12763.0 12763.0 400.6 15132.0 59135.1 351.7 61.93 671.7
65 13255.0 13257.2 400.41 15762.0 61253.86 420.4 70.26 621.1
66 13936.0 13936.5 400.68 16601.0 76510.15 459.2 73.41 588.1
67 13218.0 13218.0 400.53 15662.0 69209.95 401.3 71.86 606.0
68 12963.0 12965.0 400.27 15292.0 67423.23 366.1 65.03 676.2
69 13256.0 13257.3 400.22 15776.0 68086.64 452.9 67.49 601.0
70 13269.0 13269.0 400.75 15773.0 69183.09 413.5 74.72 602.8
71 13072.0 13075.8 400.33 15487.0 66456.5 374.2 60.32 666.5
72 13383.0 13383.0 400.4 15916.0 68318.76 438.6 74.33 567.3
73 13679.0 13679.0 400.46 16348.0 67900.73 452.7 66.22 635.6
74 13732.0 13732.9 400.51 16338.0 73163.24 460.3 70.58 592.5
75 13204.0 13204.0 400.37 15611.0 62242.07 375.1 67.4 608.4
76 13524.0 13524.0 400.37 16125.0 70941.27 420.8 81.18 557.3
77 12868.0 12870.3 400.62 15254.0 60462.93 384.9 58.53 699.6
78 13706.0 13714.0 400.58 16283.0 70366.68 444.0 79.52 564.9
79 13210.0 13210.0 400.27 15674.0 66366.56 384.8 67.97 628.2
80 13183.0 13191.9 400.22 15510.0 65196.62 370.4 67.95 624.9
81 12686.0 12689.0 400.37 15153.0 60743.62 396.6 60.96 701.1
82 13495.0 13495.1 400.5 16039.0 71486.85 407.4 73.31 570.9
83 12755.0 12757.1 400.43 15128.0 62087.86 396.9 56.33 697.6
84 13278.0 13278.7 400.45 15715.0 67237.33 403.4 70.37 592.8
85 12740.0 12743.7 400.33 15035.0 63666.7 407.3 61.62 707.7
86 13941.0 13941.0 400.59 16381.0 65964.73 429.7 81.79 529.5
87 12671.0 12671.4 400.54 15029.0 66426.7 380.8 58.09 686.6
88 13066.0 13066.0 400.77 15557.0 63159.29 383.8 57.66 676.6
89 12988.0 12991.2 400.24 15339.0 63226.65 431.7 62.1 655.1
90 13594.0 13595.3 400.35 16204.0 65203.41 402.4 68.04 613.4
91 13628.0 13628.0 400.44 16189.0 69196.23 399.8 76.5 567.8
92 13172.0 13172.0 400.55 15643.0 58749.68 397.6 67.97 628.6
93 13288.0 13288.0 400.21 15713.0 63218.13 401.7 64.2 637.6
94 13321.0 13321.0 400.21 15871.0 70092.23 431.3 69.71 587.8
95 13447.0 13447.3 400.34 16041.0 68007.51 413.8 64.99 651.6
96 13069.0 13069.4 400.37 15516.0 59107.59 356.1 57.59 712.2
97 12795.0 12795.0 400.51 15212.0 66358.31 392.2 61.0 690.6
98 13145.0 13145.5 400.22 15585.0 58651.32 397.6 55.94 710.2
99 14453.0 14453.4 400.63 17218.0 78024.38 443.2 69.63 617.5
100 12800.0 12800.9 400.21 15216.0 69191.12 404.2 53.0 784.6
