1 13457.0 13457.0 352.84 15963.0 71426.46 442.4 70.88 500.0
2 13988.0 13989.5 353.95 16565.0 72333.38 435.4 77.43 500.0
3 12874.0 12875.0 328.52 15098.0 62636.83 368.9 61.71 500.0
4 13194.0 13196.0 324.91 15602.0 63276.78 404.1 66.35 500.0
5 13419.0 13420.3 346.48 15967.0 70113.71 413.9 72.88 500.0
6 13753.0 13753.2 355.6 16296.0 69342.66 443.4 74.43 500.0
7 13255.0 13255.3 349.75 15615.0 67778.61 417.9 72.91 500.0
8 13320.0 13320.0 322.95 15850.0 65418.46 426.0 62.11 500.0
9 13571.0 13571.4 350.11 16010.0 70902.83 445.4 73.41 500.0
10 13241.0 13241.8 317.46 15678.0 66461.55 375.1 65.51 500.0
11 12739.0 12739.0 295.4 15132.0 60470.0 373.1 60.36 500.0
12 13125.0 13126.5 348.29 15559.0 68761.57 412.3 73.77 500.0
13 12747.0 12749.3 301.45 14997.0 58572.39 372.8 58.64 500.0
14 13504.0 13506.5 367.07 16144.0 64448.57 479.3 79.98 498.5
15 13177.0 13177.7 309.91 15709.0 62989.83 420.4 60.73 500.0
16 12903.0 12903.5 297.86 15256.0 58930.1 344.9 59.43 500.0
17 12862.0 12862.0 300.75 15279.0 64236.94 383.0 61.49 500.0
18 13288.0 13288.0 329.11 15809.0 63247.99 432.1 66.55 500.0
19 13566.0 13568.0 367.6 16164.0 69513.87 481.1 76.66 500.0
20 13627.0 13627.0 362.84 16220.0 68472.55 440.0 76.11 500.0
21 13041.0 13042.4 347.2 15440.0 65174.01 378.1 70.39 500.0
22 13494.0 13496.7 327.37 16086.0 65860.26 430.4 67.66 500.0
23 12922.0 12922.0 313.49 15396.0 63870.14 374.8 60.3 500.0
24 13588.0 13588.3 336.69 16185.0 62228.46 447.8 70.73 500.0
25 13794.0 13794.4 365.2 16380.0 68551.23 462.9 77.48 500.0
26 13671.0 13671.8 355.48 16157.0 72021.65 426.8 74.44 500.0
27 12846.0 12848.4 292.8 15260.0 58924.72 388.0 56.96 500.0
28 13210.0 13210.1 311.28 15643.0 64958.87 401.1 61.1 500.0
29 13013.0 13015.1 319.52 15437.0 64689.09 387.5 64.22 500.0
30 13166.0 13166.4 308.18 15672.0 65602.34 408.7 63.61 500.0
31 13261.0 13262.0 315.58 15658.0 64961.08 356.9 63.68 500.0
32 13287.0 13288.3 343.63 15734.0 64343.08 386.5 70.21 500.0
33 13327.0 13327.4 351.67 15767.0 67577.86 389.5 71.72 500.0
34 13846.0 13846.2 372.61 16398.0 67396.95 443.2 79.47 499.7
35 12368.0 12368.8 289.3 14654.0 64983.82 381.2 56.49 500.0
36 13428.0 13429.5 323.87 15965.0 64596.62 382.7 66.39 500.0
37 13263.0 13263.4 349.32 15652.0 65889.03 402.6 71.56 500.0
38 13213.0 13215.3 373.78 15690.0 70450.04 426.5 78.75 500.0
39 13746.0 13746.0 363.93 16338.0 72043.88 451.0 80.35 500.0
40 13483.0 13483.3 355.17 16021.0 73584.88 435.8 75.66 500.0
41 13081.0 13081.0 340.21 15597.0 67726.79 421.3 69.04 500.0
42 13482.0 13482.4 354.64 16068.0 69658.76 416.9 73.8 500.0
43 13250.0 13250.8 305.8 15813.0 64141.66 394.3 59.33 500.0
44 12510.0 12510.0 298.36 14926.0 59720.94 390.3 58.96 500.0
45 12826.0 12826.0 297.95 15088.0 60350.19 382.2 59.98 500.0
46 13374.0 13378.1 347.74 15976.0 66580.85 448.6 73.25 500.0
47 14166.0 14167.1 360.36 16837.0 74355.33 457.4 74.26 500.0
48 13655.0 13657.2 364.26 16279.0 73690.92 452.0 82.84 500.0
49 13813.0 13813.0 369.42 16435.0 67052.57 436.9 80.14 499.1
50 13468.0 13471.4 353.88 16027.0 75693.84 427.1 72.77 500.0
51 13665.0 13666.2 367.89 16190.0 70508.19 409.4 76.27 500.0
52 13437.0 13437.0 363.5 15968.0 69018.92 420.7 76.53 500.0
53 13500.0 13502.1 362.61 16030.0 69150.01 425.1 76.12 500.0
54 13350.0 13350.0 342.48 15936.0 63686.54 416.6 68.83 500.0
55 13306.0 13306.9 338.86 15726.0 63858.82 413.0 70.73 500.0
56 13339.0 13339.4 322.35 15920.0 68327.38 416.9 66.53 500.0
57 13389.0 13389.0 333.9 15893.0 63249.67 362.3 66.15 500.0
58 13885.0 13885.5 359.64 16544.0 73448.96 417.6 76.56 500.0
59 13181.0 13181.9 313.35 15668.0 64758.1 395.1 62.13 500.0
60 13273.0 13274.9 324.34 15763.0 67626.48 421.8 65.4 500.0
61 13134.0 13134.6 308.73 15565.0 64395.81 387.5 59.85 500.0
62 13159.0 13160.7 305.32 15681.0 61898.52 421.3 58.55 500.0
63 13458.0 13458.7 363.58 15881.0 69824.21 409.9 74.33 499.9
64 12763.0 12763.0 298.15 15132.0 59135.1 351.7 59.84 500.0
65 13255.0 13258.0 331.68 15762.0 61253.86 407.6 69.47 500.0
66 13936.0 13936.5 356.72 16601.0 76510.15 459.2 75.17 500.0
67 13218.0 13218.0 330.6 15662.0 69209.96 401.3 67.61 500.0
68 12963.0 12965.0 306.78 15292.0 67423.23 366.1 65.59 500.0
69 13256.0 13257.3 336.97 15776.0 68086.64 452.9 68.33 500.0
70 13269.0 13269.0 346.04 15773.0 69183.09 413.5 74.74 500.0
71 13072.0 13075.8 317.76 15487.0 66456.5 374.2 61.44 500.0
72 13383.0 13383.0 352.24 15916.0 68318.76 438.6 74.13 500.0
73 13679.0 13679.0 322.49 16348.0 67900.73 452.7 66.39 500.0
74 13732.0 13732.9 353.45 16338.0 73163.24 460.3 73.2 500.0
75 13204.0 13204.0 336.08 15611.0 62242.07 375.1 67.91 500.0
76 13524.0 13524.0 355.95 16125.0 70941.27 420.8 78.12 500.0
77 12868.0 12870.3 301.06 15254.0 60462.93 384.9 61.7 500.0
78 13706.0 13714.0 360.94 16283.0 70366.68 444.0 80.37 500.0
79 13210.0 13210.0 327.11 15674.0 66366.56 384.8 66.97 500.0
80 13183.0 13191.9 331.96 15510.0 65196.62 370.4 67.51 500.0
81 12686.0 12689.0 291.56 15153.0 60743.62 396.6 60.02 500.0
82 13495.0 13495.1 362.47 16039.0 71486.85 407.4 73.21 500.0
83 12755.0 12757.1 297.94 15128.0 62087.86 396.9 58.37 500.0
84 13278.0 13278.7 338.47 15715.0 67237.33 403.4 69.31 500.0
85 12740.0 12743.7 296.75 15035.0 63666.69 407.3 62.7 500.0
86 13941.0 13941.0 374.99 16381.0 65964.73 429.7 81.15 497.0
87 12671.0 12671.4 307.68 15029.0 66426.7 380.8 57.66 500.0
88 13066.0 13066.0 310.22 15557.0 63159.29 383.8 59.69 500.0
89 12988.0 12991.2 314.22 15339.0 63226.65 431.7 63.37 500.0
90 13594.0 13595.3 328.62 16204.0 65203.41 402.4 67.54 500.0
91 13628.0 13628.0 362.13 16189.0 69196.23 399.8 77.57 500.0
92 13172.0 13172.0 326.3 15643.0 58749.68 397.6 68.24 500.0
93 13288.0 13288.0 317.3 15713.0 63218.13 401.7 59.31 500.0
94 13321.0 13321.0 349.22 15871.0 70092.23 431.3 72.12 500.0
95 13447.0 13447.3 319.26 16041.0 68007.51 413.8 66.71 500.0
96 13069.0 13069.4 292.67 15516.0 59107.59 356.1 58.99 500.0
97 12795.0 12795.0 311.59 15212.0 66358.31 392.2 60.75 500.0
98 13145.0 13145.5 300.66 15585.0 58651.32 397.6 61.38 500.0
99 14453.0 14453.4 307.61 17218.0 78024.38 443.2 70.3 500.0
100 12800.0 12800.9 248.87 15216.0 69191.12 404.2 52.02 500.0
