1 3138.0 3138.0 90.79 3650.0 11036.44 163.2 8.36 500.0
2 3370.0 3370.5 81.81 3925.0 11457.88 159.8 7.15 500.0
3 3370.0 3370.0 96.71 3914.0 12411.82 172.2 10.56 500.0
4 3370.0 3370.0 88.69 3942.0 11520.38 159.9 8.92 500.0
5 3550.0 3550.8 108.91 4173.0 12927.96 232.1 12.63 500.0
6 3179.0 3179.2 84.83 3682.0 10680.83 138.8 8.13 500.0
7 3430.0 3431.8 101.71 3996.0 12015.83 189.8 11.19 500.0
8 3479.0 3480.8 109.27 4096.0 12502.25 225.2 12.89 500.0
9 3245.0 3245.0 89.06 3808.0 11962.47 168.0 8.74 500.0
10 3439.0 3439.0 103.03 4019.0 12767.97 195.8 11.51 500.0
11 3283.0 3283.0 91.15 3775.0 11305.04 142.1 10.24 500.0
12 3392.0 3392.0 90.68 3956.0 11501.35 151.5 8.46 500.0
13 3422.0 3422.0 107.29 3994.0 13126.41 178.5 11.04 500.0
14 3362.0 3363.5 92.27 3932.0 11922.78 147.2 9.73 500.0
15 3368.0 3368.0 95.68 3936.0 11755.83 175.6 10.27 500.0
16 3585.0 3585.3 103.31 4185.0 13191.29 192.5 11.54 500.0
17 3456.0 3456.0 100.01 4034.0 12337.99 170.7 10.89 500.0
18 3502.0 3502.1 100.08 4060.0 12291.9 148.7 11.24 500.0
19 3394.0 3394.0 89.06 3906.0 12007.84 139.5 8.66 500.0
20 3376.0 3376.4 95.06 3930.0 11979.8 174.3 9.91 500.0
21 3481.0 3481.0 99.46 4081.0 12821.03 159.0 11.13 500.0
22 3581.0 3581.0 107.13 4208.0 13515.18 194.6 11.76 500.0
23 3286.0 3286.3 82.99 3834.0 10832.06 165.1 7.18 500.0
24 3352.0 3352.3 101.72 3940.0 12007.06 174.1 10.26 500.0
25 3552.0 3552.3 108.99 4132.0 13215.07 193.7 12.38 500.0
26 3367.0 3367.0 90.41 3917.0 11890.46 155.5 9.44 500.0
27 3458.0 3458.0 97.92 4029.0 12683.37 189.9 10.58 500.0
28 3391.0 3391.0 95.24 3944.0 11395.75 158.3 9.48 500.0
29 3207.0 3207.0 83.12 3748.0 10939.28 159.8 7.6 500.0
30 3138.0 3138.0 91.73 3669.0 11521.68 179.7 9.56 500.0
31 3189.0 3190.1 82.57 3713.0 10487.24 156.8 7.53 500.0
32 3466.0 3466.2 98.26 4039.0 12218.9 165.9 11.13 500.0
33 3548.0 3548.0 107.14 4123.0 13011.9 163.5 11.84 500.0
34 3377.0 3379.5 96.3 3956.0 11377.21 170.9 9.85 500.0
35 3387.0 3388.8 96.03 3952.0 11963.06 162.9 9.99 500.0
36 3389.0 3389.0 89.51 3914.0 11802.3 146.6 9.21 500.0
37 3567.0 3567.0 109.6 4145.0 12709.4 163.1 12.73 500.0
38 3521.0 3521.0 100.37 4106.0 13155.4 157.6 11.08 500.0
39 3313.0 3313.0 100.12 3886.0 12355.11 146.2 10.84 500.0
40 3173.0 3173.4 82.41 3712.0 10758.11 149.8 7.51 500.0
41 3345.0 3345.0 96.67 3886.0 12164.19 158.1 9.71 500.0
42 3386.0 3386.0 101.52 3915.0 11772.22 160.5 11.96 500.0
43 3306.0 3306.1 93.07 3898.0 12064.79 187.7 9.45 500.0
44 3496.0 3496.0 99.42 4092.0 12256.23 159.2 10.21 500.0
45 3471.0 3472.9 93.17 4007.0 12619.47 165.8 9.73 500.0
46 3285.0 3286.0 88.08 3826.0 12090.74 154.5 7.72 500.0
47 3219.0 3219.0 89.94 3693.0 11359.03 148.5 9.34 500.0
48 3478.0 3478.3 94.05 4049.0 12161.24 165.6 9.66 500.0
49 3487.0 3487.7 96.28 4073.0 12358.79 152.8 9.86 500.0
50 3464.0 3464.2 106.04 4061.0 11813.05 176.6 11.46 500.0
51 3271.0 3271.1 82.97 3805.0 11039.24 142.6 7.4 500.0
52 3227.0 3227.0 94.82 3707.0 11675.16 180.9 8.93 500.0
53 3410.0 3410.2 89.86 3972.0 11509.08 155.7 9.82 500.0
54 3263.0 3263.4 89.91 3813.0 11437.41 169.4 9.32 500.0
55 3600.0 3600.1 104.51 4240.0 12930.14 188.4 11.6 500.0
56 3580.0 3580.0 97.69 4201.0 12415.79 186.1 10.42 500.0
57 3591.0 3591.0 108.8 4162.0 12705.18 176.0 12.68 500.0
58 3518.0 3518.9 107.67 4079.0 12201.24 176.3 12.36 500.0
59 3194.0 3194.0 86.03 3754.0 11434.3 171.5 8.92 500.0
60 3295.0 3295.0 91.68 3825.0 11650.21 150.7 9.1 500.0
61 3310.0 3310.0 94.64 3853.0 11420.5 182.3 9.88 500.0
62 3511.0 3512.4 93.57 4130.0 12334.53 166.6 9.54 500.0
63 3450.0 3450.1 104.46 4015.0 13043.17 163.6 11.99 500.0
64 3373.0 3373.1 94.76 3960.0 11332.69 165.1 9.61 500.0
65 3586.0 3586.0 112.3 4199.0 13315.27 175.2 12.79 500.0
66 3515.0 3515.0 101.24 4119.0 12094.33 176.8 11.72 500.0
67 3326.0 3326.9 84.6 3874.0 11258.04 165.6 8.12 500.0
68 3234.0 3234.0 93.07 3770.0 10878.14 156.9 9.7 500.0
69 3509.0 3510.1 100.62 4134.0 12932.06 189.1 10.59 500.0
70 3414.0 3414.0 101.41 4013.0 12392.68 179.2 10.59 500.0
71 3472.0 3472.6 92.51 4050.0 11828.89 184.0 9.55 500.0
72 3517.0 3517.0 106.57 4074.0 13044.12 178.6 11.37 500.0
73 3304.0 3304.0 94.17 3875.0 11500.87 181.3 10.33 500.0
74 3178.0 3178.0 83.64 3664.0 11374.69 128.3 7.25 500.0
75 3303.0 3304.5 87.81 3819.0 12590.9 165.7 8.62 500.0
76 3511.0 3511.1 99.28 4098.0 12790.07 194.1 10.44 500.0
77 3359.0 3359.0 102.85 3920.0 12381.96 163.5 11.76 500.0
78 3338.0 3338.0 82.9 3881.0 11215.25 145.5 7.51 500.0
79 3538.0 3538.0 108.81 4156.0 13089.12 173.0 13.04 500.0
80 3430.0 3431.4 95.97 3992.0 11331.74 166.8 9.7 500.0
81 3322.0 3323.8 81.83 3860.0 10951.3 179.4 7.37 500.0
82 3367.0 3367.0 96.23 3877.0 11837.25 140.9 10.51 500.0
83 3308.0 3308.0 90.54 3865.0 12270.98 143.5 8.75 500.0
84 3431.0 3431.0 93.71 4003.0 12271.21 204.6 9.65 500.0
85 3397.0 3397.0 97.53 3945.0 11750.86 172.0 9.92 500.0
86 3450.0 3450.0 90.57 4039.0 11478.67 175.3 8.85 500.0
87 3427.0 3427.0 105.97 4015.0 11790.04 180.9 11.31 500.0
88 3276.0 3276.1 87.93 3802.0 11026.17 156.4 9.23 500.0
89 3309.0 3309.0 86.13 3822.0 10814.39 126.4 7.66 500.0
90 3719.0 3720.6 110.73 4371.0 14011.38 182.5 12.37 500.0
91 3340.0 3340.0 86.37 3888.0 11566.6 173.6 8.16 500.0
92 3444.0 3444.0 98.03 4040.0 11918.13 174.2 10.56 500.0
93 3205.0 3205.0 87.31 3713.0 12144.64 147.5 8.8 500.0
94 3344.0 3344.0 83.27 3884.0 11376.55 138.8 7.8 500.0
95 3510.0 3510.0 103.69 4125.0 12509.53 183.4 11.26 500.0
96 3378.0 3378.0 90.82 3921.0 11413.44 151.9 9.22 500.0
97 3523.0 3523.0 100.62 4130.0 12609.42 180.0 10.7 500.0
98 3185.0 3185.0 86.37 3693.0 11377.02 183.4 9.13 500.0
99 3644.0 3644.0 89.74 4244.0 12180.68 185.5 13.0 500.0
100 3395.0 3395.0 86.15 3945.0 12962.93 178.2 11.34 500.0
