1 308.0 308.0 20.01 333.0 525.96 15.2 0.06 1214.6
2 277.0 277.0 20.01 291.0 477.67 8.4 0.06 1210.3
3 285.0 285.0 20.01 303.0 496.77 7.8 0.07 1080.6
4 288.0 288.0 20.01 310.0 518.2 9.7 0.09 1035.9
5 282.0 282.9 20.02 306.0 509.97 13.8 0.08 1051.5
6 305.0 305.0 20.01 317.0 500.65 9.3 0.05 1209.3
7 288.0 288.0 20.02 305.0 519.49 7.1 0.07 1034.3
8 256.0 256.0 20.01 264.0 451.45 4.0 0.06 1140.3
9 277.0 277.0 20.02 286.0 466.87 6.5 0.05 1249.1
10 316.0 316.0 20.02 337.0 553.73 12.3 0.09 1148.2
11 304.0 304.0 20.02 325.0 531.28 12.4 0.08 1054.4
12 286.0 286.0 20.03 309.0 482.83 11.8 0.06 1087.5
13 266.0 266.0 20.04 281.0 483.84 11.5 0.12 1004.7
14 269.0 269.0 20.02 278.0 477.62 8.6 0.07 1196.2
15 275.0 275.0 20.01 289.0 490.93 8.9 0.05 1115.1
16 295.0 295.0 20.03 318.0 533.9 15.7 0.08 1066.0
17 262.0 262.0 20.01 284.0 465.28 16.4 0.09 1124.2
18 253.0 253.0 20.01 273.0 439.25 10.2 0.06 1150.2
19 244.0 244.0 20.02 265.0 442.61 12.3 0.05 1155.0
20 286.0 286.0 20.04 308.0 504.12 12.4 0.07 1053.2
21 292.0 292.0 20.02 306.0 517.88 8.1 0.07 1115.5
22 237.0 237.0 20.01 250.0 404.94 6.0 0.07 1261.2
23 276.0 276.0 20.01 286.0 454.92 5.2 0.05 1200.2
24 294.0 294.0 20.01 302.0 530.81 6.2 0.08 990.1
25 238.0 238.0 20.02 248.0 417.52 8.9 0.06 1199.2
26 295.0 295.0 20.01 315.0 493.81 9.2 0.06 1209.5
27 302.0 302.0 20.02 317.0 565.11 8.2 0.11 1005.2
28 288.0 288.0 20.02 317.0 519.51 13.8 0.07 1036.1
29 298.0 298.0 20.04 322.0 548.62 11.4 0.1 1037.6
30 299.0 299.0 20.01 331.0 527.46 20.0 0.12 1018.1
31 265.0 265.0 20.01 285.0 460.8 16.8 0.05 1219.2
32 329.0 329.0 20.01 335.0 510.85 6.9 0.07 1268.1
33 309.0 309.0 20.01 335.0 550.65 15.5 0.08 1059.0
34 312.0 312.0 20.02 334.0 567.2 11.2 0.09 1058.0
35 285.0 285.0 20.02 306.0 511.67 12.6 0.11 1063.2
36 265.0 265.0 20.01 281.0 461.33 8.0 0.05 1108.1
37 276.0 276.0 20.03 294.0 500.16 15.6 0.08 1063.9
38 249.0 249.0 20.04 263.0 421.1 6.4 0.06 1179.2
39 277.0 277.0 20.01 306.0 491.28 10.1 0.08 1138.1
40 260.0 260.8 20.01 279.0 470.56 120.8 0.07 1055.0
41 289.0 289.0 20.01 305.0 469.27 10.0 0.05 1204.2
42 297.0 297.0 20.02 321.0 517.62 9.3 0.06 1130.0
43 297.0 297.0 20.01 318.0 552.83 10.4 0.09 1012.0
44 270.0 270.0 20.02 281.0 491.92 6.3 0.07 1142.3
45 322.0 322.0 20.02 345.0 572.65 12.6 0.1 954.4
46 243.0 243.0 20.02 250.0 438.66 8.2 0.07 1195.6
47 323.0 323.0 20.01 345.0 534.86 11.3 0.06 1109.0
48 297.0 301.1 20.01 329.0 547.32 318.1 0.08 1052.7
49 268.0 268.0 20.03 288.0 479.24 10.2 0.07 1035.8
50 295.0 295.0 20.02 319.0 500.25 12.1 0.07 1091.7
51 280.0 280.0 20.01 306.0 496.38 14.9 0.1 1064.6
52 344.0 344.0 20.02 360.0 591.65 9.7 0.09 1016.2
53 282.0 282.0 20.02 307.0 529.94 15.1 0.06 993.2
54 272.0 272.0 20.03 291.0 445.05 8.6 0.05 1211.6
55 304.0 304.0 20.02 316.0 493.62 13.0 0.06 1163.5
56 288.0 288.0 20.01 305.0 497.94 9.4 0.06 1187.5
57 259.0 259.0 20.03 277.0 484.05 10.4 0.07 1045.0
58 336.0 336.0 20.02 359.0 576.1 12.1 0.07 1125.1
59 284.0 284.0 20.03 294.0 483.06 6.3 0.09 1033.3
60 256.0 256.0 20.01 265.0 473.9 10.9 0.06 1039.7
61 308.0 308.0 20.02 333.0 528.77 13.3 0.06 1126.5
62 300.0 300.0 20.01 316.0 528.87 10.5 0.07 1068.8
63 279.0 279.0 20.02 298.0 496.79 9.4 0.08 1080.7
64 290.0 290.0 20.01 308.0 495.63 8.4 0.1 1027.0
65 277.0 277.0 20.01 297.0 473.67 10.2 0.06 1175.5
66 290.0 290.0 20.02 305.0 522.69 12.3 0.07 997.0
67 325.0 331.2 20.02 353.0 575.34 33.7 0.09 1025.1
68 298.0 298.0 20.01 314.0 528.42 11.0 0.1 980.2
69 307.0 307.0 20.01 323.0 557.01 12.1 0.07 1055.5
70 277.0 277.0 20.02 286.0 470.86 7.3 0.05 1163.3
71 298.0 298.8 20.02 319.0 523.12 128.5 0.06 1082.7
72 257.0 260.9 20.01 268.0 438.34 210.6 0.07 1080.7
73 277.0 277.0 20.01 294.0 452.45 8.3 0.05 1199.4
74 281.0 281.0 20.01 294.0 526.55 8.6 0.08 1029.0
75 219.0 219.0 20.01 235.0 405.25 7.3 0.05 1200.3
76 296.0 296.0 20.01 320.0 508.78 9.3 0.07 1102.7
77 288.0 288.0 20.02 293.0 480.29 5.8 0.07 1159.7
78 257.0 257.0 20.02 275.0 476.69 10.7 0.08 1038.6
79 281.0 281.0 20.02 303.0 482.88 9.8 0.06 1049.4
80 279.0 279.0 20.01 291.0 494.2 8.2 0.06 1105.0
81 270.0 270.0 20.01 278.0 452.43 5.9 0.08 1140.1
82 347.0 347.0 20.03 368.0 611.92 11.1 0.08 1032.2
83 265.0 265.0 20.02 278.0 503.23 6.1 0.06 1073.5
84 272.0 272.0 20.01 287.0 459.0 9.8 0.08 1161.4
85 304.0 304.0 20.01 321.0 513.23 14.6 0.07 1089.4
86 336.0 336.0 20.01 359.0 571.26 8.5 0.07 1144.9
87 267.0 267.0 20.02 279.0 466.81 7.5 0.06 1158.3
88 305.0 305.0 20.03 322.0 510.98 10.1 0.07 1121.4
89 289.0 289.0 20.01 300.0 495.85 8.7 0.07 1077.3
90 311.0 311.0 20.01 337.0 544.37 12.2 0.07 1108.3
91 280.0 280.0 20.01 296.0 486.86 8.1 0.07 1139.2
92 298.0 298.0 20.02 318.0 514.4 8.5 0.05 1155.1
93 304.0 304.0 20.01 327.0 541.8 10.4 0.08 1019.4
94 308.0 308.0 20.02 322.0 537.95 7.1 0.06 1113.9
95 263.0 263.0 20.01 273.0 447.02 9.5 0.05 1142.9
96 267.0 267.0 20.01 291.0 488.14 15.3 0.07 1055.8
97 264.0 264.0 20.01 273.0 449.38 5.8 0.07 1161.6
98 296.0 296.0 20.01 306.0 517.17 7.9 0.06 1265.0
99 273.0 273.0 20.01 284.0 511.94 13.4 0.08 1198.1
100 262.0 262.0 20.01 273.0 435.23 5.4 0.06 1359.3
