1 308.0 308.0 8.24 333.0 525.96 15.2 0.06 500.0
2 277.0 277.0 8.34 291.0 477.67 8.4 0.05 500.0
3 285.0 285.0 9.63 303.0 496.77 7.8 0.07 500.0
4 288.0 288.0 10.98 310.0 518.2 9.7 0.1 500.0
5 282.0 282.9 10.28 306.0 509.97 13.8 0.08 500.0
6 305.0 305.0 9.23 317.0 500.65 9.3 0.05 500.0
7 288.0 288.0 10.58 305.0 519.49 7.1 0.1 500.0
8 256.0 256.0 9.23 264.0 451.45 4.0 0.1 500.0
9 277.0 277.0 9.19 286.0 466.87 6.5 0.08 500.0
10 316.0 316.0 9.56 337.0 553.73 12.3 0.09 500.0
11 304.0 304.0 10.71 325.0 531.28 12.4 0.09 500.0
12 286.0 286.0 9.91 309.0 482.83 11.8 0.08 500.0
13 266.0 266.0 11.12 281.0 483.84 11.5 0.12 500.0
14 269.0 269.0 9.32 278.0 477.62 8.6 0.07 500.0
15 275.0 275.0 9.69 289.0 490.93 8.9 0.07 500.0
16 295.0 295.0 10.56 318.0 533.9 15.7 0.1 500.0
17 262.0 262.0 10.32 284.0 465.28 16.4 0.1 500.0
18 253.0 253.0 9.68 273.0 439.25 10.2 0.07 500.0
19 244.0 244.0 9.62 265.0 442.61 12.3 0.07 500.0
20 286.0 286.0 10.34 308.0 504.12 12.4 0.08 500.0
21 292.0 292.0 10.42 306.0 517.88 8.1 0.08 500.0
22 237.0 237.0 9.24 250.0 404.94 6.0 0.06 500.0
23 276.0 276.0 9.32 286.0 454.92 5.2 0.08 500.0
24 294.0 294.0 10.66 302.0 530.81 6.2 0.08 500.0
25 238.0 238.0 9.44 248.0 417.52 8.9 0.07 500.0
26 295.0 295.0 9.04 315.0 493.81 9.2 0.05 500.0
27 302.0 302.0 10.72 317.0 565.11 8.2 0.07 500.0
28 288.0 288.0 10.46 317.0 519.51 13.8 0.09 500.0
29 298.0 298.0 10.32 322.0 548.62 11.4 0.08 500.0
30 299.0 299.0 10.92 331.0 527.46 20.0 0.09 500.0
31 265.0 265.0 9.52 285.0 460.8 16.8 0.08 500.0
32 329.0 329.0 9.01 335.0 510.85 6.9 0.06 500.0
33 309.0 309.0 10.71 335.0 550.65 15.5 0.09 500.0
34 312.0 312.0 10.8 334.0 567.2 11.2 0.08 500.0
35 285.0 285.0 10.71 306.0 511.67 12.6 0.11 500.0
36 265.0 265.0 9.35 281.0 461.33 8.0 0.08 500.0
37 276.0 276.0 10.72 294.0 500.16 15.6 0.08 500.0
38 249.0 249.0 9.44 263.0 421.1 6.4 0.06 500.0
39 277.0 277.0 9.38 306.0 491.28 10.1 0.06 500.0
40 260.0 260.9 10.81 279.0 470.56 28.8 0.08 500.0
41 289.0 289.0 9.41 305.0 469.27 10.0 0.06 500.0
42 297.0 297.0 10.49 321.0 517.62 9.3 0.09 500.0
43 297.0 297.0 10.67 318.0 552.83 10.4 0.11 500.0
44 270.0 270.0 9.63 281.0 491.92 6.3 0.07 500.0
45 322.0 322.0 11.18 345.0 572.65 12.6 0.09 500.0
46 243.0 243.0 9.46 250.0 438.66 8.2 0.08 500.0
47 323.0 323.0 10.03 345.0 534.86 11.3 0.09 500.0
48 297.0 302.4 10.53 329.0 547.32 59.7 0.08 500.0
49 268.0 268.0 10.05 288.0 479.24 10.2 0.07 500.0
50 295.0 295.0 10.6 319.0 500.25 12.1 0.07 500.0
51 280.0 280.0 10.03 306.0 496.38 14.9 0.08 500.0
52 344.0 344.0 10.73 360.0 591.65 9.7 0.11 500.0
53 282.0 282.0 10.94 307.0 529.94 15.1 0.09 500.0
54 272.0 272.0 9.13 291.0 445.05 8.6 0.06 500.0
55 304.0 304.0 9.4 316.0 493.62 13.0 0.07 500.0
56 288.0 288.0 8.9 305.0 497.94 9.4 0.06 500.0
57 259.0 259.0 10.02 277.0 484.05 10.4 0.08 500.0
58 336.0 336.0 9.98 359.0 576.1 12.1 0.09 500.0
59 284.0 284.0 10.88 294.0 483.06 6.3 0.09 500.0
60 256.0 256.0 10.24 265.0 473.9 10.9 0.1 500.0
61 308.0 308.0 9.5 333.0 528.77 13.3 0.09 500.0
62 300.0 300.0 10.59 316.0 528.87 10.5 0.09 500.0
63 279.0 279.0 10.29 298.0 496.79 9.4 0.09 500.0
64 290.0 290.0 10.07 308.0 495.63 8.4 0.1 500.0
65 277.0 277.0 9.51 297.0 473.67 10.2 0.08 500.0
66 290.0 290.0 10.98 305.0 522.69 12.3 0.11 500.0
67 325.0 331.2 11.08 353.0 575.34 33.7 0.1 500.0
68 298.0 298.0 10.96 314.0 528.42 11.0 0.11 500.0
69 307.0 307.0 10.67 323.0 557.01 12.1 0.1 500.0
70 277.0 277.0 9.98 286.0 470.86 7.3 0.06 500.0
71 298.0 298.9 10.39 319.0 523.12 44.7 0.09 500.0
72 257.0 261.3 9.83 268.0 438.34 51.0 0.08 500.0
73 277.0 277.0 9.41 294.0 452.45 8.3 0.07 500.0
74 281.0 281.0 10.92 294.0 526.55 8.6 0.09 500.0
75 219.0 219.0 9.52 235.0 405.25 7.3 0.06 500.0
76 296.0 296.0 10.09 320.0 508.78 9.3 0.09 500.0
77 288.0 288.0 9.81 293.0 480.29 5.8 0.07 500.0
78 257.0 257.0 10.82 275.0 476.69 10.7 0.1 500.0
79 281.0 281.0 10.21 303.0 482.88 9.8 0.08 500.0
80 279.0 279.0 10.11 291.0 494.2 8.2 0.09 500.0
81 270.0 270.0 9.68 278.0 452.43 5.9 0.07 500.0
82 347.0 347.0 11.04 368.0 611.92 11.1 0.1 500.0
83 265.0 265.0 10.26 278.0 503.24 6.1 0.08 500.0
84 272.0 272.0 9.7 287.0 459.0 9.8 0.06 500.0
85 304.0 304.0 9.79 321.0 513.23 14.6 0.06 500.0
86 336.0 336.0 10.02 359.0 571.26 8.5 0.09 500.0
87 267.0 267.0 9.61 279.0 466.81 7.5 0.07 500.0
88 305.0 305.0 10.16 322.0 510.98 10.1 0.09 500.0
89 289.0 289.0 10.35 300.0 495.85 8.7 0.08 500.0
90 311.0 311.0 10.47 337.0 544.37 12.2 0.09 500.0
91 280.0 280.0 10.2 296.0 486.86 8.1 0.08 500.0
92 298.0 298.0 10.12 318.0 514.4 8.5 0.07 500.0
93 304.0 304.0 11.12 327.0 541.8 10.4 0.1 500.0
94 308.0 308.0 10.46 322.0 537.94 7.1 0.08 500.0
95 263.0 263.0 9.39 273.0 447.02 9.5 0.08 500.0
96 267.0 267.0 10.73 291.0 488.14 15.3 0.12 500.0
97 264.0 264.0 9.09 273.0 449.38 5.8 0.07 500.0
98 296.0 296.0 8.49 306.0 517.17 7.9 0.06 500.0
99 273.0 273.0 8.0 284.0 511.94 13.4 0.06 500.0
100 262.0 262.0 7.08 273.0 435.23 5.4 0.05 500.0
