1         298.0     298.0     0.0       20.0305   
2         267.0     267.0     0.0       5.4311    
3         280.0     280.0     0.0       19.4068   
4         283.0     283.0     0.0       65.3648   
5         275.0     275.0     0.0       16.8744   
6         298.0     298.0     0.0       1.2181    
7         281.0     281.0     0.0       40.9646   
8         250.0     250.0     0.0       5.2779    
9         277.0     277.0     0.0       0.3948    
10        308.0     308.0     0.0       96.4623   
11        297.0     297.0     0.0       5.869     
12        280.0     280.0     0.0       7.5348    
13        263.0     263.0     0.0       15.2036   
14        266.0     266.0     0.0       6.2571    
15        269.0     269.0     0.0       1.4585    
16        291.0     291.0     0.0       97.8187   
17        260.0     260.0     0.0       23.112    
18        252.0     252.0     0.0       1.6       
19        239.0     239.0     0.0       24.8361   
20        281.0     281.0     0.0       19.0517   
21        284.0     284.0     0.0       3.5251    
22        236.0     236.0     0.0       1.6305    
23        274.0     274.0     0.0       15.0294   
24        290.0     290.0     0.0       224.0309  
25        238.0     238.0     0.0       1.0376    
26        289.0     289.0     0.0       6.0093    
27        296.0     296.0     0.0       7.4468    
28        280.0     280.0     0.0       21.106    
29        294.0     294.0     0.0       19.8062   
30        296.0     296.0     0.0       2.286     
31        258.0     258.0     0.0       20.1874   
32        318.0     318.0     0.0       5.0339    
33        304.0     304.0     0.0       8.114     
34        293.0     293.0     0.0       3.6602    
35        280.0     280.0     0.0       17.0603   
36        263.0     263.0     0.0       15.3629   
37        269.0     269.0     0.0       8.2187    
38        247.0     247.0     0.0       3.6569    
39        274.0     274.0     0.0       5.775     
40        254.0     254.0     0.0       34.2087   
41        282.0     282.0     0.0       1.3348    
42        292.0     292.0     0.0       2.4206    
43        291.0     291.0     0.0       1275.4058 
44        264.0     264.0     0.0       18.259    
45        317.0     317.0     0.0       26.0692   
46        242.0     242.0     0.0       0.9004    
47        314.0     314.0     0.0       31.9366   
48        294.0     294.0     0.0       4.9923    
49        264.0     264.0     0.0       21.1923   
50        286.0     286.0     0.0       5.8414    
51        273.0     273.0     0.0       44.5515   
52        334.0     334.0     0.0       15.4321   
53        281.0     281.0     0.0       64.6586   
54        262.0     262.0     0.0       2.3924    
55        299.0     299.0     0.0       8.7302    
56        288.0     288.0     0.0       0.9323    
57        254.0     254.0     0.0       13.7959   
58        331.0     331.0     0.0       1.25      
59        283.0     283.0     0.0       17.1247   
60        254.0     254.0     0.0       86.1527   
61        305.0     305.0     0.0       12.0018   
62        289.0     289.0     0.0       4.6452    
63        272.0     272.0     0.0       38.2282   
64        283.0     283.0     0.0       1.0528    
65        266.0     266.0     0.0       8.6551    
66        284.0     284.0     0.0       10.7403   
67        318.0     318.0     0.0       1.3166    
68        295.0     295.0     0.0       12.0534   
69        297.0     297.0     0.0       23.108    
70        273.0     273.0     0.0       14.1445   
71        292.0     292.0     0.0       5.8321    
72        254.0     252.0     0.7937    3600.002  
73        273.0     273.0     0.0       7.2437    
74        271.0     271.0     0.0       13.0869   
75        211.0     211.0     0.0       2.2488    
76        293.0     293.0     0.0       21.4022   
77        271.0     271.0     0.0       11.3521   
78        254.0     254.0     0.0       0.8718    
79        276.0     276.0     0.0       7.0546    
80        270.0     270.0     0.0       7.8592    
81        259.0     259.0     0.0       34.9515   
82        337.0     337.0     0.0       1.5935    
83        257.0     257.0     0.0       43.01     
84        263.0     263.0     0.0       6.436     
85        295.0     295.0     0.0       44.3856   
86        330.0     330.0     0.0       5.5007    
87        257.0     257.0     0.0       36.1028   
88        294.0     294.0     0.0       7.7687    
89        285.0     285.0     0.0       4.7393    
90        311.0     311.0     0.0       1.4969    
91        273.0     273.0     0.0       10.1498   
92        290.0     290.0     0.0       7.7673    
93        295.0     295.0     0.0       2.8312    
94        303.0     303.0     0.0       27.6187   
95        256.0     256.0     0.0       10.9129   
96        263.0     263.0     0.0       6.1113    
97        249.0     249.0     0.0       13.11     
98        289.0     289.0     0.0       9.6972    
99        265.0     265.0     0.0       4.7517    
100       248.0     248.0     0.0       8.5917    
seed  size    batch ins         mejor       pob       time      mejor_i   pob_i     mejor_iter  t_pob       
