1         298.0     298.0     0.0       15.297    
2         267.0     267.0     0.0       10.6193   
3         280.0     280.0     0.0       14.2139   
4         283.0     283.0     0.0       81.8463   
5         275.0     275.0     0.0       19.1654   
6         298.0     298.0     0.0       1.1924    
7         281.0     281.0     0.0       49.0067   
8         250.0     250.0     0.0       4.7755    
9         277.0     277.0     0.0       0.3212    
10        308.0     308.0     0.0       115.8729  
11        297.0     297.0     0.0       5.5536    
12        280.0     280.0     0.0       1.7259    
13        263.0     263.0     0.0       12.0076   
14        266.0     266.0     0.0       6.7378    
15        269.0     269.0     0.0       1.4059    
16        291.0     291.0     0.0       51.2528   
17        260.0     260.0     0.0       11.2096   
18        252.0     252.0     0.0       1.591     
19        239.0     239.0     0.0       32.7194   
20        281.0     281.0     0.0       42.4988   
21        284.0     284.0     0.0       2.7794    
22        236.0     236.0     0.0       1.4814    
23        274.0     274.0     0.0       25.5612   
24        290.0     290.0     0.0       123.8139  
25        238.0     238.0     0.0       1.5413    
26        289.0     289.0     0.0       3.9213    
27        296.0     296.0     0.0       8.9166    
28        280.0     280.0     0.0       21.8903   
29        294.0     294.0     0.0       9.6778    
30        296.0     296.0     0.0       1.7319    
31        258.0     258.0     0.0       16.7821   
32        318.0     318.0     0.0       2.1981    
33        304.0     304.0     0.0       6.6082    
34        293.0     293.0     0.0       2.6256    
35        280.0     280.0     0.0       26.9257   
36        263.0     263.0     0.0       11.5704   
37        269.0     269.0     0.0       9.7719    
38        247.0     247.0     0.0       2.9135    
39        274.0     274.0     0.0       4.0716    
40        254.0     254.0     0.0       49.7376   
41        282.0     282.0     0.0       3.2641    
42        292.0     292.0     0.0       7.6696    
43        291.0     291.0     0.0       405.3132  
44        264.0     264.0     0.0       15.8558   
45        317.0     317.0     0.0       44.7189   
46        242.0     242.0     0.0       1.0581    
47        314.0     314.0     0.0       31.9913   
48        294.0     294.0     0.0       5.9794    
49        264.0     264.0     0.0       11.2673   
50        286.0     286.0     0.0       1.8387    
51        273.0     273.0     0.0       23.3387   
52        334.0     334.0     0.0       51.0605   
53        281.0     281.0     0.0       88.6071   
54        262.0     262.0     0.0       1.4001    
55        299.0     299.0     0.0       7.7614    
56        288.0     288.0     0.0       0.9206    
57        254.0     254.0     0.0       7.3334    
58        331.0     331.0     0.0       1.017     
59        283.0     283.0     0.0       12.6995   
60        254.0     254.0     0.0       82.4637   
61        305.0     305.0     0.0       18.0393   
62        289.0     289.0     0.0       2.8544    
63        272.0     272.0     0.0       42.8361   
64        283.0     283.0     0.0       0.7412    
65        266.0     266.0     0.0       8.0955    
66        284.0     284.0     0.0       3.7672    
67        318.0     318.0     0.0       1.3883    
68        295.0     295.0     0.0       10.5716   
69        297.0     297.0     0.0       52.9394   
70        273.0     273.0     0.0       13.4277   
71        292.0     292.0     0.0       5.3015    
72        254.0     251.2924  1.0775    3600.0022 
73        273.0     273.0     0.0       5.3496    
74        271.0     271.0     0.0       15.6919   
75        211.0     211.0     0.0       2.244     
76        293.0     293.0     0.0       20.156    
77        271.0     271.0     0.0       9.6283    
78        254.0     254.0     0.0       1.2193    
79        276.0     276.0     0.0       17.1375   
80        270.0     270.0     0.0       8.7888    
81        259.0     259.0     0.0       22.1863   
82        337.0     337.0     0.0       5.1432    
83        257.0     257.0     0.0       57.5207   
84        263.0     263.0     0.0       10.786    
85        295.0     295.0     0.0       51.8342   
86        330.0     330.0     0.0       8.269     
87        257.0     257.0     0.0       37.6467   
88        294.0     294.0     0.0       8.8715    
89        285.0     285.0     0.0       6.4627    
90        311.0     311.0     0.0       1.5245    
91        273.0     273.0     0.0       7.0174    
92        290.0     290.0     0.0       2.2746    
93        295.0     295.0     0.0       6.934     
94        303.0     303.0     0.0       28.8497   
95        256.0     256.0     0.0       3.0598    
96        263.0     263.0     0.0       11.0193   
97        249.0     249.0     0.0       10.9997   
98        289.0     289.0     0.0       10.009    
99        265.0     265.0     0.0       2.0088    
100       248.0     248.0     0.0       12.7269   
seed  size    batch ins         mejor       pob       time      mejor_i   pob_i     mejor_iter  t_pob       
