1         298.0     298.0     0.0       7.0664    
2         267.0     267.0     0.0       2.6097    
3         280.0     280.0     0.0       3.6223    
4         283.0     283.0     0.0       4.0464    
5         275.0     275.0     0.0       4.273     
6         298.0     298.0     0.0       2.2931    
7         281.0     281.0     0.0       15.95     
8         250.0     250.0     0.0       1.2952    
9         277.0     277.0     0.0       0.5115    
10        308.0     308.0     0.0       12.8139   
11        297.0     297.0     0.0       1.9158    
12        280.0     280.0     0.0       2.1796    
13        263.0     263.0     0.0       6.1329    
14        266.0     266.0     0.0       1.2038    
15        269.0     269.0     0.0       1.0474    
16        291.0     291.0     0.0       12.205    
17        260.0     260.0     0.0       1.7875    
18        252.0     252.0     0.0       1.0311    
19        239.0     239.0     0.0       2.3711    
20        281.0     281.0     0.0       11.7732   
21        284.0     284.0     0.0       1.7959    
22        236.0     236.0     0.0       0.8408    
23        274.0     274.0     0.0       3.8553    
24        290.0     290.0     0.0       10.8375   
25        238.0     238.0     0.0       0.8981    
26        289.0     289.0     0.0       1.8805    
27        296.0     296.0     0.0       2.2067    
28        280.0     280.0     0.0       2.8277    
29        294.0     294.0     0.0       11.4007   
30        296.0     296.0     0.0       1.9184    
31        258.0     258.0     0.0       4.1202    
32        318.0     318.0     0.0       4.3529    
33        304.0     304.0     0.0       2.9727    
34        293.0     293.0     0.0       1.3054    
35        280.0     280.0     0.0       1.9905    
36        263.0     263.0     0.0       8.2398    
37        269.0     269.0     0.0       11.909    
38        247.0     247.0     0.0       1.7116    
39        274.0     274.0     0.0       1.6658    
40        254.0     254.0     0.0       12.5589   
41        282.0     282.0     0.0       0.6395    
42        292.0     292.0     0.0       3.607     
43        291.0     291.0     0.0       12.6317   
44        264.0     264.0     0.0       9.3141    
45        317.0     317.0     0.0       2.4544    
46        242.0     242.0     0.0       1.1282    
47        314.0     314.0     0.0       10.1448   
48        294.0     294.0     0.0       2.4277    
49        264.0     264.0     0.0       3.8807    
50        286.0     286.0     0.0       2.5442    
51        273.0     273.0     0.0       4.3485    
52        334.0     334.0     0.0       3.2324    
53        281.0     281.0     0.0       3.7987    
54        262.0     262.0     0.0       1.2002    
55        299.0     299.0     0.0       2.6745    
56        288.0     288.0     0.0       0.6899    
57        254.0     254.0     0.0       2.2086    
58        331.0     331.0     0.0       0.832     
59        283.0     283.0     0.0       3.5672    
60        254.0     254.0     0.0       2.4966    
61        305.0     305.0     0.0       2.094     
62        289.0     289.0     0.0       1.4456    
63        272.0     272.0     0.0       10.4432   
64        283.0     283.0     0.0       0.8294    
65        266.0     266.0     0.0       9.3847    
66        284.0     284.0     0.0       4.7278    
67        318.0     318.0     0.0       1.1515    
68        295.0     295.0     0.0       3.597     
69        297.0     297.0     0.0       3.3111    
70        273.0     273.0     0.0       4.1999    
71        292.0     292.0     0.0       7.9954    
72        254.0     254.0     0.0       4.6182    
73        273.0     273.0     0.0       2.6088    
74        271.0     271.0     0.0       3.4584    
75        211.0     211.0     0.0       1.1644    
76        293.0     293.0     0.0       9.0227    
77        271.0     271.0     0.0       1.4006    
78        254.0     254.0     0.0       1.6179    
79        276.0     276.0     0.0       2.7973    
80        270.0     270.0     0.0       11.0828   
81        259.0     259.0     0.0       14.7725   
82        337.0     337.0     0.0       3.2033    
83        257.0     257.0     0.0       6.0347    
84        263.0     263.0     0.0       2.1613    
85        295.0     295.0     0.0       1.8313    
86        330.0     330.0     0.0       3.1991    
87        257.0     257.0     0.0       8.8506    
88        294.0     294.0     0.0       2.6749    
89        285.0     285.0     0.0       1.3678    
90        311.0     311.0     0.0       1.5116    
91        273.0     273.0     0.0       2.4573    
92        290.0     290.0     0.0       2.201     
93        295.0     295.0     0.0       3.5416    
94        303.0     303.0     0.0       5.0357    
95        256.0     256.0     0.0       2.1927    
96        263.0     263.0     0.0       2.232     
97        249.0     249.0     0.0       8.4088    
98        289.0     289.0     0.0       1.885     
99        265.0     265.0     0.0       3.11      
100       248.0     248.0     0.0       2.1769    
seed  size    batch ins         mejor       pob       time      mejor_i   pob_i     mejor_iter  t_pob       
