1         298.0     298.0     0.0       30.158    
2         267.0     267.0     0.0       12.6077   
3         280.0     280.0     0.0       23.4261   
4         283.0     283.0     0.0       83.5436   
5         275.0     275.0     0.0       21.4253   
6         298.0     298.0     0.0       2.2726    
7         281.0     281.0     0.0       94.7566   
8         250.0     250.0     0.0       4.3324    
9         277.0     277.0     0.0       0.6888    
10        308.0     308.0     0.0       133.6252  
11        297.0     297.0     0.0       12.2168   
12        280.0     280.0     0.0       7.6863    
13        263.0     263.0     0.0       23.2106   
14        266.0     266.0     0.0       3.4507    
15        269.0     269.0     0.0       2.2418    
16        291.0     291.0     0.0       110.2458  
17        260.0     260.0     0.0       35.4541   
18        252.0     252.0     0.0       1.7895    
19        239.0     239.0     0.0       24.916    
20        281.0     281.0     0.0       58.4186   
21        284.0     284.0     0.0       6.6011    
22        236.0     236.0     0.0       2.6115    
23        274.0     274.0     0.0       25.3756   
24        290.0     290.0     0.0       185.4137  
25        238.0     238.0     0.0       1.7739    
26        289.0     289.0     0.0       7.3346    
27        296.0     296.0     0.0       12.9844   
28        280.0     280.0     0.0       34.5199   
29        294.0     294.0     0.0       25.2158   
30        296.0     296.0     0.0       2.7946    
31        258.0     258.0     0.0       44.1232   
32        318.0     318.0     0.0       4.1288    
33        304.0     304.0     0.0       12.1839   
34        293.0     293.0     0.0       2.5822    
35        280.0     280.0     0.0       43.7817   
36        263.0     263.0     0.0       33.1104   
37        269.0     269.0     0.0       24.2625   
38        247.0     247.0     0.0       14.8062   
39        274.0     274.0     0.0       7.7555    
40        254.0     254.0     0.0       86.9457   
41        282.0     282.0     0.0       5.8197    
42        292.0     292.0     0.0       13.7523   
43        291.0     291.0     0.0       2927.2855 
44        264.0     264.0     0.0       27.5388   
45        317.0     317.0     0.0       38.0849   
46        242.0     242.0     0.0       1.834     
47        314.0     314.0     0.0       52.6869   
48        294.0     294.0     0.0       12.3523   
49        264.0     264.0     0.0       35.4531   
50        286.0     286.0     0.0       7.5659    
51        272.9998  272.9998  0.0       106.9893  
52        334.0     334.0     0.0       24.4439   
53        281.0     281.0     0.0       111.7436  
54        262.0     262.0     0.0       1.878     
55        299.0     299.0     0.0       11.5327   
56        288.0     288.0     0.0       1.7838    
57        254.0     254.0     0.0       15.5806   
58        331.0     331.0     0.0       1.7572    
59        283.0     283.0     0.0       29.2354   
60        254.0     254.0     0.0       187.2135  
61        305.0     305.0     0.0       18.7959   
62        289.0     289.0     0.0       8.7511    
63        272.0     272.0     0.0       88.2859   
64        283.0     283.0     0.0       2.8236    
65        266.0     266.0     0.0       31.6307   
66        284.0     284.0     0.0       23.947    
67        318.0     318.0     0.0       3.5056    
68        295.0     295.0     0.0       21.1772   
69        297.0     297.0     0.0       59.3438   
70        273.0     273.0     0.0       13.0893   
71        292.0     292.0     0.0       4.5823    
72        254.0     250.6021  1.3559    3600.0024 
73        273.0     273.0     0.0       9.6467    
74        271.0     271.0     0.0       23.4894   
75        211.0     211.0     0.0       6.0609    
76        293.0     293.0     0.0       45.1511   
77        271.0     271.0     0.0       10.8505   
78        254.0     254.0     0.0       2.0592    
79        276.0     276.0     0.0       14.0979   
80        270.0     270.0     0.0       9.8637    
81        259.0     259.0     0.0       21.4597   
82        337.0     337.0     0.0       7.1018    
83        257.0     257.0     0.0       86.3736   
84        263.0     263.0     0.0       8.6519    
85        295.0     295.0     0.0       43.9038   
86        330.0     330.0     0.0       10.7107   
87        257.0     257.0     0.0       90.8659   
88        294.0     294.0     0.0       25.6221   
89        285.0     285.0     0.0       21.9334   
90        311.0     311.0     0.0       5.6772    
91        273.0     273.0     0.0       23.8035   
92        290.0     290.0     0.0       13.374    
93        295.0     295.0     0.0       12.5692   
94        303.0     303.0     0.0       48.1486   
95        256.0     256.0     0.0       15.3266   
96        263.0     263.0     0.0       24.0695   
97        249.0     249.0     0.0       27.3827   
98        289.0     289.0     0.0       13.7716   
99        265.0     265.0     0.0       11.5538   
100       248.0     248.0     0.0       15.6824   
seed  size    batch ins         mejor       pob       time      mejor_i   pob_i     mejor_iter  t_pob       
