3.3557047 1.3422819 11.7449664 1.3422819 7.0469799
3.7453184 5.6179775 5.6179775 5.6179775 3.3707865
1.7857143 5.3571429 5.7142857 5.3571429 6.0714286
1.7667845 2.1201413 4.9469965 0.3533569 2.1201413
2.5454545 4.0000000 8.0000000 4.0000000 4.0000000
2.3489933 3.6912752 8.0536913 3.6912752 1.6778523
2.4911032 2.4911032 3.5587189 2.4911032 9.2526690
2.4000000 7.2000000 7.2000000 0.4000000 5.6000000
0.0000000 2.8880866 2.8880866 2.8880866 9.0252708
2.5974026 2.5974026 6.1688312 2.5974026 3.5714286
2.3569024 2.6936027 4.0404040 2.6936027 4.3771044
2.1428571 4.2857143 9.2857143 4.2857143 2.1428571
1.1406844 2.2813688 4.5627376 4.1825095 4.1825095
1.1278195 1.8796992 1.8796992 1.8796992 1.5037594
2.2304833 4.4609665 4.8327138 4.4609665 1.8587361
1.3745704 4.8109966 7.9037801 4.8109966 3.7800687
0.7692308 1.9230769 8.0769231 1.9230769 4.2307692
0.3968254 2.3809524 2.3809524 2.3809524 3.9682540
2.0920502 5.8577406 5.0209205 2.9288703 4.1841004
1.7793594 6.4056940 8.8967972 6.4056940 1.0676157
2.8169014 2.4647887 2.8169014 2.4647887 3.1690141
0.4237288 4.6610169 4.6610169 4.6610169 2.9661017
0.7299270 2.5547445 3.2846715 2.5547445 2.9197080
1.3793103 2.4137931 3.7931034 7.2413793 3.1034483
0.0000000 0.0000000 6.3025210 3.7815126 5.4621849
2.0761246 2.7681661 9.3425606 1.7301038 5.8823529
2.0270270 0.3378378 5.4054054 0.3378378 0.3378378
2.8571429 4.2857143 8.2142857 4.2857143 5.3571429
1.3605442 6.8027211 3.0612245 2.0408163 3.4013605
1.0135135 3.7162162 7.4324324 3.7162162 4.3918919
2.7131783 3.8759690 5.4263566 3.4883721 1.9379845
3.4591195 2.8301887 3.4591195 2.8301887 2.5157233
1.6447368 3.6184211 4.6052632 3.6184211 4.2763158
6.4846416 0.3412969 6.8259386 0.3412969 7.5085324
1.7857143 6.7857143 6.7857143 4.6428571 4.2857143
0.7604563 0.0000000 6.4638783 0.0000000 0.0000000
2.6022305 5.2044610 5.9479554 5.2044610 1.4869888
0.8097166 2.8340081 2.8340081 2.8340081 5.6680162
1.0948905 2.9197080 1.0948905 2.9197080 2.1897810
2.3622047 6.2992126 6.6929134 6.2992126 2.7559055
2.4822695 2.4822695 2.4822695 2.4822695 3.5460993
1.7123288 1.3698630 1.3698630 1.0273973 1.7123288
2.0618557 6.5292096 6.5292096 2.4054983 2.7491409
2.2727273 2.6515152 8.3333333 2.6515152 2.6515152
1.5772871 3.4700315 3.4700315 3.4700315 4.7318612
0.4132231 4.1322314 7.8512397 4.1322314 4.5454545
2.8662420 5.0955414 7.0063694 5.0955414 7.9617834
1.0204082 7.1428571 7.4829932 7.1428571 2.3809524
1.5151515 1.8939394 2.6515152 1.8939394 0.3787879
3.1468531 4.8951049 5.9440559 4.8951049 3.1468531
2.5641026 4.3956044 8.0586081 4.3956044 3.2967033
2.9940120 2.0958084 8.6826347 2.0958084 2.0958084
0.3558719 2.4911032 0.3558719 2.4911032 2.8469751
3.8167939 8.7786260 9.9236641 10.6870229 9.9236641
1.6722408 5.0167224 6.6889632 5.0167224 2.3411371
0.0000000 6.5972222 1.7361111 6.5972222 6.9444444
1.9685039 4.7244094 5.9055118 4.7244094 5.5118110
1.5105740 6.3444109 6.3444109 5.1359517 4.2296073
0.3533569 3.5335689 6.0070671 3.5335689 4.2402827
0.7874016 0.0000000 1.9685039 0.0000000 7.0866142
0.9836066 4.5901639 6.2295082 4.5901639 2.9508197
3.8062284 0.0000000 6.5743945 0.0000000 0.0000000
2.5735294 0.7352941 5.5147059 0.7352941 0.3676471
2.4734982 0.3533569 3.8869258 0.3533569 8.4805654
4.1353383 1.8796992 7.1428571 1.8796992 3.7593985
2.1126761 5.9859155 5.9859155 5.9859155 3.8732394
2.2012579 2.2012579 6.6037736 2.2012579 2.2012579
1.0169492 3.7288136 2.0338983 3.7288136 3.7288136
3.3670034 5.7239057 5.3872054 3.7037037 2.0202020
1.4652015 0.0000000 2.9304029 0.0000000 3.6630037
2.0547945 1.0273973 2.3972603 1.0273973 1.3698630
1.1811024 1.1811024 4.7244094 1.1811024 2.7559055
1.4652015 4.7619048 4.3956044 4.7619048 1.4652015
3.6900369 5.9040590 8.4870849 5.9040590 8.4870849
3.7914692 2.3696682 2.3696682 2.3696682 1.4218009
1.0238908 1.7064846 1.7064846 1.7064846 4.0955631
6.2730627 1.1070111 8.8560886 1.1070111 1.1070111
1.1811024 2.7559055 2.7559055 5.1181102 1.1811024
1.8115942 1.8115942 4.3478261 1.4492754 3.6231884
3.3333333 4.8148148 4.4444444 4.8148148 1.1111111
4.2471042 5.4054054 10.0386100 5.4054054 5.4054054
2.9673591 10.3857567 8.0118694 10.3857567 6.2314540
3.1128405 0.7782101 5.8365759 0.7782101 0.7782101
3.4220532 4.1825095 6.0836502 4.1825095 3.4220532
3.0508475 2.7118644 4.0677966 2.7118644 1.0169492
1.8181818 2.7272727 5.7575758 2.7272727 2.1212121
3.8910506 7.0038911 7.0038911 7.0038911 5.8365759
3.7414966 6.1224490 6.1224490 6.1224490 7.8231293
1.4035088 1.4035088 2.1052632 1.4035088 2.8070175
0.0000000 6.1093248 8.6816720 6.1093248 1.9292605
2.5641026 6.2271062 5.1282051 6.2271062 1.8315018
2.7586207 13.1034483 13.1034483 8.2758621 3.1034483
3.0508475 4.7457627 4.7457627 4.7457627 5.7627119
1.6501650 0.3300330 1.9801980 0.3300330 4.2904290
2.7343750 5.8593750 7.0312500 3.9062500 2.3437500
1.5209125 6.4638783 8.3650190 6.4638783 4.1825095
6.0240964 6.0240964 5.2208835 6.0240964 5.6224900
2.4221453 8.6505190 8.6505190 8.6505190 2.0761246
3.0188679 7.5471698 4.5283019 6.7924528 3.7735849
5.6451613 0.4032258 10.0806452 0.4032258 0.4032258