0.00000 4.65185 4.82277 4.42149 3.98306
0.00000 4.59680 4.39663 3.64598 4.75407
0.00000 5.24313 5.16545 5.15768 5.51499
0.00000 4.63847 4.30499 4.63847 4.31257
0.00000 4.39675 4.39675 4.87369 4.14338
0.00000 4.13001 4.13001 4.13001 4.19545
0.00000 4.39834 4.91135 4.96416 4.60958
0.00000 4.64715 4.50450 4.09159 4.18919
0.00000 4.47277 4.47277 4.40645 4.26645
0.00000 3.79125 4.68243 3.79125 4.23684
0.00000 4.10550 4.23110 3.97205 5.03179
0.00000 4.86095 4.86095 4.86095 3.93905
0.00000 4.69914 4.61285 4.40888 3.90680
0.00000 4.76896 4.76896 4.49496 4.86523
0.00000 4.84177 4.84177 4.84177 3.88556
0.00000 4.45633 4.19282 3.88282 3.68131
0.00000 4.85928 4.15176 3.80190 3.20323
0.00000 4.73359 4.12402 4.73359 4.92173
0.00000 5.27790 5.04939 5.09362 4.52602
0.00000 4.95340 5.05614 4.77728 5.04880
0.00000 5.25266 4.78491 4.01043 4.34783
0.00000 4.69097 4.71321 4.69097 5.03187
0.00000 4.54264 4.54264 4.06284 4.47299
0.00000 5.11481 5.07065 5.11481 3.64292
0.00000 4.58170 4.58170 4.68320 4.11773
0.00000 4.79848 4.63755 4.79848 3.77441
0.00000 4.35155 4.35155 4.35155 3.44076
0.00000 5.25360 4.77668 4.57986 5.34444
0.00000 4.80289 4.80289 4.52624 5.09491
0.00000 4.09388 4.27617 3.98754 3.81285
0.00000 4.76585 4.66782 4.35110 3.75537
0.00000 4.15444 5.50162 4.66622 4.64364
0.00000 3.56419 5.10993 3.56419 4.40459
0.00000 4.05893 4.28283 4.85339 5.11339
0.00000 3.56565 4.32568 3.56565 3.98609
0.00000 3.76825 3.64164 3.90974 4.43849
0.00000 5.12705 5.12705 4.93101 4.75006
0.00000 4.79074 4.36691 4.79074 4.32907
0.00000 3.92842 4.57588 4.19758 3.80474
0.00000 5.04339 5.11014 4.52422 4.24238
0.00000 5.62648 5.62648 5.62648 4.05932
0.00000 3.52322 4.75449 3.52322 3.82733
0.00000 4.83774 5.41132 5.54717 3.78868
0.00000 4.36451 4.36451 4.16467 3.83693
0.00000 4.07765 4.24138 4.07765 4.10104
0.00000 4.16480 4.77045 4.16480 5.31629
0.00000 4.76493 4.76493 4.26373 3.84018
0.00000 4.53314 4.59905 4.56975 5.04577
0.00000 5.59618 5.21248 5.59618 4.22790
0.00000 4.61093 4.99703 4.81883 4.35848
0.00000 5.09330 4.80790 4.25174 4.97622
0.00000 4.69599 4.58436 4.69599 4.82995
0.00000 3.88148 3.88148 4.45185 3.68148
0.00000 4.74157 3.87266 4.72659 3.71536
0.00000 4.17105 4.68210 4.65955 4.11844
0.00000 4.51308 5.11283 4.39313 3.84587
0.00000 4.66054 5.15348 5.01905 6.14684
0.00000 4.86856 5.24307 4.98380 4.37162
0.00000 4.50649 4.65822 5.03755 4.87823
0.00000 4.45265 5.06291 3.91019 4.92730
0.00000 4.80432 4.80432 4.14954 3.50236
0.00000 5.02318 4.59761 4.27084 3.67809
0.00000 4.45831 4.45831 3.86387 4.55491
0.00000 4.67758 4.67758 3.90974 5.46893
0.00000 3.57601 4.22482 3.57601 4.01358
0.00000 5.65442 5.81228 4.87945 4.80769
0.00000 4.59222 3.88107 4.57709 3.72220
0.00000 3.73370 4.19656 4.30456 4.58999
0.00000 4.46590 4.99396 4.46590 4.20941
0.00000 4.55950 4.82327 4.59718 4.94385
0.00000 4.34517 4.16922 4.34517 4.34517
0.00000 4.16947 4.16947 4.19189 4.01255
0.00000 5.40975 4.74450 5.35127 4.89802
0.00000 4.57326 4.57326 4.19458 3.66298
0.00000 5.91487 5.86943 4.99091 4.77885
0.00000 4.39219 5.29429 3.89678 3.91156
0.00000 4.25863 4.42959 4.42959 4.46068
0.00000 5.02700 5.01240 4.27550 4.41413
0.00000 4.18622 4.17108 4.80696 4.05753
0.00000 4.64234 4.64234 4.70303 4.80164
0.00000 4.44585 4.65868 4.44585 3.94135
0.00000 4.33494 4.52019 4.29789 5.00926
0.00000 5.28420 5.63701 4.34339 4.41396
0.00000 3.66019 4.39072 4.29282 3.54722
0.00000 5.78493 5.78493 5.25118 4.56829
0.00000 5.18614 5.18614 5.31526 4.63381
0.00000 4.99566 4.99566 4.38797 4.24592
0.00000 4.01806 4.31655 3.33690 4.80637
0.00000 4.41176 5.31260 4.41176 4.34247
0.00000 3.99441 5.39208 3.99441 4.39900
0.00000 4.05782 4.05782 4.50543 4.25594
0.00000 3.73520 4.65381 4.47161 4.45642
0.00000 5.66677 5.66677 5.00452 4.72607
0.00000 4.45162 5.86292 4.45162 5.10472
0.00000 5.03458 4.88585 5.23537 4.95278
0.00000 4.80526 4.92004 4.23139 5.20315
0.00000 4.75967 4.86909 4.49394 3.84525
0.00000 4.41232 5.46976 4.20692 5.15785
0.00000 4.39355 4.39355 3.91614 4.59420
0.00000 4.43750 4.44531 4.53125 4.65625