0 3.44168 4.33397 3.34608 5.03505
0 6.40950 4.33234 5.04451 5.25223
0 4.68843 4.74777 4.36202 3.82789
0 5.60831 5.60831 4.80712 4.65875
0 4.28169 4.90141 4.28169 4.87324
0 4.02642 4.49827 4.02642 2.89399
0 4.22741 5.27697 5.42274 5.91837
0 6.32366 6.00747 6.32366 4.39782
0 3.75963 3.75963 4.53005 5.14638
0 4.53620 5.03053 4.53620 5.37947
0 2.83277 2.98507 3.62473 4.20347
0 4.62854 3.39033 4.56958 4.56958
0 4.99708 5.75687 4.96786 4.79252
0 4.64010 4.64010 4.64010 6.09756
0 4.03800 3.17696 3.47387 4.42399
0 4.57462 4.88145 3.98884 4.65830
0 5.67130 6.04745 5.67130 3.55903
0 3.74072 4.14049 3.82638 4.71159
0 4.97938 6.27578 3.65351 5.45080
0 3.58412 4.35427 4.65047 4.88744
0 5.63057 5.37202 5.63057 3.96438
0 3.82575 4.41218 3.82575 3.23932
0 4.38223 4.38223 5.53865 4.59525
0 4.80310 4.80310 3.96778 4.23628
0 4.75788 4.75788 3.35023 3.96959
0 5.49451 6.11821 5.49451 3.71250
0 4.88722 4.97397 4.88722 5.32099
0 5.33766 5.33766 4.74786 4.21705
0 5.08263 5.17618 4.95790 4.08481
0 4.74825 5.09879 4.74825 3.50542
0 4.86046 4.86046 4.13923 4.92317
0 4.70283 4.70283 3.95268 5.27986
0 3.66404 3.66404 3.49493 5.12965
0 4.70832 4.17530 4.67871 5.15250
0 4.69442 6.05255 4.69442 3.80868
0 2.83269 2.83269 2.83269 2.47861
0 5.13036 3.92487 5.13036 4.17718
0 4.79977 5.25419 4.79977 4.51576
0 4.73891 4.58799 4.73891 4.88983
0 4.25465 4.25465 3.34069 3.34069
0 4.81315 4.03587 4.81315 5.62033
0 6.52688 6.37921 6.52688 4.25281
0 4.23472 5.83787 3.38778 3.99274
0 5.14874 4.37643 3.89016 4.40503
0 5.38750 4.78248 4.43676 4.89772
0 4.47489 5.29680 4.47489 3.89650
0 2.85803 2.85803 4.84623 4.41131
0 5.03163 5.72168 5.31915 4.62910
0 4.15830 3.81417 4.15830 3.64210
0 5.22517 5.51386 5.22517 5.36952
0 4.31061 4.89147 4.31061 2.41516
0 4.61729 3.00589 4.52433 2.94391
0 4.78006 5.45455 4.78006 4.98534
0 4.99540 4.41312 4.29053 4.38247
0 5.25000 6.50000 5.25000 4.94444
0 4.13408 4.13408 3.77095 4.69274
0 5.31885 5.76441 4.09357 4.76190
0 4.03638 4.20694 3.26890 5.17339
0 3.81966 4.60238 5.04070 4.72761
0 4.18816 4.55235 2.33687 4.21851
0 4.50151 4.71299 5.10574 5.19637
0 5.35460 4.21532 4.92737 4.18684
0 4.28986 3.73913 3.62319 4.46377
0 4.35814 4.95108 4.32849 3.40943
0 4.76854 5.15895 4.76854 4.46180
0 4.89331 6.97013 4.03983 6.05974
0 6.07336 6.07336 4.38966 3.69814
0 5.81323 5.81323 5.75139 4.05071
0 4.30322 4.87318 3.81875 4.95868
0 3.30990 4.48155 2.92912 2.57762
0 4.11866 5.61636 4.11866 4.66590
0 6.88086 4.35030 4.63463 5.74353
0 3.75303 3.90436 3.99516 3.38983
0 4.87728 4.87728 5.25488 3.93329
0 3.75416 4.23857 3.75416 5.02573
0 3.67417 5.46853 4.15836 4.44318
0 4.61447 4.37630 4.61447 5.26943
0 4.94308 4.34392 3.95446 3.44518
0 4.49406 4.38101 4.21142 5.42679
0 6.50146 5.21866 6.32653 4.22741
0 3.04034 4.42505 3.04034 2.70921
0 2.40570 5.61331 2.40570 3.14820
0 4.68561 4.62515 3.89964 4.05079
0 5.33372 6.73273 5.80006 5.80006
0 5.06329 4.88666 4.56285 5.41654
0 5.15942 4.72464 5.18841 3.71014
0 3.79341 4.61045 3.79341 3.50160
0 4.85348 4.60928 3.99878 3.14408
0 5.56059 4.65397 5.56059 4.89574
0 5.32401 4.46357 4.46357 4.03334
0 4.79042 4.79042 3.95210 4.85030
0 4.41347 4.38444 4.44251 4.23926
0 5.17941 4.46178 5.17941 5.14821
0 5.32297 5.62201 4.48565 4.30622
0 4.41595 4.41595 4.61538 4.33048
0 3.07874 3.31557 4.32208 4.79574
0 5.30798 4.37127 5.30798 3.34942
0 3.39089 5.46311 3.39089 5.96546
0 4.41822 4.47311 3.95170 3.70472
0 3.65243 3.65243 2.76878 3.94698