2         3370.0    2689.0    25.3254   3600.2717 
6         3179.0    2524.0    25.9509   3600.3844 
31        3189.0    2574.0    23.8928   3600.3442 
40        3173.0    2547.0    24.5779   3600.2746 
12        3392.0    3049.9648 11.2144   3600.4007 
9         3245.0    2618.0    23.9496   3600.355  
1         3138.0    2448.0    28.1863   3600.3089 
36        3389.0    2695.0    25.7514   3600.4249 
30        3138.0    2509.0    25.0697   3600.205  
29        3207.0    2555.0    25.5186   3600.2646 
23        3286.0    2623.0    25.2764   3600.3134 
11        3283.0    2589.0    26.8057   3600.2664 
26        3367.0    2703.0    24.5653   3600.3044 
19        3394.0    2732.0    24.2313   3600.2822 
27        3458.0    2793.0    23.8095   3600.4038 
42        3386.0    2747.0    23.2617   3600.2076 
35        3389.0    2726.0    24.3213   3600.2165 
4         3370.0    2740.0    22.9927   3600.2286 
39        3313.0    2617.0    26.5953   3600.3159 
41        3345.0    2694.0    24.1648   3600.3719 
34        3377.0    2706.0    24.7967   3600.3267 
3         3370.0    2690.0    25.2788   3600.2588 
15        3368.0    2673.0    26.0007   3600.362  
21        3481.0    2790.0    24.767    3600.4425 
20        3376.0    2713.0    24.4379   3600.2729 
16        3585.0    2891.0    24.0055   3600.2784 
24        3352.0    2665.0    25.7786   3600.3086 
18        3502.0    2799.0    25.1161   3600.2718 
7         3430.0    2796.0    22.6753   3600.3214 
14        3362.0    2688.0    25.0744   3600.3104 
28        3391.0    2719.0    24.715    3600.2578 
5         3550.0    2835.0    25.2205   3600.2878 
33        3548.0    2817.0    25.9496   3600.4176 
32        3466.0    2779.0    24.7211   3600.3231 
25        3552.0    2848.0    24.7191   3600.3613 
17        3456.0    2765.0    24.991    3600.3248 
38        3521.0    2803.0    25.6154   3600.1871 
37        3567.0    2882.0    23.7682   3600.3435 
10        3439.0    2739.0    25.5568   3600.3209 
8         3479.0    2833.0    22.8027   3600.2821 
13        3422.0    2735.0    25.1188   3600.3594 
22        3581.0    2900.0    23.4828   3600.2313 
51        3271.0    2630.0    24.3726   3600.2848 
46        3285.0    2598.0    26.4434   3600.3954 
45        3471.0    2826.0    22.8238   3600.442  
53        3410.0    2785.0    22.4417   3600.2789 
48        3478.0    2836.0    22.6375   3600.3393 
44        3496.0    2813.0    24.2801   3600.427  
47        3219.0    2573.0    25.1069   3600.2804 
43        3306.0    2614.0    26.4728   3600.3317 
54        3263.0    2637.0    23.7391   3600.2873 
52        3227.0    2564.0    25.858    3600.4063 
60        3295.0    2627.0    25.4282   3600.3715 
49        3487.0    2788.0    25.0717   3600.2705 
67        3326.0    2681.0    24.0582   3600.6357 
74        3178.0    2535.0    25.3649   3600.5018 
68        3234.0    2637.0    22.6394   3600.3552 
59        3194.0    2543.0    25.5997   3600.518  
50        3464.0    2765.0    25.2803   3600.3892 
56        3580.0    2907.0    23.151    3600.2353 
61        3310.0    2618.0    26.4324   3600.3486 
75        3303.0    2634.0    25.3986   3600.3577 
64        3373.0    2704.0    24.7411   3600.4347 
73        3304.0    2630.0    25.6274   3600.3153 
81        3323.0    2679.0    24.0388   3600.3065 
55        3600.0    2848.0    26.4045   3600.3269 
66        3515.0    2863.0    22.7733   3600.4186 
78        3338.0    2687.0    24.2278   3600.2041 
69        3509.0    2864.0    22.5209   3600.232  
62        3511.0    2834.0    23.8885   3600.1917 
57        3591.0    2901.0    23.7849   3600.1601 
76        3511.0    2825.0    24.2832   3600.273  
77        3359.0    2727.0    23.1757   3600.1967 
80        3430.0    2771.0    23.782    3600.236  
83        3308.0    2705.0    22.2921   3600.1557 
71        3472.0    3076.45   12.8574   3601.8546 
82        3367.0    2691.0    25.1208   3600.1868 
65        3586.0    2953.0    21.4358   3600.177  
84        3431.0    2753.0    24.6277   3600.1442 
58        3518.0    2833.0    24.1793   3600.1728 
70        3414.0    2681.0    27.3405   3600.1442 
63        3450.0    2786.0    23.8335   3600.1227 
79        3538.0    2885.0    22.6343   3600.1774 
72        3517.0    2841.0    23.7944   3600.1734 
86        3450.0    2760.0    25.0      3600.1066 
93        3205.0    2556.0    25.3912   3600.0811 
88        3276.0    2616.0    25.2294   3600.1451 
94        3344.0    2723.0    22.8057   3600.1717 
89        3309.0    2681.0    23.4241   3600.0998 
91        3340.0    2625.0    27.2381   3600.1776 
98        3185.0    2508.0    26.9936   3600.0743 
92        3444.0    2757.0    24.9184   3600.0902 
85        3397.0    2772.0    22.5469   3600.0641 
96        3378.0    2696.0    25.2967   3600.075  
99        3644.0    3207.2745 13.6167   3600.0849 
87        3427.0    2719.0    26.039    3600.1295 
95        3510.0    2796.0    25.5365   3600.0854 
100       3395.0    2751.0    23.4097   3600.1266 
97        3523.0    2839.0    24.093    3600.0719 
90        3719.0    2941.0    26.4536   3600.0709 
ins       obj       lb        gap       time      
