0     gr17        2932.00     2960.20   4.759     3056.00   4083.46   3           0.01        
1     gr17        2835.00     2859.83   4.795     3028.00   3808.00   4           0.01        
2     gr17        2991.00     3026.02   4.792     3000.00   3903.89   28          0.01        
3     gr17        2760.00     2845.83   4.925     3035.00   3844.52   5           0.01        
4     gr17        2991.00     3064.21   4.781     3000.00   3947.71   5           0.01        
5     gr17        2991.00     3042.89   4.711     3035.00   3717.88   3           0.01        
6     gr17        2991.00     3024.99   4.778     3000.00   3670.30   47          0.01        
7     gr17        2932.00     2969.59   4.636     3000.00   3780.53   1           0.01        
8     gr17        2835.00     2854.96   4.794     3060.00   3996.79   2           0.01        
9     gr17        2932.00     3012.99   4.957     2995.00   3795.21   3           0.01        
0     gr21        8371.00     8514.40   5.582     9576.00   11415.65  15          0.01        
1     gr21        8256.00     8358.67   5.564     9628.00   11464.41  12          0.01        
2     gr21        8371.00     8527.76   5.536     9067.00   11433.54  7           0.01        
3     gr21        8371.00     8481.66   5.565     9532.00   11686.08  13          0.01        
4     gr21        8371.00     8755.60   5.530     9628.00   11318.06  13          0.01        
5     gr21        8371.00     8831.55   5.389     9336.00   11330.50  11          0.01        
6     gr21        8089.00     8195.10   5.272     9210.00   11297.19  88          0.01        
7     gr21        8013.00     8346.94   5.272     9628.00   11265.65  24          0.01        
8     gr21        8371.00     8609.15   5.445     9609.00   11415.48  14          0.01        
9     gr21        8187.00     8396.78   5.328     9628.00   11361.01  20          0.01        
0     gr24        1867.00     1887.54   5.916     1937.00   2575.54   5           0.02        
1     gr24        1867.00     1904.40   5.962     1917.00   2433.87   4           0.02        
2     gr24        1867.00     1912.36   5.628     1953.00   2615.55   4           0.01        
3     gr24        1867.00     1927.90   5.785     1949.00   2631.00   1           0.02        
4     gr24        1867.00     1889.00   5.687     1903.00   2505.69   4           0.02        
5     gr24        1867.00     1922.45   5.862     1951.00   2454.68   3           0.02        
6     gr24        1867.00     1900.50   5.933     1941.00   2663.60   3           0.01        
7     gr24        1867.00     1922.23   5.860     1879.00   2471.13   1           0.02        
8     gr24        1867.00     1917.93   6.000     1867.00   2627.98   0           0.02        
9     gr24        1824.00     1848.48   5.856     1885.00   2529.23   445         0.02        
0     fri26       1302.00     1325.67   5.976     1314.00   1844.31   1           0.02        
1     fri26       1302.00     1325.00   6.294     1312.00   1863.85   2           0.02        
2     fri26       1302.00     1313.60   5.979     1339.00   1866.94   2           0.02        
3     fri26       1302.00     1331.42   6.071     1307.00   1792.67   2           0.02        
4     fri26       1302.00     1309.94   6.345     1302.00   1816.24   0           0.02        
5     fri26       1302.00     1311.90   6.361     1325.00   1686.11   1           0.02        
6     fri26       1302.00     1320.83   6.214     1312.00   1898.00   1           0.02        
7     fri26       1302.00     1333.46   6.158     1307.00   1775.14   1           0.02        
8     fri26       1302.00     1326.75   6.019     1307.00   1871.52   1           0.02        
9     fri26       1302.00     1327.63   6.118     1338.00   1924.96   3           0.02        
0     bays29      2991.00     3074.99   6.491     3090.00   4302.05   6           0.03        
1     bays29      2991.00     3079.85   6.521     3129.00   4696.26   6           0.03        
2     bays29      2991.00     3092.80   6.597     3132.00   4412.00   4           0.02        
3     bays29      2991.00     3053.74   6.525     3128.00   4427.10   4           0.02        
4     bays29      2991.00     3048.49   6.573     3115.00   4326.91   6           0.02        
5     bays29      2991.00     3046.80   6.375     3142.00   4418.68   5           0.02        
6     bays29      2991.00     3021.09   6.604     3128.00   4328.35   5           0.02        
7     bays29      2991.00     3036.78   6.375     3100.00   4234.54   3           0.02        
8     bays29      2991.00     3077.60   6.459     3184.00   4307.39   7           0.03        
9     bays29      2991.00     3073.15   6.619     3128.00   4222.57   5           0.03        
0     gr48        7594.00     7737.19   9.120     8291.00   12164.25  14          0.06        
1     gr48        7594.00     7704.59   9.121     8234.00   12814.88  12          0.06        
2     gr48        7594.00     7666.09   8.962     8320.00   13117.43  12          0.06        
3     gr48        7594.00     7678.26   8.979     8197.00   13381.07  18          0.08        
4     gr48        7594.00     7699.43   9.023     8295.00   13336.58  14          0.07        
5     gr48        7594.00     7694.55   9.220     8132.00   11957.47  12          0.07        
6     gr48        7594.00     7666.03   9.171     8340.00   11072.71  12          0.06        
7     gr48        7594.00     7817.50   9.068     8216.00   12342.37  15          0.06        
8     gr48        7594.00     7742.50   9.091     8252.00   12583.47  15          0.07        
9     gr48        7594.00     7701.29   8.999     8307.00   12999.49  12          0.06        
0     eil51       639.78      642.22    10.012    697.38    986.52    12          0.07        
1     eil51       639.78      646.02    9.993     680.57    1021.64   11          0.07        
2     eil51       639.78      648.52    9.977     693.60    1045.40   16          0.07        
3     eil51       639.78      647.21    9.815     693.38    1073.44   10          0.08        
4     eil51       639.78      647.84    9.776     695.29    1038.18   16          0.08        
5     eil51       639.78      645.23    10.038    687.78    1076.31   10          0.07        
6     eil51       639.78      652.96    9.950     685.57    1040.66   14          0.07        
7     eil51       639.78      644.10    10.048    689.38    972.56    15          0.07        
8     eil51       639.78      660.71    9.814     693.38    1089.42   14          0.07        
9     eil51       639.78      654.01    9.861     695.38    1042.82   14          0.07        
0     berlin52    11259.14    11432.16  10.128    12642.90  17281.63  15          0.07        
1     berlin52    11259.14    11627.68  10.112    12414.14  18926.68  15          0.07        
2     berlin52    11259.14    11500.76  10.179    12133.14  18942.99  14          0.08        
3     berlin52    11259.14    11403.48  10.108    12640.44  18501.70  13          0.08        
4     berlin52    11259.14    11604.58  10.120    12267.90  17676.17  10          0.07        
5     berlin52    11259.14    11427.01  10.067    12169.14  18765.39  15          0.07        
6     berlin52    11259.14    11606.54  10.224    12643.87  18745.80  14          0.07        
7     berlin52    11259.14    11439.95  10.088    12314.14  17469.76  10          0.07        
8     berlin52    11259.14    11654.52  10.128    12791.14  18569.28  13          0.08        
9     berlin52    11259.14    11839.12  9.983     12201.14  19022.12  15          0.07        
0     eil76       816.93      835.48    13.420    885.94    1460.47   417         0.15        
1     eil76       818.94      828.89    13.779    889.28    1445.29   13          0.16        
2     eil76       818.94      821.42    13.730    905.94    1432.72   12          0.13        
3     eil76       818.94      842.61    13.508    895.83    1575.16   13          0.16        
4     eil76       818.94      837.44    13.538    888.88    1415.90   14          0.15        
5     eil76       818.94      837.11    13.684    872.61    1410.81   14          0.16        
6     eil76       818.94      828.50    13.517    901.94    1494.01   17          0.16        
7     eil76       818.94      835.84    13.552    892.94    1345.00   11          0.17        
8     eil76       818.94      842.07    13.347    906.88    1579.79   12          0.17        
9     eil76       818.94      833.21    13.579    908.88    1420.38   12          0.17        
0     eil101      950.74      961.60    17.600    1061.78   1891.33   31          0.29        
1     eil101      950.74      959.58    17.470    1061.78   1812.45   23          0.25        
2     eil101      950.74      964.05    17.635    1050.71   1913.83   21          0.32        
3     eil101      950.74      965.24    17.793    1030.99   1780.65   25          0.28        
4     eil101      950.74      972.19    17.496    1061.78   1674.05   27          0.29        
5     eil101      950.74      963.18    17.741    1046.46   1679.21   26          0.31        
6     eil101      950.74      964.03    17.791    1049.74   1827.79   21          0.34        
7     eil101      950.74      973.54    17.387    1036.94   1682.15   19          0.23        
8     eil101      950.74      970.56    17.410    1048.70   1936.50   24          0.26        
9     eil101      950.74      974.79    17.560    1058.46   1646.67   25          0.28        
seed  ins         mejor       pob       time      mejor_i   pob_i     mejor_iter  t_pob       
