0     gr17        2760.00     2816.66   4.574     3056.00   4083.46   10          0.01        
1     gr17        2760.00     2802.07   4.561     3028.00   3808.00   5           0.01        
2     gr17        2770.00     2815.90   4.537     3000.00   3903.89   24          0.01        
3     gr17        2760.00     2814.26   4.534     3035.00   3844.52   6           0.01        
4     gr17        3000.00     3051.19   4.614     3000.00   3947.71   0           0.01        
5     gr17        2991.00     3053.33   4.551     3035.00   3717.88   201         0.01        
6     gr17        2991.00     3039.40   4.629     3000.00   3670.30   242         0.01        
7     gr17        2760.00     2819.80   4.705     3000.00   3780.53   17          0.01        
8     gr17        2760.00     2787.06   4.496     3060.00   3996.79   6           0.01        
9     gr17        2760.00     2834.54   4.534     2995.00   3795.21   7           0.01        
0     gr21        8371.00     8673.30   5.110     9576.00   11415.65  22          0.01        
1     gr21        8132.00     8607.41   4.945     9628.00   11464.41  425         0.01        
2     gr21        8371.00     8881.39   5.149     9067.00   11433.54  10          0.01        
3     gr21        8159.00     8780.88   5.214     9532.00   11686.08  345         0.01        
4     gr21        8371.00     8801.19   5.484     9628.00   11318.06  18          0.01        
5     gr21        8371.00     8740.30   5.294     9336.00   11330.50  12          0.01        
6     gr21        8127.00     8494.69   5.606     9210.00   11297.19  8           0.01        
7     gr21        8035.00     8353.25   5.651     9628.00   11265.65  30          0.01        
8     gr21        8141.00     8648.40   5.773     9609.00   11415.48  428         0.02        
9     gr21        7788.00     8414.41   5.762     9628.00   11361.01  45          0.01        
0     gr24        1867.00     1903.41   6.331     1937.00   2575.54   5           0.02        
1     gr24        1867.00     1903.38   5.942     1917.00   2433.87   4           0.02        
2     gr24        1867.00     1910.60   5.719     1953.00   2615.55   4           0.01        
3     gr24        1867.00     1901.84   5.714     1949.00   2631.00   5           0.02        
4     gr24        1867.00     1912.99   5.754     1903.00   2505.69   5           0.02        
5     gr24        1867.00     1904.71   6.398     1951.00   2454.68   4           0.02        
6     gr24        1850.00     1874.25   6.262     1941.00   2663.60   428         0.02        
7     gr24        1850.00     1876.78   6.139     1879.00   2471.13   12          0.02        
8     gr24        1867.00     1909.93   5.966     1867.00   2627.98   0           0.02        
9     gr24        1867.00     1915.21   5.980     1885.00   2529.23   2           0.02        
0     fri26       1302.00     1318.71   6.602     1314.00   1844.31   2           0.02        
1     fri26       1302.00     1329.03   6.585     1312.00   1863.85   3           0.02        
2     fri26       1302.00     1323.56   6.577     1339.00   1866.94   2           0.02        
3     fri26       1302.00     1342.24   6.493     1307.00   1792.67   1           0.02        
4     fri26       1302.00     1328.07   6.838     1302.00   1816.24   0           0.02        
5     fri26       1302.00     1319.03   6.261     1325.00   1686.11   2           0.02        
6     fri26       1302.00     1323.02   6.283     1312.00   1898.00   1           0.02        
7     fri26       1302.00     1323.70   6.522     1307.00   1775.14   1           0.02        
8     fri26       1302.00     1318.22   6.661     1307.00   1871.52   3           0.02        
9     fri26       1302.00     1326.43   6.381     1338.00   1924.96   1           0.02        
0     bays29      2991.00     3054.75   6.938     3090.00   4302.05   7           0.03        
1     bays29      2991.00     3068.28   6.437     3129.00   4696.26   9           0.03        
2     bays29      2991.00     3076.80   6.650     3132.00   4412.00   8           0.02        
3     bays29      2991.00     3055.64   6.492     3128.00   4427.10   4           0.02        
4     bays29      2991.00     3069.33   6.577     3115.00   4326.91   6           0.02        
5     bays29      2991.00     3068.63   6.819     3142.00   4418.68   4           0.02        
6     bays29      2991.00     3038.33   6.798     3128.00   4328.35   4           0.02        
7     bays29      2991.00     3096.82   6.773     3100.00   4234.54   6           0.02        
8     bays29      2991.00     3037.96   6.692     3184.00   4307.39   9           0.03        
9     bays29      2991.00     3043.04   6.709     3128.00   4222.57   7           0.03        
0     gr48        7594.00     7874.82   9.649     8291.00   12164.25  24          0.06        
1     gr48        7583.00     7802.08   9.775     8234.00   12814.88  490         0.06        
2     gr48        7594.00     7761.42   10.067    8320.00   13117.43  15          0.06        
3     gr48        7594.00     7809.54   9.914     8197.00   13381.07  25          0.08        
4     gr48        7594.00     7759.08   9.799     8295.00   13336.58  16          0.07        
5     gr48        7594.00     7696.16   9.566     8132.00   11957.47  19          0.07        
6     gr48        7594.00     7782.52   9.483     8340.00   11072.71  15          0.06        
7     gr48        7594.00     7771.05   9.987     8216.00   12342.37  18          0.06        
8     gr48        7594.00     7718.15   9.826     8252.00   12583.47  19          0.07        
9     gr48        7594.00     7772.13   9.820     8307.00   12999.49  16          0.07        
0     eil51       639.78      657.61    9.175     697.38    986.52    18          0.07        
1     eil51       639.78      653.46    8.909     680.57    1021.64   16          0.07        
2     eil51       639.78      653.82    9.031     693.60    1045.40   15          0.08        
3     eil51       639.78      652.63    9.122     693.38    1073.44   16          0.08        
4     eil51       639.78      654.58    9.159     695.29    1038.18   18          0.09        
5     eil51       639.78      651.60    9.005     687.78    1076.31   17          0.08        
6     eil51       639.78      657.32    9.128     685.57    1040.66   14          0.08        
7     eil51       639.78      648.02    9.045     689.38    972.56    15          0.07        
8     eil51       639.78      652.14    9.006     693.38    1089.42   9           0.07        
9     eil51       639.78      649.97    9.298     695.38    1042.82   18          0.08        
0     berlin52    11259.14    11710.91  9.854     12642.90  17281.63  16          0.08        
1     berlin52    11259.14    11520.68  9.668     12414.14  18926.68  14          0.07        
2     berlin52    11259.14    11548.41  9.560     12133.14  18942.99  16          0.08        
3     berlin52    11232.49    11438.98  9.249     12640.44  18501.70  29          0.08        
4     berlin52    11259.14    11567.49  9.828     12267.90  17676.17  17          0.07        
5     berlin52    11259.14    11418.88  10.394    12169.14  18765.39  12          0.08        
6     berlin52    11259.14    11524.86  10.048    12643.87  18745.80  15          0.08        
7     berlin52    11218.12    11473.67  9.837     12314.14  17469.76  39          0.07        
8     berlin52    11259.14    11453.00  9.729     12791.14  18569.28  15          0.08        
9     berlin52    11259.14    11556.74  10.064    12201.14  19022.12  17          0.08        
0     eil76       818.94      832.46    13.206    885.94    1460.47   13          0.17        
1     eil76       818.94      831.19    12.730    889.28    1445.29   18          0.17        
2     eil76       818.94      839.69    12.704    905.94    1432.72   22          0.14        
3     eil76       818.94      836.35    12.574    895.83    1575.16   13          0.16        
4     eil76       818.94      831.63    13.492    888.88    1415.90   13          0.17        
5     eil76       818.94      831.01    12.927    872.61    1410.81   14          0.18        
6     eil76       818.94      828.47    12.632    901.94    1494.01   12          0.16        
7     eil76       818.94      832.72    12.601    892.94    1345.00   20          0.17        
8     eil76       818.94      838.98    13.336    906.88    1579.79   13          0.18        
9     eil76       818.94      828.17    13.001    908.88    1420.38   12          0.18        
0     eil101      950.74      966.66    16.442    1061.78   1891.33   36          0.32        
1     eil101      950.74      963.33    16.498    1061.78   1812.45   34          0.3         
2     eil101      950.74      964.67    16.999    1050.71   1913.83   25          0.36        
3     eil101      950.74      963.46    16.555    1030.99   1780.65   23          0.32        
4     eil101      950.74      964.92    16.492    1061.78   1674.05   26          0.32        
5     eil101      950.74      971.21    16.427    1046.46   1679.21   26          0.38        
6     eil101      950.74      978.15    16.367    1049.74   1827.79   40          0.4         
7     eil101      950.74      966.92    16.648    1036.94   1682.15   25          0.26        
8     eil101      950.74      973.35    16.232    1048.70   1936.50   29          0.26        
9     eil101      950.74      964.05    16.292    1058.46   1646.67   29          0.29        
seed  ins         mejor       pob       time      mejor_i   pob_i     mejor_iter  t_pob       
