0     gr17        2932.00     3014.71   4.336     3056.00   4083.46   2           0.01        
1     gr17        2835.00     2911.78   4.238     3028.00   3808.00   9           0.01        
2     gr17        2991.00     3032.40   4.292     3000.00   3903.89   103         0.01        
3     gr17        2991.00     3046.00   4.282     3035.00   3844.52   127         0.01        
4     gr17        2991.00     3064.98   4.417     3000.00   3947.71   391         0.01        
5     gr17        2991.00     3039.75   4.416     3035.00   3717.88   14          0.01        
6     gr17        2991.00     3028.70   4.620     3000.00   3670.30   55          0.01        
7     gr17        2932.00     2983.55   4.549     3000.00   3780.53   1           0.01        
8     gr17        3000.00     3056.93   4.225     3060.00   3996.79   1           0.01        
9     gr17        2932.00     2994.81   4.380     2995.00   3795.21   12          0.01        
0     gr21        8371.00     9306.02   4.898     9576.00   11415.65  35          0.01        
1     gr21        8013.00     8733.70   4.631     9628.00   11464.41  55          0.01        
2     gr21        8371.00     9075.25   5.007     9067.00   11433.54  20          0.01        
3     gr21        8371.00     9173.06   4.970     9532.00   11686.08  23          0.01        
4     gr21        8013.00     8745.32   4.827     9628.00   11318.06  90          0.01        
5     gr21        8371.00     8975.03   4.922     9336.00   11330.50  31          0.01        
6     gr21        8371.00     8768.03   4.980     9210.00   11297.19  16          0.01        
7     gr21        8013.00     8997.24   4.912     9628.00   11265.65  57          0.01        
8     gr21        8371.00     9102.53   4.755     9609.00   11415.48  27          0.01        
9     gr21        8442.00     8987.37   4.743     9628.00   11361.01  24          0.01        
0     gr24        1867.00     1919.62   5.146     1937.00   2575.54   70          0.02        
1     gr24        1867.00     1904.36   5.218     1917.00   2433.87   8           0.02        
2     gr24        1867.00     1913.56   5.268     1953.00   2615.55   11          0.02        
3     gr24        1867.00     1908.77   5.055     1949.00   2631.00   15          0.02        
4     gr24        1867.00     1913.47   5.071     1903.00   2505.69   11          0.02        
5     gr24        1867.00     1924.52   5.092     1951.00   2454.68   6           0.02        
6     gr24        1867.00     1892.40   5.121     1941.00   2663.60   12          0.02        
7     gr24        1867.00     1887.42   4.933     1879.00   2471.13   3           0.02        
8     gr24        1867.00     1916.60   5.219     1867.00   2627.98   0           0.02        
9     gr24        1867.00     1924.16   5.335     1885.00   2529.23   2           0.02        
0     fri26       1302.00     1320.82   5.314     1314.00   1844.31   5           0.02        
1     fri26       1302.00     1323.60   5.449     1312.00   1863.85   2           0.02        
2     fri26       1302.00     1312.19   5.123     1339.00   1866.94   6           0.02        
3     fri26       1302.00     1316.65   5.122     1307.00   1792.67   2           0.02        
4     fri26       1302.00     1314.74   5.440     1302.00   1816.24   0           0.02        
5     fri26       1302.00     1315.81   5.319     1325.00   1686.11   2           0.02        
6     fri26       1302.00     1318.73   5.481     1312.00   1898.00   2           0.02        
7     fri26       1302.00     1318.10   5.496     1307.00   1775.14   2           0.02        
8     fri26       1302.00     1319.11   5.624     1307.00   1871.52   2           0.02        
9     fri26       1302.00     1310.18   5.337     1338.00   1924.96   5           0.02        
0     bays29      2991.00     3071.88   5.493     3090.00   4302.05   13          0.03        
1     bays29      2991.00     3039.84   5.308     3129.00   4696.26   17          0.03        
2     bays29      2991.00     3085.56   5.457     3132.00   4412.00   9           0.02        
3     bays29      2991.00     3071.85   5.598     3128.00   4427.10   9           0.02        
4     bays29      2991.00     3040.22   5.827     3115.00   4326.91   18          0.02        
5     bays29      2991.00     3048.40   5.919     3142.00   4418.68   17          0.02        
6     bays29      2991.00     3043.05   5.910     3128.00   4328.35   11          0.02        
7     bays29      2991.00     3075.50   5.669     3100.00   4234.54   11          0.02        
8     bays29      2991.00     3029.22   5.939     3184.00   4307.39   11          0.03        
9     bays29      2991.00     3073.17   5.600     3128.00   4222.57   7           0.03        
0     gr48        7594.00     7721.32   7.392     8291.00   12164.25  51          0.06        
1     gr48        7594.00     7716.14   7.394     8234.00   12814.88  30          0.06        
2     gr48        7594.00     7701.97   7.456     8320.00   13117.43  43          0.06        
3     gr48        7594.00     7772.56   7.389     8197.00   13381.07  36          0.08        
4     gr48        7594.00     7728.35   7.305     8295.00   13336.58  34          0.07        
5     gr48        7594.00     7754.76   7.476     8132.00   11957.47  26          0.07        
6     gr48        7594.00     7810.38   7.340     8340.00   11072.71  21          0.06        
7     gr48        7594.00     7700.10   7.369     8216.00   12342.37  42          0.06        
8     gr48        7594.00     7810.67   7.554     8252.00   12583.47  57          0.07        
9     gr48        7594.00     7739.37   7.462     8307.00   12999.49  10          0.07        
0     eil51       639.78      654.47    8.010     697.38    986.52    39          0.07        
1     eil51       639.78      650.86    7.705     680.57    1021.64   21          0.07        
2     eil51       639.78      647.38    7.668     693.60    1045.40   44          0.08        
3     eil51       639.78      653.37    7.707     693.38    1073.44   40          0.08        
4     eil51       639.78      647.23    7.974     695.29    1038.18   29          0.09        
5     eil51       639.78      651.04    7.864     687.78    1076.31   40          0.08        
6     eil51       639.78      656.64    7.896     685.57    1040.66   35          0.08        
7     eil51       639.78      651.88    7.562     689.38    972.56    16          0.08        
8     eil51       639.78      647.48    7.788     693.38    1089.42   28          0.07        
9     eil51       639.78      652.58    7.608     695.38    1042.82   27          0.07        
0     berlin52    11259.14    11594.42  8.021     12642.90  17281.63  35          0.08        
1     berlin52    11259.14    11525.07  8.001     12414.14  18926.68  36          0.07        
2     berlin52    11259.14    11557.54  7.990     12133.14  18942.99  18          0.08        
3     berlin52    11259.14    11464.04  7.937     12640.44  18501.70  33          0.08        
4     berlin52    11259.14    11592.91  7.954     12267.90  17676.17  43          0.07        
5     berlin52    11259.14    11479.57  7.724     12169.14  18765.39  34          0.07        
6     berlin52    11259.14    11597.25  7.972     12643.87  18745.80  40          0.07        
7     berlin52    11259.14    11581.66  7.782     12314.14  17469.76  21          0.07        
8     berlin52    11259.14    11461.58  7.738     12791.14  18569.28  38          0.08        
9     berlin52    11259.14    11514.06  8.036     12201.14  19022.12  41          0.07        
0     eil76       818.94      829.93    9.937     885.94    1460.47   37          0.15        
1     eil76       818.94      825.01    9.832     889.28    1445.29   35          0.16        
2     eil76       818.94      825.89    9.866     905.94    1432.72   35          0.13        
3     eil76       818.94      825.46    9.813     895.83    1575.16   36          0.16        
4     eil76       818.94      829.19    9.755     888.88    1415.90   26          0.15        
5     eil76       818.94      830.47    9.782     872.61    1410.81   34          0.16        
6     eil76       818.94      833.44    9.731     901.94    1494.01   36          0.15        
7     eil76       818.94      830.90    9.839     892.94    1345.00   30          0.16        
8     eil76       818.94      826.84    9.897     906.88    1579.79   26          0.16        
9     eil76       818.94      826.37    9.821     908.88    1420.38   29          0.17        
0     eil101      950.74      963.31    12.522    1061.78   1891.33   196         0.28        
1     eil101      950.74      965.26    12.580    1061.78   1812.45   99          0.25        
2     eil101      950.74      968.46    12.464    1050.71   1913.83   45          0.3         
3     eil101      950.74      965.93    12.379    1030.99   1780.65   45          0.28        
4     eil101      950.74      968.41    12.508    1061.78   1674.05   82          0.29        
5     eil101      950.74      967.74    12.395    1046.46   1679.21   43          0.31        
6     eil101      950.74      963.71    12.661    1049.74   1827.79   55          0.32        
7     eil101      950.74      965.42    12.420    1036.94   1682.15   47          0.23        
8     eil101      950.74      963.76    12.464    1048.70   1936.50   73          0.25        
9     eil101      950.74      963.42    12.413    1058.46   1646.67   75          0.25        
seed  ins         mejor       pob       time      mejor_i   pob_i     mejor_iter  t_pob       
