0     gr17        2991.00     3034.48   5.049     3056.00   4083.46   91          0.01        
1     gr17        2760.00     2809.58   4.644     3028.00   3808.00   9           0.01        
2     gr17        2991.00     3061.79   5.087     3000.00   3903.89   341         0.01        
3     gr17        2991.00     3011.68   4.850     3035.00   3844.52   130         0.01        
4     gr17        2991.00     3066.53   4.898     3000.00   3947.71   383         0.01        
5     gr17        2991.00     3057.47   4.689     3035.00   3717.88   86          0.01        
6     gr17        2991.00     3009.96   4.947     3000.00   3670.30   176         0.01        
7     gr17        2991.00     3015.91   5.053     3000.00   3780.53   359         0.01        
8     gr17        3000.00     3033.53   4.956     3060.00   3996.79   1           0.01        
9     gr17        2760.00     2798.32   4.998     2995.00   3795.21   27          0.01        
0     gr21        8256.00     8542.65   5.506     9576.00   11415.65  47          0.01        
1     gr21        8371.00     8724.38   5.440     9628.00   11464.41  12          0.01        
2     gr21        8196.00     8387.49   5.388     9067.00   11433.54  446         0.01        
3     gr21        8172.00     8393.83   5.220     9532.00   11686.08  17          0.01        
4     gr21        8013.00     8263.47   5.463     9628.00   11318.06  34          0.01        
5     gr21        8371.00     8536.88   5.561     9336.00   11330.50  15          0.01        
6     gr21        8054.00     8350.51   5.631     9210.00   11297.19  170         0.01        
7     gr21        8371.00     8718.92   5.545     9628.00   11265.65  8           0.01        
8     gr21        8371.00     8620.22   5.533     9609.00   11415.48  14          0.01        
9     gr21        8186.00     8436.35   5.312     9628.00   11361.01  25          0.01        
0     gr24        1867.00     1886.95   6.039     1937.00   2575.54   5           0.02        
1     gr24        1850.00     1882.02   5.768     1917.00   2433.87   97          0.02        
2     gr24        1850.00     1873.37   5.879     1953.00   2615.55   9           0.01        
3     gr24        1850.00     1887.12   5.942     1949.00   2631.00   110         0.02        
4     gr24        1867.00     1903.34   6.013     1903.00   2505.69   3           0.02        
5     gr24        1850.00     1868.49   6.423     1951.00   2454.68   90          0.02        
6     gr24        1867.00     1880.81   6.228     1941.00   2663.60   3           0.02        
7     gr24        1867.00     1915.09   6.098     1879.00   2471.13   1           0.02        
8     gr24        1867.00     1887.58   6.398     1867.00   2627.98   0           0.02        
9     gr24        1850.00     1915.50   6.011     1885.00   2529.23   197         0.02        
0     fri26       1302.00     1314.50   6.327     1314.00   1844.31   2           0.02        
1     fri26       1302.00     1330.82   6.502     1312.00   1863.85   2           0.02        
2     fri26       1302.00     1316.05   6.610     1339.00   1866.94   1           0.02        
3     fri26       1302.00     1341.95   6.386     1307.00   1792.67   1           0.02        
4     fri26       1302.00     1319.16   6.413     1302.00   1816.24   0           0.02        
5     fri26       1302.00     1313.67   6.035     1325.00   1686.11   2           0.02        
6     fri26       1302.00     1325.57   6.296     1312.00   1898.00   1           0.02        
7     fri26       1302.00     1324.45   6.078     1307.00   1775.14   1           0.02        
8     fri26       1302.00     1313.13   6.085     1307.00   1871.52   1           0.02        
9     fri26       1302.00     1312.84   6.542     1338.00   1924.96   2           0.02        
0     bays29      2991.00     3097.20   7.015     3090.00   4302.05   6           0.03        
1     bays29      2991.00     3045.67   7.063     3129.00   4696.26   7           0.03        
2     bays29      2991.00     3059.72   6.849     3132.00   4412.00   5           0.02        
3     bays29      2991.00     3064.32   6.359     3128.00   4427.10   5           0.02        
4     bays29      2991.00     3072.59   6.486     3115.00   4326.91   5           0.02        
5     bays29      2991.00     3043.69   6.330     3142.00   4418.68   3           0.02        
6     bays29      2991.00     3047.63   6.715     3128.00   4328.35   4           0.02        
7     bays29      2991.00     3115.03   6.970     3100.00   4234.54   4           0.02        
8     bays29      2991.00     3065.87   6.929     3184.00   4307.39   8           0.03        
9     bays29      2991.00     3050.73   6.715     3128.00   4222.57   7           0.03        
0     gr48        7583.00     7665.84   9.095     8291.00   12164.25  411         0.06        
1     gr48        7594.00     7657.36   9.505     8234.00   12814.88  11          0.06        
2     gr48        7594.00     7689.65   9.424     8320.00   13117.43  14          0.06        
3     gr48        7594.00     7656.14   9.685     8197.00   13381.07  15          0.09        
4     gr48        7594.00     7782.87   9.396     8295.00   13336.58  15          0.07        
5     gr48        7594.00     7770.77   9.446     8132.00   11957.47  13          0.07        
6     gr48        7583.00     7667.33   9.465     8340.00   11072.71  158         0.06        
7     gr48        7594.00     7812.18   9.308     8216.00   12342.37  12          0.06        
8     gr48        7594.00     7753.29   9.514     8252.00   12583.47  13          0.07        
9     gr48        7594.00     7687.00   9.254     8307.00   12999.49  11          0.06        
0     eil51       639.78      652.22    10.126    697.38    986.52    9           0.07        
1     eil51       639.78      652.33    10.000    680.57    1021.64   12          0.07        
2     eil51       639.78      655.54    10.075    693.60    1045.40   13          0.09        
3     eil51       639.78      659.34    9.886     693.38    1073.44   14          0.09        
4     eil51       639.78      656.54    10.026    695.29    1038.18   13          0.09        
5     eil51       639.78      650.71    9.830     687.78    1076.31   12          0.07        
6     eil51       639.78      649.22    10.276    685.57    1040.66   14          0.08        
7     eil51       639.78      646.30    10.405    689.38    972.56    11          0.07        
8     eil51       639.78      656.97    9.665     693.38    1089.42   12          0.07        
9     eil51       639.78      641.29    9.916     695.38    1042.82   15          0.08        
0     berlin52    11259.14    11466.70  10.348    12642.90  17281.63  8           0.08        
1     berlin52    11259.14    11457.89  10.635    12414.14  18926.68  15          0.07        
2     berlin52    11259.14    11374.44  10.247    12133.14  18942.99  17          0.08        
3     berlin52    11259.14    11360.47  9.914     12640.44  18501.70  16          0.08        
4     berlin52    11259.14    11406.46  10.123    12267.90  17676.17  13          0.07        
5     berlin52    11259.14    11383.66  10.474    12169.14  18765.39  11          0.07        
6     berlin52    11259.14    11534.99  10.614    12643.87  18745.80  14          0.08        
7     berlin52    11259.14    11460.90  10.450    12314.14  17469.76  10          0.08        
8     berlin52    11259.14    11416.83  10.417    12791.14  18569.28  10          0.08        
9     berlin52    11259.14    11598.51  10.039    12201.14  19022.12  13          0.07        
0     eil76       818.94      836.30    13.968    885.94    1460.47   17          0.15        
1     eil76       818.94      828.86    13.614    889.28    1445.29   13          0.16        
2     eil76       818.94      828.57    13.816    905.94    1432.72   13          0.14        
3     eil76       818.94      841.13    13.431    895.83    1575.16   9           0.17        
4     eil76       818.94      824.22    13.695    888.88    1415.90   13          0.17        
5     eil76       818.94      826.71    13.686    872.61    1410.81   13          0.16        
6     eil76       818.94      830.79    13.518    901.94    1494.01   16          0.16        
7     eil76       818.94      830.55    13.474    892.94    1345.00   11          0.16        
8     eil76       818.94      826.63    13.537    906.88    1579.79   12          0.17        
9     eil76       818.94      833.81    13.845    908.88    1420.38   9           0.17        
0     eil101      950.74      965.63    17.328    1061.78   1891.33   22          0.29        
1     eil101      950.74      964.20    17.641    1061.78   1812.45   19          0.25        
2     eil101      950.74      969.81    17.480    1050.71   1913.83   21          0.33        
3     eil101      950.74      976.24    17.156    1030.99   1780.65   22          0.28        
4     eil101      950.74      959.50    17.306    1061.78   1674.05   24          0.29        
5     eil101      950.74      957.73    17.681    1046.46   1679.21   25          0.32        
6     eil101      950.74      963.50    17.382    1049.74   1827.79   30          0.36        
7     eil101      950.74      967.24    16.541    1036.94   1682.15   23          0.23        
8     eil101      950.74      954.23    17.747    1048.70   1936.50   24          0.25        
9     eil101      950.74      970.51    16.502    1058.46   1646.67   30          0.25        
seed  ins         mejor       pob       time      mejor_i   pob_i     mejor_iter  t_pob       
