0     gr17        2760.00     2857.51   4.859     3056.00   4083.46   11          0.01        
1     gr17        2760.00     2823.43   4.750     3028.00   3808.00   16          0.01        
2     gr17        2760.00     2794.06   4.796     3000.00   3903.89   16          0.01        
3     gr17        2760.00     2805.56   4.980     3035.00   3844.52   17          0.01        
4     gr17        3000.00     3070.14   5.094     3000.00   3947.71   0           0.01        
5     gr17        2991.00     3039.53   4.851     3035.00   3717.88   304         0.01        
6     gr17        3000.00     3046.75   5.078     3000.00   3670.30   0           0.01        
7     gr17        2991.00     3043.39   4.740     3000.00   3780.53   219         0.01        
8     gr17        2760.00     2790.02   4.879     3060.00   3996.79   7           0.01        
9     gr17        2760.00     2826.70   4.803     2995.00   3795.21   11          0.01        
0     gr21        7918.00     8489.84   5.114     9576.00   11415.65  346         0.01        
1     gr21        8371.00     8938.47   5.227     9628.00   11464.41  13          0.01        
2     gr21        8371.00     8922.73   5.466     9067.00   11433.54  12          0.01        
3     gr21        8371.00     8909.44   5.578     9532.00   11686.08  10          0.01        
4     gr21        8371.00     8846.86   5.517     9628.00   11318.06  19          0.01        
5     gr21        8371.00     8951.16   5.498     9336.00   11330.50  12          0.01        
6     gr21        8371.00     8750.49   5.281     9210.00   11297.19  11          0.01        
7     gr21        7788.00     8225.13   5.437     9628.00   11265.65  44          0.01        
8     gr21        8371.00     8862.97   5.350     9609.00   11415.48  16          0.01        
9     gr21        8184.00     8460.19   5.177     9628.00   11361.01  73          0.01        
0     gr24        1867.00     1907.44   5.867     1937.00   2575.54   5           0.02        
1     gr24        1867.00     1912.89   5.956     1917.00   2433.87   4           0.02        
2     gr24        1867.00     1900.64   5.997     1953.00   2615.55   4           0.02        
3     gr24        1867.00     1919.72   5.887     1949.00   2631.00   3           0.02        
4     gr24        1867.00     1918.31   6.151     1903.00   2505.69   4           0.02        
5     gr24        1845.00     1876.12   5.669     1951.00   2454.68   443         0.02        
6     gr24        1867.00     1912.23   5.810     1941.00   2663.60   5           0.02        
7     gr24        1850.00     1919.01   5.746     1879.00   2471.13   176         0.02        
8     gr24        1867.00     1918.28   5.841     1867.00   2627.98   0           0.02        
9     gr24        1850.00     1885.38   5.877     1885.00   2529.23   61          0.02        
0     fri26       1302.00     1327.78   6.318     1314.00   1844.31   3           0.02        
1     fri26       1302.00     1326.99   6.215     1312.00   1863.85   2           0.02        
2     fri26       1302.00     1323.14   6.324     1339.00   1866.94   2           0.02        
3     fri26       1302.00     1320.64   5.985     1307.00   1792.67   1           0.02        
4     fri26       1302.00     1324.07   6.477     1302.00   1816.24   0           0.02        
5     fri26       1302.00     1327.78   5.973     1325.00   1686.11   1           0.02        
6     fri26       1302.00     1325.41   6.052     1312.00   1898.00   1           0.02        
7     fri26       1302.00     1317.98   6.348     1307.00   1775.14   1           0.02        
8     fri26       1302.00     1329.88   6.310     1307.00   1871.52   1           0.02        
9     fri26       1302.00     1321.47   6.364     1338.00   1924.96   1           0.02        
0     bays29      2991.00     3047.48   6.929     3090.00   4302.05   7           0.03        
1     bays29      2991.00     3064.13   6.668     3129.00   4696.26   9           0.03        
2     bays29      2991.00     3077.35   6.515     3132.00   4412.00   9           0.02        
3     bays29      2991.00     3090.00   6.373     3128.00   4427.10   5           0.02        
4     bays29      2991.00     3037.97   6.704     3115.00   4326.91   6           0.02        
5     bays29      2991.00     3075.24   6.752     3142.00   4418.68   5           0.02        
6     bays29      2991.00     3102.47   6.759     3128.00   4328.35   5           0.02        
7     bays29      2991.00     3047.83   6.656     3100.00   4234.54   3           0.02        
8     bays29      2991.00     3060.16   6.405     3184.00   4307.39   8           0.03        
9     bays29      2991.00     3068.29   6.713     3128.00   4222.57   6           0.03        
0     gr48        7594.00     7751.28   9.518     8291.00   12164.25  12          0.06        
1     gr48        7594.00     7880.40   9.576     8234.00   12814.88  19          0.06        
2     gr48        7594.00     7714.44   10.046    8320.00   13117.43  16          0.06        
3     gr48        7594.00     7683.95   10.312    8197.00   13381.07  18          0.08        
4     gr48        7594.00     7723.42   10.054    8295.00   13336.58  16          0.07        
5     gr48        7594.00     7778.44   9.947     8132.00   11957.47  18          0.07        
6     gr48        7594.00     7686.07   9.779     8340.00   11072.71  14          0.06        
7     gr48        7594.00     7827.93   10.224    8216.00   12342.37  15          0.06        
8     gr48        7583.00     7701.72   8.908     8252.00   12583.47  46          0.07        
9     gr48        7594.00     7854.91   9.807     8307.00   12999.49  15          0.07        
0     eil51       639.78      649.83    9.070     697.38    986.52    19          0.07        
1     eil51       639.78      658.73    8.926     680.57    1021.64   14          0.07        
2     eil51       639.78      652.55    9.124     693.60    1045.40   18          0.08        
3     eil51       639.78      651.98    9.553     693.38    1073.44   16          0.08        
4     eil51       639.78      650.87    9.570     695.29    1038.18   13          0.1         
5     eil51       639.78      654.31    8.927     687.78    1076.31   17          0.07        
6     eil51       639.78      651.19    9.074     685.57    1040.66   17          0.08        
7     eil51       639.78      654.29    8.935     689.38    972.56    20          0.07        
8     eil51       639.78      654.22    9.324     693.38    1089.42   14          0.07        
9     eil51       639.78      659.11    9.549     695.38    1042.82   16          0.08        
0     berlin52    11259.14    11648.91  9.969     12642.90  17281.63  15          0.08        
1     berlin52    11259.14    11571.39  9.659     12414.14  18926.68  16          0.07        
2     berlin52    11259.14    11464.85  9.835     12133.14  18942.99  14          0.08        
3     berlin52    11259.14    11676.00  9.935     12640.44  18501.70  17          0.08        
4     berlin52    11259.14    11507.34  10.155    12267.90  17676.17  14          0.07        
5     berlin52    11259.14    11557.20  10.062    12169.14  18765.39  16          0.08        
6     berlin52    11259.14    11461.85  9.706     12643.87  18745.80  15          0.08        
7     berlin52    11218.12    11561.47  10.188    12314.14  17469.76  36          0.07        
8     berlin52    11259.14    11448.74  10.044    12791.14  18569.28  17          0.08        
9     berlin52    11259.14    11770.63  9.868     12201.14  19022.12  15          0.08        
0     eil76       818.94      839.79    13.148    885.94    1460.47   21          0.15        
1     eil76       818.94      830.77    13.122    889.28    1445.29   15          0.17        
2     eil76       818.94      837.12    12.968    905.94    1432.72   12          0.14        
3     eil76       818.94      827.74    12.628    895.83    1575.16   14          0.16        
4     eil76       818.94      853.74    12.763    888.88    1415.90   10          0.16        
5     eil76       818.94      836.38    12.980    872.61    1410.81   17          0.15        
6     eil76       818.94      838.73    12.829    901.94    1494.01   17          0.16        
7     eil76       818.94      840.78    12.447    892.94    1345.00   17          0.16        
8     eil76       818.94      838.86    12.763    906.88    1579.79   15          0.17        
9     eil76       818.94      834.28    13.209    908.88    1420.38   13          0.19        
0     eil101      950.74      973.34    16.279    1061.78   1891.33   43          0.33        
1     eil101      950.74      980.44    15.619    1061.78   1812.45   28          0.26        
2     eil101      950.74      980.31    16.715    1050.71   1913.83   27          0.32        
3     eil101      950.74      972.18    16.613    1030.99   1780.65   29          0.33        
4     eil101      950.74      969.33    16.302    1061.78   1674.05   38          0.35        
5     eil101      950.74      974.88    16.077    1046.46   1679.21   30          0.32        
6     eil101      950.74      979.05    16.236    1049.74   1827.79   35          0.33        
7     eil101      950.74      968.66    16.179    1036.94   1682.15   28          0.24        
8     eil101      950.74      979.95    16.071    1048.70   1936.50   29          0.26        
9     eil101      950.74      975.89    16.343    1058.46   1646.67   39          0.28        
seed  ins         mejor       pob       time      mejor_i   pob_i     mejor_iter  t_pob       
