0     gr17        2760.00     2768.72   5.395     3056.00   4083.46   10          0.01        
1     gr17        2760.00     2835.29   5.231     3028.00   3808.00   5           0.01        
2     gr17        2858.00     2858.00   5.169     3000.00   3903.89   10          0.01        
3     gr17        2760.00     2775.88   5.225     3035.00   3844.52   5           0.01        
4     gr17        3000.00     3024.63   5.388     3000.00   3947.71   0           0.01        
5     gr17        3000.00     3036.75   5.319     3035.00   3717.88   1           0.01        
6     gr17        2760.00     2760.00   5.240     3000.00   3670.30   11          0.01        
7     gr17        2760.00     2776.99   5.230     3000.00   3780.53   6           0.01        
8     gr17        2760.00     2782.88   5.245     3060.00   3996.79   8           0.01        
9     gr17        2760.00     2784.30   5.220     2995.00   3795.21   3           0.01        
0     gr21        8286.00     8389.82   5.338     9576.00   11415.65  307         0.01        
1     gr21        7788.00     7819.22   6.120     9628.00   11464.41  22          0.01        
2     gr21        8371.00     8445.30   6.328     9067.00   11433.54  9           0.01        
3     gr21        8371.00     8442.20   6.183     9532.00   11686.08  13          0.01        
4     gr21        7788.00     7936.06   6.292     9628.00   11318.06  22          0.01        
5     gr21        8127.00     8180.68   6.188     9336.00   11330.50  16          0.01        
6     gr21        8054.00     8124.85   6.278     9210.00   11297.19  23          0.01        
7     gr21        7788.00     7812.06   6.235     9628.00   11265.65  27          0.01        
8     gr21        8371.00     8792.16   6.206     9609.00   11415.48  16          0.01        
9     gr21        7788.00     7788.00   6.177     9628.00   11361.01  23          0.01        
0     gr24        1867.00     1889.83   7.102     1937.00   2575.54   2           0.02        
1     gr24        1867.00     1867.86   6.916     1917.00   2433.87   4           0.02        
2     gr24        1867.00     1915.81   6.988     1953.00   2615.55   3           0.01        
3     gr24        1867.00     1900.19   7.027     1949.00   2631.00   1           0.02        
4     gr24        1867.00     1890.06   7.032     1903.00   2505.69   4           0.02        
5     gr24        1867.00     1892.90   7.018     1951.00   2454.68   4           0.02        
6     gr24        1867.00     1890.76   6.909     1941.00   2663.60   3           0.02        
7     gr24        1867.00     1889.98   6.972     1879.00   2471.13   1           0.02        
8     gr24        1867.00     1887.82   7.106     1867.00   2627.98   0           0.02        
9     gr24        1867.00     1885.16   6.960     1885.00   2529.23   2           0.02        
0     fri26       1302.00     1326.87   7.552     1314.00   1844.31   1           0.02        
1     fri26       1302.00     1313.26   7.512     1312.00   1863.85   2           0.02        
2     fri26       1302.00     1313.87   7.668     1339.00   1866.94   2           0.02        
3     fri26       1302.00     1313.30   7.511     1307.00   1792.67   2           0.02        
4     fri26       1302.00     1327.25   7.628     1302.00   1816.24   0           0.02        
5     fri26       1302.00     1316.13   7.475     1325.00   1686.11   1           0.02        
6     fri26       1302.00     1323.40   7.508     1312.00   1898.00   1           0.02        
7     fri26       1302.00     1317.90   7.506     1307.00   1775.14   1           0.02        
8     fri26       1302.00     1314.04   7.675     1307.00   1871.52   2           0.02        
9     fri26       1302.00     1321.03   7.821     1338.00   1924.96   2           0.02        
0     bays29      2991.00     3036.08   8.495     3090.00   4302.05   7           0.03        
1     bays29      2991.00     3081.13   8.539     3129.00   4696.26   5           0.03        
2     bays29      2991.00     3039.24   8.569     3132.00   4412.00   6           0.02        
3     bays29      2991.00     3058.31   8.620     3128.00   4427.10   4           0.02        
4     bays29      2991.00     3037.45   8.566     3115.00   4326.91   7           0.02        
5     bays29      2991.00     3082.07   8.435     3142.00   4418.68   6           0.02        
6     bays29      2991.00     3064.91   8.551     3128.00   4328.35   3           0.02        
7     bays29      2991.00     3102.37   8.717     3100.00   4234.54   3           0.02        
8     bays29      2991.00     3037.06   8.885     3184.00   4307.39   6           0.03        
9     bays29      2991.00     3043.32   8.891     3128.00   4222.57   6           0.03        
0     gr48        7594.00     7734.74   16.397    8291.00   12164.25  15          0.07        
1     gr48        7594.00     7602.24   15.650    8234.00   12814.88  14          0.07        
2     gr48        7594.00     7782.59   14.917    8320.00   13117.43  10          0.06        
3     gr48        7594.00     7695.86   15.890    8197.00   13381.07  17          0.08        
4     gr48        7594.00     7767.30   15.514    8295.00   13336.58  17          0.08        
5     gr48        7594.00     7717.48   15.143    8132.00   11957.47  14          0.07        
6     gr48        7594.00     7720.79   15.952    8340.00   11072.71  13          0.07        
7     gr48        7594.00     7637.22   15.595    8216.00   12342.37  13          0.07        
8     gr48        7594.00     7764.97   15.089    8252.00   12583.47  13          0.07        
9     gr48        7594.00     7622.06   15.550    8307.00   12999.49  12          0.07        
0     eil51       639.78      648.17    10.934    697.38    986.52    13          0.07        
1     eil51       639.78      648.63    10.740    680.57    1021.64   9           0.07        
2     eil51       639.78      644.94    10.723    693.60    1045.40   13          0.08        
3     eil51       639.78      652.69    10.401    693.38    1073.44   13          0.08        
4     eil51       639.78      652.45    10.853    695.29    1038.18   12          0.09        
5     eil51       639.78      646.28    10.999    687.78    1076.31   9           0.08        
6     eil51       639.78      646.29    10.589    685.57    1040.66   13          0.08        
7     eil51       639.78      645.32    10.699    689.38    972.56    15          0.08        
8     eil51       639.78      655.14    10.412    693.38    1089.42   11          0.07        
9     eil51       639.78      648.49    10.881    695.38    1042.82   11          0.08        
0     berlin52    11249.13    11273.94  12.182    12642.90  17281.63  16          0.08        
1     berlin52    11259.14    11323.83  13.205    12414.14  18926.68  14          0.07        
2     berlin52    11259.14    11615.02  12.733    12133.14  18942.99  12          0.08        
3     berlin52    11259.14    11451.01  12.775    12640.44  18501.70  11          0.08        
4     berlin52    11259.14    11491.35  13.039    12267.90  17676.17  11          0.07        
5     berlin52    11259.14    11432.41  13.050    12169.14  18765.39  10          0.07        
6     berlin52    11259.14    11462.15  13.138    12643.87  18745.80  14          0.07        
7     berlin52    11259.14    11370.87  12.779    12314.14  17469.76  9           0.08        
8     berlin52    11259.14    11553.90  12.919    12791.14  18569.28  13          0.08        
9     berlin52    11259.14    11532.36  13.359    12201.14  19022.12  13          0.08        
0     eil76       818.94      832.62    16.406    885.94    1460.47   16          0.16        
1     eil76       818.94      838.99    16.016    889.28    1445.29   13          0.16        
2     eil76       818.94      828.66    16.702    905.94    1432.72   14          0.14        
3     eil76       818.94      822.90    16.381    895.83    1575.16   11          0.17        
4     eil76       818.94      836.96    16.099    888.88    1415.90   12          0.17        
5     eil76       818.94      844.33    16.318    872.61    1410.81   13          0.16        
6     eil76       818.94      828.08    17.209    901.94    1494.01   11          0.18        
7     eil76       818.94      842.78    16.869    892.94    1345.00   13          0.17        
8     eil76       818.94      835.81    16.377    906.88    1579.79   9           0.18        
9     eil76       818.94      828.93    17.126    908.88    1420.38   12          0.19        
0     eil101      950.74      972.91    20.777    1061.78   1891.33   26          0.31        
1     eil101      950.74      972.93    20.445    1061.78   1812.45   23          0.25        
2     eil101      950.74      964.93    21.586    1050.71   1913.83   21          0.36        
3     eil101      950.74      970.60    20.517    1030.99   1780.65   22          0.31        
4     eil101      950.74      972.29    21.669    1061.78   1674.05   32          0.31        
5     eil101      950.74      955.10    21.171    1046.46   1679.21   20          0.36        
6     eil101      950.74      961.34    21.360    1049.74   1827.79   25          0.35        
7     eil101      950.74      973.80    21.403    1036.94   1682.15   20          0.27        
8     eil101      950.74      964.28    21.235    1048.70   1936.50   24          0.29        
9     eil101      950.74      966.82    21.053    1058.46   1646.67   33          0.31        
seed  ins         mejor       pob       time      mejor_i   pob_i     mejor_iter  t_pob       
