1 14514.0 14727.1 401.42 15963.0 71426.46 105.3 76.29 106.0
2 15098.0 15197.4 403.03 16565.0 72333.39 121.4 79.09 121.5
3 13616.0 13757.1 401.73 15098.0 62636.83 132.6 62.57 132.7
4 13952.0 14171.9 402.09 15602.0 63276.78 132.4 69.15 132.9
5 14505.0 14588.8 401.59 15967.0 70113.71 116.6 73.43 116.9
6 14924.0 15031.7 403.39 16296.0 69342.66 103.0 80.75 103.6
7 14087.0 14252.1 402.34 15615.0 67778.61 120.7 72.89 121.0
8 14329.0 14377.5 402.47 15850.0 65418.46 128.1 61.54 128.3
9 14702.0 14871.2 401.93 16010.0 70902.83 110.7 75.16 111.0
10 14063.0 14160.5 402.13 15678.0 66461.55 135.9 68.25 136.2
11 13464.0 13540.8 402.41 15132.0 60469.99 149.3 60.88 149.7
12 14041.0 14215.9 402.46 15559.0 68761.57 118.9 75.48 119.3
13 13456.0 13589.9 401.7 14997.0 58572.39 151.2 60.98 152.0
14 14750.0 14821.7 402.59 16144.0 64448.57 106.3 82.23 106.6
15 14041.0 14135.4 401.56 15709.0 62989.83 143.6 62.73 144.0
16 13543.0 13645.5 400.94 15256.0 58930.1 157.7 59.9 158.2
17 13607.0 13670.9 401.3 15279.0 64236.94 153.4 59.02 153.7
18 14292.0 14414.0 402.0 15809.0 63247.99 121.3 69.29 121.8
19 14705.0 14891.0 401.98 16164.0 69513.87 102.9 79.57 103.1
20 14799.0 14931.2 402.76 16220.0 68472.55 112.6 79.02 112.6
21 13963.0 14065.1 402.32 15440.0 65174.01 124.9 71.38 125.0
22 14430.0 14621.6 402.45 16086.0 65860.26 124.8 69.59 125.2
23 13665.0 13786.7 401.51 15396.0 63870.14 142.8 61.81 143.4
24 14582.0 14749.3 403.07 16185.0 62228.46 122.0 73.41 122.2
25 14960.0 15133.0 402.6 16380.0 68551.23 107.2 77.2 107.6
26 14621.0 14826.7 402.95 16157.0 72021.65 109.7 76.65 110.0
27 13496.0 13674.6 401.7 15260.0 58924.72 154.1 58.49 154.5
28 13981.0 14165.7 402.38 15643.0 64958.87 143.9 61.96 144.2
29 13787.0 13938.5 402.47 15437.0 64689.09 141.2 61.82 141.4
30 13947.0 14040.5 401.12 15672.0 65602.34 147.6 65.32 148.0
31 13968.0 14115.6 402.2 15658.0 64961.08 139.4 66.57 140.2
32 14160.0 14297.6 403.1 15734.0 64343.08 119.7 74.5 120.1
33 14335.0 14484.2 402.35 15767.0 67577.86 109.5 76.12 109.8
34 14989.0 15127.9 402.66 16398.0 67396.95 104.1 82.51 104.3
35 13060.0 13178.8 401.54 14654.0 64983.82 151.9 58.94 152.5
36 14113.0 14354.8 402.08 15965.0 64596.62 140.9 68.72 141.2
37 14207.0 14388.7 401.31 15652.0 65889.03 115.3 75.98 115.8
38 14288.0 14415.0 402.65 15690.0 70450.04 107.9 80.49 108.4
39 15006.0 15157.9 401.72 16338.0 72043.88 105.7 82.74 105.9
40 14491.0 14604.1 402.48 16021.0 73584.88 109.5 80.22 109.8
41 14004.0 14148.0 402.49 15597.0 67726.79 116.6 70.66 116.9
42 14513.0 14664.0 403.66 16068.0 69658.76 116.5 75.76 117.0
43 14149.0 14268.1 401.31 15813.0 64141.66 139.2 62.98 139.4
44 13188.0 13334.0 401.79 14926.0 59720.94 149.8 59.33 150.4
45 13542.0 13627.4 401.57 15088.0 60350.19 150.9 64.65 151.4
46 14516.0 14658.7 403.05 15976.0 66580.85 114.6 78.26 115.1
47 15342.0 15565.5 403.47 16837.0 74355.33 104.8 76.08 104.9
48 14759.0 14925.1 402.71 16279.0 73690.91 105.3 86.08 105.4
49 14899.0 15108.6 402.33 16435.0 67052.57 105.0 81.14 105.1
50 14559.0 14668.5 402.59 16027.0 75693.84 108.9 74.76 109.1
51 14714.0 14821.9 402.03 16190.0 70508.19 104.8 81.31 105.3
52 14483.0 14603.1 402.28 15968.0 69018.92 107.0 79.54 107.4
53 14604.0 14725.1 402.13 16030.0 69150.01 109.6 77.9 109.9
54 14402.0 14475.4 402.89 15936.0 63686.54 119.4 70.57 119.5
55 14269.0 14419.5 402.11 15726.0 63858.82 119.8 72.73 120.0
56 14252.0 14410.5 401.83 15920.0 68327.38 128.1 68.2 128.3
57 14170.0 14335.3 401.24 15893.0 63249.67 125.1 68.47 125.5
58 14986.0 15085.3 402.92 16544.0 73448.96 111.9 78.21 112.3
59 13944.0 14136.3 401.84 15668.0 64758.1 139.8 61.79 140.4
60 14159.0 14349.6 402.4 15763.0 67626.48 124.1 70.9 124.2
61 13969.0 14004.0 402.18 15565.0 64395.81 137.6 63.29 137.9
62 14002.0 14134.1 401.16 15681.0 61898.52 141.8 57.45 142.3
63 14527.0 14621.8 401.47 15881.0 69824.21 111.0 76.92 111.1
64 13294.0 13537.6 401.15 15132.0 59135.1 149.5 62.07 150.6
65 14121.0 14232.6 401.14 15762.0 61253.86 130.4 71.6 130.7
66 15153.0 15274.9 402.23 16601.0 76510.15 105.9 76.62 106.1
67 14154.0 14281.3 402.7 15662.0 69209.95 128.5 70.06 129.0
68 13565.0 13712.0 402.07 15292.0 67423.23 148.9 66.62 149.2
69 14166.0 14366.1 402.86 15776.0 68086.64 121.8 69.79 121.9
70 14322.0 14385.6 401.87 15773.0 69183.09 113.8 78.02 114.3
71 13882.0 13982.2 401.23 15487.0 66456.5 135.0 63.52 135.4
72 14495.0 14570.4 401.86 15916.0 68318.76 116.9 74.22 117.3
73 14687.0 14844.0 401.95 16348.0 67900.73 125.6 67.78 126.0
74 14812.0 14933.3 402.56 16338.0 73163.24 116.2 73.95 116.3
75 14024.0 14192.9 403.27 15611.0 62242.07 125.4 68.36 125.7
76 14658.0 14767.5 401.96 16125.0 70941.27 111.1 80.15 111.4
77 13586.0 13690.0 401.16 15254.0 60462.93 150.1 61.26 150.4
78 14953.0 15000.9 401.78 16283.0 70366.68 104.5 83.25 104.8
79 14026.0 14259.6 401.24 15674.0 66366.56 128.3 67.91 128.8
80 13938.0 14102.1 402.35 15510.0 65196.62 128.5 68.73 128.8
81 13393.0 13520.6 401.27 15153.0 60743.62 151.3 64.23 151.6
82 14487.0 14638.3 402.1 16039.0 71486.85 108.6 80.45 108.9
83 13507.0 13629.3 401.48 15128.0 62087.86 145.4 61.03 145.7
84 14185.0 14336.7 401.99 15715.0 67237.33 115.5 72.06 115.9
85 13550.0 13678.6 402.01 15035.0 63666.69 146.9 63.03 147.2
86 15055.0 15191.9 402.44 16381.0 65964.73 105.3 85.02 105.8
87 13416.0 13546.2 401.74 15029.0 66426.7 145.5 59.55 145.8
88 13814.0 13991.0 401.58 15557.0 63159.29 139.1 61.86 139.3
89 13872.0 14040.8 401.59 15339.0 63226.65 135.4 64.25 135.9
90 14538.0 14673.8 402.34 16204.0 65203.41 122.8 72.87 123.4
91 14701.0 14783.5 403.32 16189.0 69196.23 110.1 79.59 110.2
92 14117.0 14244.7 401.8 15643.0 58749.68 123.3 70.94 123.5
93 14235.0 14306.7 401.32 15713.0 63218.13 132.1 63.6 132.6
94 14320.0 14466.9 402.01 15871.0 70092.23 119.3 72.76 119.5
95 14344.0 14499.5 402.0 16041.0 68007.51 128.3 68.77 128.6
96 13788.0 13897.6 402.11 15516.0 59107.59 157.1 60.39 157.5
97 13560.0 13707.0 401.18 15212.0 66358.31 143.7 59.7 144.0
98 13939.0 14037.0 401.02 15585.0 58651.32 146.7 56.3 147.3
99 15595.0 15717.89 401.12 17218.0 79751.68 120.44 71.54 120.89
100 13453.0 13598.7 400.9 15216.0 69191.12 175.3 53.24 175.4
