1 3138,0 3138,0 150,59 3650,0 11036,44 178,0 8,11 325,1
2 3370,0 3370,0 150,39 3925,0 11457,88 183,6 7,26 370,3
3 3370,0 3370,0 150,39 3914,0 12411,82 199,6 11,36 291,7
4 3370,0 3370,0 150,39 3942,0 11520,38 183,1 9,44 324,8
5 3550,0 3561,9 150,49 4173,0 12927,96 236,1 11,91 242,0
6 3179,0 3179,0 150,24 3682,0 10680,83 160,9 7,64 351,9
7 3430,0 3430,5 150,42 3996,0 12015,83 225,5 11,05 264,5
8 3479,0 3497,9 150,53 4096,0 12502,25 233,8 13,69 235,8
9 3245,0 3245,0 150,43 3808,0 11962,47 193,2 8,91 339,0
10 3439,0 3439,0 150,57 4019,0 12767,97 220,9 11,64 261,5
11 3283,0 3283,0 150,37 3775,0 11305,04 169,0 10,04 323,0
12 3392,0 3392,0 150,33 3956,0 11501,35 179,1 9,16 328,5
13 3422,0 3422,0 150,32 3994,0 13126,41 224,7 12,54 240,2
14 3362,0 3362,0 150,39 3932,0 11922,78 180,4 9,49 308,4
15 3368,0 3368,0 150,45 3936,0 11755,83 208,0 10,24 278,3
16 3585,0 3585,0 150,47 4185,0 13191,29 216,2 12,92 250,1
17 3456,0 3456,5 150,47 4034,0 12337,99 197,1 11,18 282,4
18 3502,0 3502,2 150,66 4060,0 12291,9 180,9 11,28 274,1
19 3394,0 3394,0 150,2 3906,0 12007,84 160,4 9,11 316,0
20 3376,0 3376,0 150,37 3930,0 11979,8 200,5 9,99 304,1
21 3481,0 3481,0 150,61 4081,0 12821,03 188,5 10,67 284,1
22 3581,0 3583,9 150,5 4208,0 13515,18 220,5 12,09 244,3
23 3286,0 3286,0 150,27 3834,0 10832,06 180,7 7,41 364,6
24 3352,0 3352,0 150,52 3940,0 12007,06 209,4 11,6 259,2
25 3552,0 3552,0 150,7 4132,0 13215,07 209,3 12,71 236,0
26 3367,0 3367,0 150,26 3917,0 11890,46 188,8 9,25 321,5
27 3458,0 3458,0 150,87 4029,0 12683,37 196,5 10,82 282,8
28 3391,0 3391,0 150,6 3944,0 11395,75 184,2 10,49 294,1
29 3207,0 3207,0 150,31 3748,0 10939,28 191,6 7,89 356,4
30 3138,0 3138,7 150,21 3669,0 11521,68 175,7 9,1 321,1
31 3189,0 3189,0 150,32 3713,0 10487,24 174,7 7,82 369,6
32 3466,0 3466,7 150,29 4039,0 12218,9 185,0 11,28 269,2
33 3548,0 3548,4 150,42 4123,0 13011,9 177,1 12,21 246,2
34 3377,0 3377,0 150,44 3956,0 11377,21 196,7 11,06 297,8
35 3389,0 3389,0 150,41 3952,0 11963,06 188,4 10,5 282,1
36 3389,0 3389,0 150,25 3914,0 11802,3 173,1 9,07 341,3
37 3567,0 3567,0 150,89 4145,0 12709,4 190,9 13,45 230,4
38 3521,0 3521,0 150,61 4106,0 13155,4 180,3 11,35 273,7
39 3313,0 3313,0 150,48 3886,0 12355,12 185,7 10,85 277,1
40 3173,0 3173,0 150,3 3712,0 10758,11 175,9 7,9 354,9
41 3345,0 3345,0 150,42 3886,0 12164,19 179,5 10,11 282,0
42 3386,0 3387,5 150,29 3915,0 11772,22 194,7 11,51 269,7
43 3306,0 3306,0 150,72 3898,0 12064,79 205,8 9,99 305,4
44 3496,0 3496,0 150,62 4092,0 12256,23 196,9 10,96 270,5
45 3471,0 3471,0 150,4 4007,0 12619,47 194,0 9,9 296,4
46 3285,0 3286,1 150,21 3826,0 12090,73 176,5 7,83 349,0
47 3219,0 3219,0 150,4 3693,0 11359,03 189,9 9,06 325,2
48 3478,0 3478,0 150,48 4049,0 12161,24 202,8 10,45 290,3
49 3487,0 3487,0 150,6 4073,0 12358,79 177,2 10,09 286,6
50 3464,0 3464,0 150,54 4061,0 11813,05 202,5 11,59 274,4
51 3271,0 3271,0 150,27 3805,0 11039,24 172,1 7,78 366,0
52 3227,0 3227,0 150,64 3707,0 11675,16 183,3 9,97 285,6
53 3410,0 3410,0 150,33 3972,0 11509,08 177,7 9,78 326,2
54 3263,0 3263,1 150,31 3813,0 11437,41 210,4 9,74 309,7
55 3600,0 3600,5 150,47 4240,0 12930,14 223,8 11,95 258,4
56 3580,0 3580,0 150,35 4201,0 12415,79 212,9 11,57 270,4
57 3591,0 3593,3 150,37 4162,0 12705,18 208,3 13,3 237,5
58 3518,0 3518,0 150,47 4079,0 12201,24 211,8 12,99 248,1
59 3194,0 3194,2 150,34 3754,0 11434,3 192,2 8,67 345,4
60 3295,0 3295,0 150,3 3825,0 11650,21 186,7 9,21 319,4
61 3310,0 3310,0 150,47 3853,0 11420,5 201,0 9,91 302,4
62 3511,0 3512,4 150,45 4130,0 12334,53 197,1 10,14 301,2
63 3450,0 3450,0 150,52 4015,0 13043,17 190,8 12,62 244,9
64 3373,0 3373,0 150,53 3960,0 11332,69 181,3 9,9 301,1
65 3586,0 3586,2 150,54 4199,0 13315,27 198,1 13,25 228,9
66 3515,0 3515,0 150,8 4119,0 12094,33 196,7 12,05 277,2
67 3326,0 3326,0 150,43 3874,0 11258,04 175,9 8,29 342,9
68 3234,0 3234,0 150,31 3770,0 10878,14 191,7 10,1 301,3
69 3509,0 3509,0 150,5 4134,0 12932,06 213,1 10,93 276,2
70 3414,0 3414,3 150,65 4013,0 12392,68 213,8 11,13 265,3
71 3472,0 3472,5 150,44 4050,0 11828,89 201,8 10,0 302,6
72 3517,0 3517,1 150,46 4074,0 13044,12 202,1 12,08 244,8
73 3304,0 3304,0 150,35 3875,0 11500,87 214,6 10,02 307,9
74 3178,0 3178,0 150,24 3664,0 11374,69 166,0 7,75 351,3
75 3303,0 3303,0 150,3 3819,0 12590,9 173,2 9,21 334,1
76 3511,0 3511,0 150,48 4098,0 12790,07 205,7 11,06 266,5
77 3359,0 3359,0 150,25 3920,0 12381,96 204,4 10,99 270,7
78 3338,0 3338,0 150,34 3881,0 11215,25 175,7 7,36 357,2
79 3538,0 3538,8 150,51 4156,0 13089,12 200,8 13,76 231,1
80 3430,0 3430,0 150,52 3992,0 11331,74 183,7 10,08 301,9
81 3323,0 3323,0 150,21 3860,0 10951,3 175,2 7,49 367,8
82 3367,0 3367,0 150,33 3877,0 11837,25 159,8 9,98 307,5
83 3308,0 3308,0 150,42 3865,0 12270,98 167,9 9,29 319,0
84 3431,0 3431,0 150,7 4003,0 12271,21 218,7 10,39 294,5
85 3397,0 3397,5 150,33 3945,0 11750,86 191,7 10,21 278,3
86 3450,0 3450,0 150,31 4039,0 11478,67 218,3 9,38 327,7
87 3427,0 3427,0 150,38 4015,0 11790,04 213,2 12,23 245,3
88 3276,0 3276,0 150,5 3802,0 11026,17 184,4 9,53 329,7
89 3309,0 3309,1 150,47 3822,0 10814,39 146,0 8,55 345,3
90 3719,0 3720,1 150,65 4371,0 14011,38 212,7 12,97 236,2
91 3340,0 3340,0 150,18 3888,0 11566,6 168,4 8,62 344,0
92 3444,0 3444,0 150,57 4040,0 11918,13 190,4 11,29 275,0
93 3205,0 3205,6 150,47 3713,0 12144,64 178,3 9,35 333,5
94 3344,0 3344,0 150,2 3884,0 11376,55 169,4 7,98 363,6
95 3510,0 3510,0 150,42 4125,0 12509,53 215,7 12,22 254,0
96 3378,0 3378,0 150,29 3921,0 11413,44 177,3 8,82 322,3
97 3523,0 3523,0 150,49 4130,0 12915,51 199,33 11,26 271,56
98 3185,0 3185,0 150,28 3693,0 11377,02 210,1 8,26 357,9
99 3644,0 3644,7 150,25 4244,0 12180,68 223,4 10,69 296,5
100 3395,0 3395,0 150,21 3945,0 12962,93 209,2 10,99 280,1
