1 308,0 308,0 20,01 333,0 525,96 17,5 0,06 1049,2
2 277,0 277,0 20,01 291,0 477,67 9,9 0,07 1134,7
3 285,0 285,0 20,01 303,0 496,77 9,2 0,06 1011,5
4 288,0 288,0 20,01 310,0 518,2 10,3 0,07 1017,6
5 282,0 282,9 20,01 306,0 509,97 40,2 0,07 984,2
6 305,0 305,0 20,01 317,0 500,65 11,3 0,05 1216,4
7 288,0 288,0 20,01 305,0 519,49 8,5 0,06 1027,6
8 256,0 256,0 20,01 264,0 451,45 5,4 0,07 1084,9
9 277,0 277,0 20,01 286,0 466,87 7,6 0,06 1198,7
10 316,0 316,0 20,01 337,0 553,73 12,9 0,06 1036,7
11 304,0 304,0 20,03 325,0 531,28 14,5 0,07 1005,3
12 286,0 286,0 20,02 309,0 482,83 19,0 0,07 1027,2
13 266,0 266,0 20,03 281,0 483,84 13,6 0,09 933,5
14 269,0 269,0 20,03 278,0 477,62 9,0 0,05 1146,7
15 275,0 275,0 20,02 289,0 490,93 10,3 0,05 1140,1
16 295,0 295,0 20,02 318,0 533,9 17,9 0,08 932,1
17 262,0 262,0 20,02 284,0 465,28 21,9 0,06 1049,0
18 253,0 253,0 20,02 273,0 439,25 12,9 0,05 1142,4
19 244,0 244,0 20,02 265,0 442,61 14,5 0,05 1161,1
20 286,0 286,0 20,03 308,0 504,12 15,1 0,06 1052,7
21 292,0 292,0 20,01 306,0 517,88 11,4 0,06 1095,4
22 237,0 237,0 20,01 250,0 404,94 8,6 0,04 1205,0
23 276,0 276,0 20,02 286,0 454,92 6,5 0,04 1202,0
24 294,0 294,0 20,03 302,0 530,81 7,5 0,07 970,9
25 238,0 238,0 20,02 248,0 417,52 9,4 0,06 1141,3
26 295,0 295,0 20,01 315,0 493,81 11,0 0,04 1178,4
27 302,0 302,0 20,03 317,0 565,11 10,2 0,08 915,0
28 288,0 288,0 20,03 317,0 519,51 16,5 0,07 1041,5
29 298,0 298,0 20,04 322,0 548,62 11,8 0,07 984,7
30 299,0 299,0 20,01 331,0 527,46 20,8 0,07 988,1
31 265,0 265,0 20,02 285,0 460,8 21,9 0,06 1114,0
32 329,0 329,0 20,02 335,0 510,85 8,1 0,05 1159,1
33 309,0 309,0 20,03 335,0 550,65 19,2 0,09 954,9
34 312,0 312,0 20,02 334,0 567,2 13,5 0,07 950,1
35 285,0 285,0 20,02 306,0 511,67 18,3 0,06 1009,3
36 265,0 265,0 20,02 281,0 461,33 9,4 0,06 1020,4
37 276,0 276,0 20,03 294,0 500,16 17,2 0,07 1038,9
38 249,0 249,0 20,02 263,0 421,1 7,9 0,05 1217,4
39 277,0 277,0 20,01 306,0 491,28 12,9 0,05 1140,0
40 261,0 261,0 20,05 279,0 470,56 19,7 0,08 954,8
41 289,0 289,0 20,03 305,0 469,27 12,3 0,05 1141,5
42 297,0 297,0 20,03 321,0 517,62 11,1 0,08 1073,5
43 297,0 297,0 20,02 318,0 552,83 13,6 0,08 938,7
44 270,0 270,0 20,02 281,0 491,92 7,5 0,06 1115,3
45 322,0 322,0 20,04 345,0 572,65 14,2 0,09 923,3
46 243,0 243,0 20,03 250,0 438,66 10,1 0,06 1173,3
47 323,0 323,0 20,02 345,0 534,86 14,7 0,08 999,5
48 303,0 303,0 20,02 329,0 547,32 13,6 0,07 976,7
49 268,0 268,0 20,02 288,0 479,24 13,0 0,06 1080,8
50 295,0 295,0 20,05 319,0 500,25 16,0 0,06 1079,0
51 280,0 280,0 20,01 306,0 496,38 18,5 0,07 1058,2
52 344,0 344,0 20,03 360,0 591,65 11,6 0,07 947,1
53 282,0 282,0 20,03 307,0 529,94 17,4 0,06 954,4
54 272,0 272,0 20,04 291,0 445,05 10,6 0,05 1197,9
55 304,0 304,0 20,01 316,0 493,62 16,2 0,05 1203,4
56 288,0 288,0 20,01 305,0 497,94 11,9 0,05 1179,2
57 259,0 259,0 20,01 277,0 484,05 13,0 0,06 1013,7
58 336,0 336,0 20,01 359,0 576,1 14,7 0,06 1070,7
59 284,0 284,0 20,01 294,0 483,06 7,9 0,06 1011,4
60 256,0 256,0 20,01 265,0 473,9 14,8 0,06 1045,8
61 308,0 308,0 20,01 333,0 528,77 16,9 0,06 1044,5
62 300,0 300,0 20,01 316,0 528,87 14,8 0,07 993,1
63 279,0 279,0 20,01 298,0 496,79 11,3 0,06 992,5
64 290,0 290,0 20,02 308,0 495,63 9,9 0,06 1028,8
65 277,0 277,0 20,02 297,0 473,67 13,9 0,08 1083,4
66 290,0 290,0 20,03 305,0 522,69 16,0 0,1 948,7
67 325,0 330,6 20,01 353,0 575,34 69,3 0,07 901,9
68 298,0 298,0 20,01 314,0 528,42 15,5 0,09 947,8
69 307,0 307,0 20,04 323,0 557,02 13,5 0,07 947,8
70 277,0 277,0 20,02 286,0 470,86 9,4 0,05 1076,1
71 298,0 298,8 20,02 319,0 523,12 125,5 0,07 1043,5
72 257,0 261,3 20,01 268,0 438,34 99,0 0,06 1093,0
73 277,0 277,0 20,02 294,0 452,45 10,0 0,05 1135,3
74 274,0 280,3 20,02 294,0 526,54 15,4 0,07 957,0
75 219,0 219,0 20,02 235,0 405,25 9,4 0,04 1135,4
76 296,0 296,0 20,02 320,0 508,78 11,1 0,06 1074,8
77 288,0 288,0 20,03 293,0 480,29 7,5 0,05 1153,8
78 257,0 257,0 20,02 275,0 476,69 14,1 0,07 946,1
79 281,0 281,0 20,02 303,0 482,88 13,4 0,06 1004,6
80 279,0 279,0 20,02 291,0 494,2 10,6 0,05 1087,5
81 270,0 270,0 20,01 278,0 452,43 7,5 0,05 1133,5
82 347,0 347,0 20,03 368,0 611,92 16,2 0,07 926,1
83 265,0 265,0 20,02 278,0 503,24 9,5 0,06 1001,6
84 272,0 272,0 20,02 287,0 459,0 13,6 0,05 1127,8
85 304,0 304,0 20,02 321,0 513,23 15,3 0,05 1131,6
86 336,0 336,0 20,02 359,0 571,26 9,2 0,06 1022,5
87 267,0 267,0 20,01 279,0 466,81 8,1 0,07 1060,9
88 305,0 305,0 20,02 322,0 510,98 13,1 0,07 1027,8
89 289,0 289,0 20,01 300,0 495,85 10,4 0,06 1017,1
90 311,0 311,0 20,02 337,0 544,37 15,6 0,06 1005,5
91 280,0 280,0 20,02 296,0 486,86 8,6 0,06 1011,1
92 298,0 298,0 20,03 318,0 514,4 10,6 0,06 1082,0
93 304,0 304,0 20,01 327,0 541,8 9,8 0,08 958,6
94 308,0 308,0 20,03 322,0 537,94 9,1 0,06 1008,4
95 263,0 263,0 20,02 273,0 447,02 11,7 0,06 1095,1
96 267,0 267,0 20,02 291,0 488,14 16,2 0,08 927,8
97 264,0 264,0 20,01 273,0 449,38 8,1 0,06 1168,4
98 296,0 296,0 20,01 306,0 517,17 8,9 0,05 1201,3
99 273,0 273,0 20,01 284,0 511,94 17,2 0,07 1059,9
100 262,0 262,0 20,01 273,0 432,81 5,89 0,05 1256,22
