gr17 2760,0 3025,1 20,01 2995,0 3854,83 98,3 0,01 1949,6
gr21 7788,0 8792,89 20,01 9067,0 11398,76 126,6 0,01 1771,3
gr24 1824,0 1934,39 20,01 1867,0 2550,83 512,1 0,02 1541,6
fri26 1283,0 1356,57 20,01 1302,0 1833,97 48,9 0,02 1432,6
bays29 2991,0 3121,57 20,01 3090,0 4367,59 8,3 0,02 1328,8
gr48 7583,0 7942,59 20,01 8132,0 12576,97 69,1 0,07 832,3
eil51 639,78 667,78 20,01 680,57 1038,69 23,0 0,08 1158,2
berlin52 11221,71 11739,86 20,01 12133,14 18390,15 21,9 0,07 937,0
eil76 818,94 844,5 20,01 872,61 1457,95 63,7 0,16 752,6
eil101 950,74 980,78 20,02 1030,99 1784,46 42,4 0,29 602,0
